#n   age/yr      logL   logTef Mact   Mcore C/O
#(1) (2)         (3)    (4)    (5)    (6)   (7)
  1 0.000000e+00 4.2141 3.6442 4.0000 0.8775 0.257
  2 4.193920e+03 4.2271 3.6432 4.0000 0.8781 0.513
  3 1.099810e+04 4.2449 3.6412 4.0000 0.8785 1.002
  4 1.829970e+04 4.2610 3.6383 4.0000 0.8786 1.548
  5 2.572100e+04 4.2755 3.6353 4.0000 0.8787 2.110
  6 3.319710e+04 4.2885 3.6324 4.0000 0.8787 2.679
  7 4.071390e+04 4.3001 3.6295 4.0000 0.8787 3.250
  8 4.826630e+04 4.3105 3.6266 4.0000 0.8788 3.819
  9 5.585030e+04 4.3198 3.6238 4.0000 0.8788 4.384
 10 6.346290e+04 4.3282 3.6209 4.0000 0.8788 4.944
 11 7.110100e+04 4.3357 3.6182 3.9999 0.8788 5.494
 12 7.876210e+04 4.3425 3.6158 3.9999 0.8789 6.035
 13 8.644370e+04 4.3487 3.6134 3.9998 0.8789 6.564
 14 9.414390e+04 4.3543 3.6106 3.9997 0.8789 7.081
 15 1.018610e+05 4.3594 3.6085 3.9995 0.8789 7.590
 16 1.095930e+05 4.3641 3.6063 3.9993 0.8789 8.083
 17 1.173380e+05 4.3685 3.6038 3.9990 0.8789 8.551
 18 1.250970e+05 4.3726 3.6015 3.9986 0.8789 8.976
 19 1.328670e+05 4.3765 3.5987 3.9982 0.8790 9.329
 20 1.406480e+05 4.3801 3.5953 3.9976 0.8790 9.576
 21 1.484390e+05 4.3835 3.5915 3.9969 0.8790 9.671
 22 1.562400e+05 4.3868 3.5868 3.9962 0.8790 9.591
 23 1.640500e+05 4.3900 3.5822 3.9954 0.8790 9.301
 24 1.718700e+05 4.3930 3.5776 3.9946 0.8790 8.758
 25 1.796980e+05 4.3960 3.5727 3.9938 0.8790 8.009
 26 1.875350e+05 4.3989 3.5683 3.9931 0.8790 7.088
 27 1.953800e+05 4.4018 3.5652 3.9926 0.8790 6.075
 28 2.032310e+05 4.4046 3.5633 3.9922 0.8790 5.020
 29 2.110900e+05 4.4074 3.5630 3.9919 0.8790 3.958
 30 2.189550e+05 4.4102 3.5637 3.9917 0.8790 2.989
 31 2.268250e+05 4.4130 3.5657 3.9916 0.8790 2.190
 32 2.347000e+05 4.4158 3.5687 3.9916 0.8790 1.614
 33 2.425800e+05 4.4186 3.5722 3.9916 0.8790 1.264
 34 2.504640e+05 4.4213 3.5754 3.9915 0.8791 1.087
 35 2.583520e+05 4.4241 3.5767 3.9915 0.8791 1.002
 36 2.662400e+05 4.4268 3.5769 3.9915 0.8791 0.963
 37 2.741310e+05 4.4295 3.5764 3.9915 0.8791 0.950
 38 2.820260e+05 4.4323 3.5756 3.9915 0.8791 0.945
 39 2.899230e+05 4.4351 3.5745 3.9915 0.8791 0.940
 40 2.978240e+05 4.4378 3.5736 3.9914 0.8791 0.940
 41 3.057280e+05 4.4406 3.5728 3.9914 0.8791 0.942
 42 3.136350e+05 4.4434 3.5719 3.9914 0.8791 0.946
 43 3.215450e+05 4.4462 3.5710 3.9914 0.8791 0.951
 44 3.294580e+05 4.4489 3.5701 3.9913 0.8791 0.957
 45 3.373740e+05 4.4518 3.5690 3.9913 0.8791 0.965
 46 3.452930e+05 4.4546 3.5678 3.9913 0.8791 0.973
 47 3.532150e+05 4.4574 3.5669 3.9912 0.8791 0.982
 48 3.611390e+05 4.4602 3.5660 3.9912 0.8791 0.991
 49 3.690670e+05 4.4631 3.5650 3.9912 0.8791 1.000
 50 3.769970e+05 4.4659 3.5636 3.9911 0.8791 1.011
 51 3.849290e+05 4.4688 3.5627 3.9911 0.8791 1.021
 52 3.928650e+05 4.4717 3.5617 3.9911 0.8791 1.032
 53 4.008030e+05 4.4745 3.5603 3.9911 0.8791 1.044
 54 4.087430e+05 4.4774 3.5593 3.9911 0.8791 1.055
 55 4.166860e+05 4.4803 3.5578 3.9910 0.8791 1.067
 56 4.246320e+05 4.4833 3.5568 3.9910 0.8791 1.079
 57 4.325800e+05 4.4862 3.5554 3.9910 0.8791 1.092
 58 4.405310e+05 4.4891 3.5543 3.9910 0.8791 1.105
 59 4.484840e+05 4.4920 3.5529 3.9909 0.8791 1.118
 60 4.564400e+05 4.4950 3.5514 3.9909 0.8791 1.131
 61 4.643990e+05 4.4979 3.5502 3.9909 0.8791 1.145
 62 4.723590e+05 4.5009 3.5489 3.9909 0.8791 1.158
 63 4.803230e+05 4.5039 3.5475 3.9908 0.8791 1.173
 64 4.882880e+05 4.5069 3.5460 3.9908 0.8791 1.187
 65 4.962570e+05 4.5099 3.5446 3.9908 0.8791 1.202
 66 5.042270e+05 4.5129 3.5431 3.9907 0.8791 1.216
 67 5.122010e+05 4.5159 3.5419 3.9907 0.8791 1.232
 68 5.201760e+05 4.5189 3.5406 3.9907 0.8792 1.247
 69 5.281550e+05 4.5219 3.5394 3.9906 0.8792 1.260
 70 5.361350e+05 4.5249 3.5381 3.9906 0.8792 1.280
 71 5.441180e+05 4.5279 3.5365 3.9905 0.8792 1.295
 72 5.521040e+05 4.5310 3.5352 3.9905 0.8792 1.312
 73 5.600920e+05 4.5340 3.5335 3.9904 0.8792 1.329
 74 5.680820e+05 4.5371 3.5322 3.9904 0.8792 1.346
 75 5.760750e+05 4.5401 3.5310 3.9903 0.8792 1.364
 76 5.840710e+05 4.5432 3.5297 3.9903 0.8792 1.382
 77 5.920690e+05 4.5463 3.5284 3.9902 0.8792 1.400
 78 6.000690e+05 4.5493 3.5272 3.9902 0.8792 1.418
 79 6.080720e+05 4.5524 3.5259 3.9901 0.8792 1.436
 80 6.160770e+05 4.5555 3.5247 3.9900 0.8792 1.455
 81 6.240850e+05 4.5586 3.5230 3.9900 0.8792 1.474
 82 6.320960e+05 4.5617 3.5219 3.9899 0.8792 1.494
 83 6.401090e+05 4.5648 3.5207 3.9898 0.8792 1.513
 84 6.481250e+05 4.5679 3.5195 3.9897 0.8792 1.533
 85 6.561430e+05 4.5710 3.5183 3.9897 0.8792 1.553
 86 6.641630e+05 4.5741 3.5171 3.9896 0.8792 1.574
 87 6.721870e+05 4.5772 3.5156 3.9895 0.8792 1.595
 88 6.802130e+05 4.5803 3.5145 3.9894 0.8792 1.615
 89 6.882410e+05 4.5834 3.5133 3.9893 0.8792 1.637
 90 6.962720e+05 4.5865 3.5122 3.9892 0.8792 1.658
 91 7.043060e+05 4.5897 3.5111 3.9891 0.8792 1.680
 92 7.123430e+05 4.5928 3.5095 3.9890 0.8792 1.703
 93 7.203820e+05 4.5959 3.5085 3.9889 0.8792 1.724
 94 7.284230e+05 4.5990 3.5074 3.9888 0.8792 1.747
 95 7.364680e+05 4.6022 3.5063 3.9886 0.8792 1.770
 96 7.445150e+05 4.6053 3.5052 3.9885 0.8792 1.793
 97 7.525650e+05 4.6085 3.5042 3.9884 0.8792 1.816
 98 7.606180e+05 4.6116 3.5031 3.9883 0.8792 1.839
 99 7.686740e+05 4.6148 3.5016 3.9881 0.8792 1.863
100 7.767320e+05 4.6179 3.5006 3.9880 0.8792 1.887
101 7.847930e+05 4.6211 3.4996 3.9878 0.8792 1.911
102 7.928580e+05 4.6242 3.4985 3.9877 0.8792 1.936
103 8.009250e+05 4.6274 3.4975 3.9875 0.8793 1.960
104 8.089950e+05 4.6305 3.4965 3.9873 0.8793 1.986
105 8.170670e+05 4.6337 3.4955 3.9872 0.8793 2.013
106 8.251430e+05 4.6368 3.4945 3.9870 0.8793 2.038
107 8.332220e+05 4.6400 3.4935 3.9868 0.8793 2.064
108 8.413040e+05 4.6431 3.4925 3.9866 0.8793 2.091
109 8.493890e+05 4.6463 3.4910 3.9864 0.8793 2.117
110 8.574770e+05 4.6495 3.4901 3.9862 0.8793 2.134
111 8.632050e+05 4.6506 3.4897 3.9859 0.8788 2.165
112 8.708110e+05 4.6543 3.4888 3.9853 0.8792 2.193
113 8.788190e+05 4.6575 3.4879 3.9839 0.8793 2.220
114 8.869080e+05 4.6601 3.4869 3.9807 0.8793 2.240
115 8.950220e+05 4.6622 3.4860 3.9736 0.8793 2.253
116 9.031580e+05 4.6630 3.4850 3.9594 0.8793 2.260
117 9.113290e+05 4.6631 3.4840 3.9415 0.8793 2.264
118 9.195470e+05 4.6628 3.4835 3.9208 0.8793 2.267
119 9.278180e+05 4.6619 3.4825 3.8968 0.8793 2.269
120 9.361520e+05 4.6607 3.4815 3.8717 0.8794 2.270
121 9.445510e+05 4.6593 3.4810 3.8451 0.8794 2.270
122 9.530200e+05 4.6574 3.4800 3.8160 0.8794 2.269
123 9.615640e+05 4.6550 3.4790 3.7845 0.8794 2.267
124 9.701880e+05 4.6525 3.4785 3.7520 0.8794 2.264
125 9.788960e+05 4.6496 3.4775 3.7182 0.8795 2.261
126 9.876910e+05 4.6465 3.4764 3.6832 0.8795 2.257
127 9.965740e+05 4.6431 3.4759 3.6468 0.8795 2.252
128 1.005550e+06 4.6394 3.4749 3.6089 0.8795 2.245
129 1.014620e+06 4.6354 3.4743 3.5696 0.8796 2.238
130 1.023790e+06 4.6309 3.4733 3.5283 0.8796 2.230
131 1.033060e+06 4.6259 3.4723 3.4847 0.8796 2.208
132 1.042440e+06 4.6202 3.4717 3.4378 0.8796 2.204
133 1.051920e+06 4.6142 3.4707 3.3893 0.8797 2.204
134 1.061530e+06 4.6077 3.4700 3.3394 0.8797 2.198
135 1.071260e+06 4.6009 3.4690 3.2878 0.8797 2.187
136 1.081100e+06 4.5936 3.4679 3.2345 0.8798 2.176
137 1.091070e+06 4.5859 3.4673 3.1796 0.8798 2.162
138 1.101170e+06 4.5778 3.4662 3.1230 0.8798 2.146
139 1.111400e+06 4.5692 3.4655 3.0648 0.8799 2.127
140 1.121760e+06 4.5600 3.4644 3.0043 0.8799 2.105
141 1.132250e+06 4.5502 3.4632 2.9416 0.8799 2.082
142 1.142870e+06 4.5400 3.4625 2.8774 0.8800 2.059
143 1.153640e+06 4.5292 3.4613 2.8106 0.8800 2.038
144 1.164540e+06 4.5177 3.4600 2.7411 0.8801 2.019
145 1.175590e+06 4.5053 3.4591 2.6682 0.8801 2.013
146 1.186780e+06 4.4918 3.4573 2.5909 0.8801 2.037
147 1.198120e+06 4.4771 3.4554 2.5077 0.8802 2.139
148 1.209630e+06 4.4606 3.4521 2.4168 0.8802 2.429
149 1.221300e+06 4.4413 3.4468 2.3119 0.8803 3.132
150 1.233150e+06 4.4163 3.4388 2.1783 0.8803 4.089
151 1.245230e+06 4.3802 3.4300 1.9842 0.8804 5.153
152 1.257620e+06 4.3322 3.4204 1.7016 0.8805 6.473
