#n   age/yr      logL   logTef grav    logTc  logrho Xc     Yc     Xc_C   Xc_O   Q_conv Q_disc L_H/L Q1_H Q2_H L_He/L Q1_He Q2_He L_C/L L_nu/L Q_Tmax phase
#(1) (2)         (3)    (4)    (5)     (6)    (7)    (8)    (9)    (10)   (11)   (12)   (13)   (14) (15)  (16) (17)   (18)  (19)  (20)  (21)   (22)   (23) 
  1 0.000000e+00 1.4947 4.1489 4.2631  8.0778 4.2418 0.0000 0.9613 0.0385 0.0002 0.000 0.923  0.167 0.832 0.953 0.840 0.000 0.098 0.000 0.000 0.000 bcheb
  2 8.252632e+06 1.4934 4.1413 4.2340  8.0839 4.2296 0.0000 0.8357 0.1568 0.0074 0.312 0.923  0.117 0.832 0.951 0.893 0.000 0.106 0.000 0.001 0.000 
  3 1.605055e+07 1.5056 4.1315 4.1826  8.0893 4.2194 0.0000 0.7384 0.2412 0.0203 0.347 0.923  0.093 0.832 0.947 0.916 0.000 0.119 0.000 0.001 0.000 
  4 2.350561e+07 1.5177 4.1221 4.1329  8.0942 4.2100 0.0000 0.6592 0.3045 0.0362 0.362 0.923  0.076 0.832 0.926 0.933 0.000 0.119 0.000 0.001 0.000 
  5 3.026949e+07 1.5314 4.1121 4.0792  8.0995 4.2026 0.0000 0.5826 0.3609 0.0564 0.357 0.923  0.063 0.833 0.923 0.945 0.000 0.124 0.000 0.001 0.000 
  6 3.560953e+07 1.5450 4.1025 4.0272  8.1041 4.2005 0.0000 0.5192 0.4041 0.0766 0.351 0.923  0.053 0.833 0.921 0.953 0.000 0.124 0.000 0.001 0.000 
  7 4.114015e+07 1.5585 4.0928 3.9749  8.1091 4.1983 0.0000 0.4594 0.4402 0.1002 0.353 0.923  0.045 0.833 0.919 0.963 0.000 0.131 0.000 0.001 0.000 
  8 4.638287e+07 1.5718 4.0833 3.9236  8.1141 4.1976 0.0000 0.4052 0.4687 0.1260 0.351 0.923  0.039 0.833 0.917 0.969 0.000 0.138 0.000 0.001 0.000 
  9 5.136025e+07 1.5853 4.0738 3.8721  8.1194 4.1986 0.0000 0.3541 0.4913 0.1545 0.348 0.923  0.034 0.833 0.915 0.974 0.000 0.138 0.000 0.001 0.000 
 10 5.607030e+07 1.5992 4.0640 3.8190  8.1252 4.2019 0.0000 0.3040 0.5088 0.1870 0.348 0.923  0.030 0.834 0.912 0.979 0.000 0.153 0.000 0.001 0.000 
 11 6.101822e+07 1.6134 4.0543 3.7660  8.1316 4.2077 0.0000 0.2558 0.5192 0.2249 0.347 0.923  0.027 0.834 0.911 0.982 0.000 0.153 0.000 0.001 0.000 
 12 6.629441e+07 1.6278 4.0447 3.7132  8.1388 4.2162 0.0000 0.2099 0.5205 0.2695 0.347 0.923  0.024 0.834 0.910 0.982 0.000 0.153 0.000 0.001 0.000 
 13 7.202214e+07 1.6431 4.0353 3.6603  8.1475 4.2294 0.0000 0.1642 0.5109 0.3248 0.345 0.923  0.022 0.834 0.909 0.978 0.000 0.168 0.000 0.002 0.000 
 14 7.865887e+07 1.6614 4.0259 3.6044  8.1603 4.2556 0.0000 0.1134 0.4828 0.4037 0.317 0.923  0.022 0.834 0.908 0.988 0.000 0.168 0.000 0.002 0.000 
 15 8.073561e+07 1.6685 4.0201 3.5741  8.1619 4.2565 0.0000 0.1106 0.4685 0.4208 0.401 0.923  0.021 0.834 0.907 1.000 0.000 0.168 0.000 0.002 0.000 tmincheb
 16 8.171500e+07 1.6680 4.0224 3.5838  8.1640 4.2603 0.0000 0.1031 0.4631 0.4336 0.333 0.923  0.021 0.834 0.908 0.986 0.000 0.168 0.000 0.003 0.000 
 17 8.971995e+07 1.6992 4.0186 3.5374  8.1978 4.3491 0.0000 0.0325 0.3813 0.5860 0.335 0.923  0.029 0.832 0.910 0.961 0.000 0.195 0.000 0.005 0.000 
 18 9.360183e+07 1.7154 4.0275 3.5568  8.2229 4.4269 0.0000 0.0126 0.3146 0.6727 0.335 0.923  0.047 0.832 0.915 0.937 0.000 0.197 0.000 0.007 0.000 
 19 9.554341e+07 1.7378 4.0330 3.5564  8.2477 4.5118 0.0000 0.0042 0.2734 0.7223 0.324 0.923  0.088 0.832 0.916 0.853 0.000 0.201 0.000 0.011 0.000 tmaxcheb
 20 9.583357e+07 1.7587 4.0256 3.5059  8.2606 4.5644 0.0000 0.0019 0.2666 0.7313 0.277 0.923  0.120 0.832 0.911 0.680 0.000 0.202 0.000 0.013 0.000 
 21 9.593983e+07 1.7787 4.0156 3.4459  8.2708 4.6091 0.0000 0.0010 0.2637 0.7352 0.245 0.923  0.154 0.832 0.905 0.528 0.000 0.204 0.000 0.014 0.000 
 22 9.599788e+07 1.7904 4.0084 3.4054  8.2762 4.6351 0.0000 0.0006 0.2627 0.7366 0.219 0.923  0.176 0.832 0.902 0.430 0.000 0.204 0.000 0.015 0.000 
 23 9.603669e+07 1.8040 3.9985 3.3522  8.2817 4.6651 0.0000 0.0003 0.2619 0.7376 0.190 0.923  0.201 0.832 0.897 0.310 0.329 0.399 0.000 0.016 0.000 
 24 9.606483e+07 1.8181 3.9870 3.2921  8.2867 4.6968 0.0000 0.0002 0.2613 0.7384 0.147 0.923  0.229 0.832 0.894 0.187 0.324 0.432 0.000 0.017 0.000 
 25 9.608663e+07 1.8286 3.9772 3.2424  8.2896 4.7213 0.0000 0.0001 0.2611 0.7387 0.101 0.923  0.250 0.832 0.893 0.105 0.000 0.460 0.000 0.017 0.000 
 26 9.610461e+07 1.8395 3.9665 3.1887  8.2905 4.7473 0.0000 0.0000 0.2609 0.7390 0.000 0.923  0.267 0.832 0.891 0.040 0.000 0.471 0.000 0.017 0.000 
 27 9.612046e+07 1.8493 3.9567 3.1397  8.2888 4.7702 0.0000 0.0000 0.2609 0.7390 0.000 0.923  0.285 0.832 0.888 0.030 0.007 0.477 0.000 0.018 0.000 
 28 9.613460e+07 1.8578 3.9472 3.0932  8.2881 4.7898 0.0000 0.0000 0.2609 0.7390 0.000 0.923  0.298 0.832 0.887 0.030 0.022 0.477 0.000 0.018 0.000 
 29 9.614704e+07 1.8672 3.9369 3.0426  8.2880 4.8075 0.0000 0.0000 0.2609 0.7390 0.000 0.923  0.310 0.832 0.886 0.031 0.030 0.483 0.000 0.018 0.000 
 30 9.615869e+07 1.8736 3.9295 3.0066  8.2883 4.8189 0.0000 0.0000 0.2609 0.7390 0.000 0.923  0.317 0.832 0.885 0.032 0.038 0.490 0.000 0.018 0.000 
 31 9.616980e+07 1.8816 3.9205 2.9626  8.2887 4.8323 0.0000 0.0000 0.2609 0.7390 0.000 0.923  0.326 0.832 0.884 0.035 0.042 0.490 0.000 0.018 0.000 
 32 9.618049e+07 1.8913 3.9088 2.9061  8.2895 4.8480 0.0000 0.0000 0.2609 0.7390 0.000 0.923  0.337 0.832 0.883 0.038 0.046 0.490 0.000 0.018 0.000 
 33 9.619059e+07 1.8969 3.9018 2.8725  8.2901 4.8568 0.0000 0.0000 0.2609 0.7390 0.000 0.923  0.344 0.832 0.882 0.040 0.049 0.490 0.000 0.018 0.000 
 34 9.620048e+07 1.9031 3.8937 2.8339  8.2907 4.8663 0.0000 0.0000 0.2609 0.7390 0.000 0.923  0.351 0.832 0.881 0.043 0.056 0.491 0.000 0.019 0.000 
 35 9.620989e+07 1.9100 3.8848 2.7914  8.2915 4.8766 0.0000 0.0000 0.2609 0.7390 0.000 0.923  0.359 0.832 0.881 0.046 0.063 0.491 0.000 0.019 0.000 
 36 9.621812e+07 1.9218 3.8670 2.7084  8.2930 4.8941 0.0000 0.0000 0.2609 0.7390 0.000 0.923  0.373 0.832 0.879 0.053 0.071 0.501 0.000 0.019 0.000 
 37 9.622726e+07 1.9289 3.8571 2.6617  8.2939 4.9043 0.0000 0.0000 0.2609 0.7390 0.000 0.923  0.382 0.832 0.879 0.058 0.071 0.501 0.000 0.019 0.000 
 38 9.623558e+07 1.9350 3.8476 2.6176  8.2946 4.9130 0.0000 0.0000 0.2609 0.7390 0.000 0.923  0.390 0.832 0.878 0.063 0.079 0.501 0.000 0.019 0.000 
 39 9.624376e+07 1.9402 3.8393 2.5792  8.2953 4.9202 0.0000 0.0000 0.2609 0.7390 0.000 0.923  0.396 0.832 0.878 0.067 0.079 0.501 0.000 0.019 0.000 
 40 9.625165e+07 1.9465 3.8292 2.5325  8.2961 4.9288 0.0000 0.0000 0.2609 0.7390 0.000 0.923  0.404 0.832 0.877 0.073 0.079 0.511 0.000 0.019 0.000 
 41 9.625948e+07 1.9541 3.8166 2.4745  8.2971 4.9390 0.0000 0.0000 0.2609 0.7390 0.000 0.923  0.413 0.832 0.876 0.080 0.088 0.511 0.000 0.019 0.000 
 42 9.626705e+07 1.9585 3.8092 2.4405  8.2977 4.9447 0.0000 0.0000 0.2609 0.7390 0.000 0.923  0.418 0.832 0.876 0.085 0.088 0.511 0.000 0.020 0.000 
 43 9.627493e+07 1.9633 3.8011 2.4033  8.2983 4.9509 0.0000 0.0000 0.2609 0.7390 0.000 0.923  0.423 0.832 0.875 0.091 0.088 0.511 0.000 0.020 0.000 
 44 9.628294e+07 1.9685 3.7924 2.3633  8.2989 4.9576 0.0000 0.0000 0.2609 0.7390 0.000 0.923  0.429 0.832 0.875 0.098 0.095 0.520 0.000 0.020 0.000 
 45 9.629184e+07 1.9742 3.7829 2.3196  8.2996 4.9649 0.0000 0.0000 0.2609 0.7390 0.000 0.923  0.436 0.832 0.874 0.105 0.095 0.520 0.000 0.020 0.000 
 46 9.630388e+07 1.9869 3.7663 2.2405  8.3010 4.9809 0.0000 0.0000 0.2609 0.7390 0.000 0.923  0.450 0.832 0.873 0.127 0.101 0.530 0.000 0.020 0.000 
 47 9.632099e+07 1.9940 3.7599 2.2078  8.3018 4.9898 0.0000 0.0000 0.2609 0.7390 0.000 0.923  0.458 0.832 0.872 0.141 0.103 0.530 0.000 0.020 0.000 
 48 9.635084e+07 2.0176 3.7468 2.1318  8.3034 5.0190 0.0000 0.0000 0.2609 0.7390 0.000 0.923  0.481 0.832 0.870 0.212 0.126 0.537 0.000 0.020 0.000 
 49 9.644196e+07 2.0457 3.7394 2.0741  8.2964 5.0640 0.0000 0.0000 0.2609 0.7390 0.000 0.923  0.473 0.832 0.870 0.543 0.147 0.537 0.000 0.018 0.000 
 50 9.644886e+07 2.0457 3.7394 2.0741  8.2964 5.0640 0.0000 0.0000 0.2609 0.7390 0.000 0.923  0.473 0.832 0.870 0.543 0.147 0.537 0.000 0.018 0.000 lmaxeagb
 51 9.653386e+07 2.0253 3.7467 2.1237  8.2822 5.0809 0.0000 0.0000 0.2609 0.7390 0.000 0.923  0.404 0.832 0.872 0.660 0.169 0.543 0.000 0.016 0.000 
 52 9.680314e+07 2.0060 3.7502 2.1570  8.2579 5.1351 0.0000 0.0000 0.2609 0.7390 0.000 0.923  0.230 0.832 0.875 0.783 0.196 0.548 0.000 0.014 0.000 lmineagb
 53 9.718201e+07 2.0185 3.7421 2.1121  8.2345 5.1871 0.0000 0.0000 0.2609 0.7390 0.000 0.923  0.124 0.832 0.875 0.876 0.211 0.559 0.000 0.013 0.000 
 54 9.763569e+07 2.0431 3.7345 2.0571  8.2158 5.2337 0.0000 0.0000 0.2609 0.7390 0.000 0.923  0.072 0.832 0.874 0.925 0.233 0.567 0.000 0.011 0.000 
 55 9.811715e+07 2.0706 3.7281 2.0040  8.2022 5.2716 0.0000 0.0000 0.2609 0.7390 0.000 0.923  0.043 0.832 0.873 0.956 0.245 0.571 0.000 0.011 0.000 
 56 9.862103e+07 2.1111 3.7218 1.9383  8.1888 5.3119 0.0000 0.0000 0.2609 0.7390 0.000 0.923  0.020 0.832 0.871 0.984 0.270 0.575 0.000 0.010 0.000 
 57 9.918560e+07 2.1448 3.7176 1.8878  8.1790 5.3393 0.0000 0.0000 0.2609 0.7390 0.000 0.923  0.011 0.832 0.869 0.994 0.283 0.579 0.000 0.009 0.000 
 58 9.995521e+07 2.1924 3.7127 1.8206  8.1635 5.3826 0.0000 0.0000 0.2609 0.7390 0.000 0.923  0.005 0.832 0.865 0.995 0.299 0.593 0.000 0.008 0.000 
 59 1.008249e+08 2.2229 3.7099 1.7789  8.1552 5.4122 0.0000 0.0000 0.2609 0.7390 0.000 0.923  0.004 0.832 0.863 0.995 0.317 0.603 0.000 0.008 0.063 
 60 1.016557e+08 2.2666 3.7067 1.7224  8.1476 5.4524 0.0000 0.0000 0.2609 0.7390 0.000 0.923  0.003 0.832 0.860 0.995 0.324 0.614 0.000 0.008 0.171 
 61 1.024156e+08 2.3081 3.7036 1.6685  8.1431 5.4892 0.0000 0.0000 0.2609 0.7390 0.000 0.923  0.002 0.832 0.858 0.994 0.332 0.628 0.000 0.009 0.204 
 62 1.031019e+08 2.3483 3.7007 1.6167  8.1399 5.5240 0.0000 0.0000 0.2609 0.7390 0.000 0.923  0.001 0.832 0.856 0.993 0.347 0.640 0.000 0.009 0.222 
 63 1.037225e+08 2.3873 3.6981 1.5673  8.1372 5.5575 0.0000 0.0000 0.2609 0.7390 0.000 0.923  0.001 0.832 0.854 0.992 0.371 0.652 0.000 0.009 0.233 
 64 1.042820e+08 2.4256 3.6958 1.5198  8.1346 5.5900 0.0000 0.0000 0.2609 0.7390 0.000 0.923  0.001 0.832 0.853 0.990 0.399 0.664 0.000 0.009 0.241 
 65 1.048029e+08 2.4595 3.6936 1.4771  8.1321 5.6195 0.0000 0.0000 0.2609 0.7390 0.000 0.922  0.001 0.832 0.852 0.988 0.424 0.676 0.000 0.009 0.253 
 66 1.052920e+08 2.5019 3.6912 1.4251  8.1290 5.6590 0.0000 0.0000 0.2609 0.7390 0.000 0.916  0.001 0.832 0.851 0.985 0.459 0.689 0.000 0.010 0.273 
 67 1.057326e+08 2.5456 3.6884 1.3702  8.1249 5.7013 0.0000 0.0000 0.2609 0.7390 0.000 0.910  0.001 0.832 0.850 0.984 0.499 0.703 0.000 0.011 0.283 
 68 1.061473e+08 2.5838 3.6864 1.3240  8.1196 5.7379 0.0000 0.0000 0.2609 0.7390 0.000 0.906  0.001 0.832 0.849 0.981 0.523 0.716 0.000 0.011 0.293 
 69 1.065717e+08 2.6237 3.6838 1.2737  8.1118 5.7817 0.0000 0.0000 0.2609 0.7390 0.000 0.901  0.002 0.831 0.849 0.977 0.553 0.730 0.000 0.012 0.317 
 70 1.070552e+08 2.6654 3.6819 1.2244  8.0996 5.8394 0.0000 0.0000 0.2609 0.7390 0.000 0.897  0.007 0.832 0.847 0.968 0.588 0.748 0.000 0.013 0.339 
 71 1.075399e+08 2.7019 3.6795 1.1783  8.0839 5.9019 0.0000 0.0000 0.2609 0.7390 0.000 0.895  0.050 0.833 0.844 0.921 0.625 0.767 0.000 0.015 0.377 
 72 1.077602e+08 2.7462 3.6772 1.1248  8.0730 5.9409 0.0000 0.0000 0.2609 0.7390 0.000 0.892  0.165 0.834 0.844 0.804 0.646 0.779 0.000 0.015 0.395 
 73 1.079071e+08 2.7874 3.6744 1.0724  8.0658 5.9642 0.0000 0.0000 0.2609 0.7390 0.000 0.888  0.269 0.836 0.844 0.702 0.657 0.784 0.000 0.014 0.405 
 74 1.080633e+08 2.8236 3.6725 1.0286  8.0586 5.9862 0.0000 0.0000 0.2609 0.7390 0.000 0.886  0.358 0.837 0.845 0.614 0.668 0.790 0.000 0.014 0.413 
 75 1.082043e+08 2.8604 3.6701 0.9822  8.0512 6.0069 0.0000 0.0000 0.2609 0.7390 0.000 0.883  0.450 0.838 0.846 0.522 0.677 0.795 0.000 0.014 0.421 
 76 1.083543e+08 2.9031 3.6679 0.9307  8.0410 6.0321 0.0000 0.0000 0.2609 0.7390 0.000 0.881  0.542 0.841 0.847 0.434 0.688 0.801 0.000 0.013 0.438 
 77 1.084901e+08 2.9394 3.6656 0.8852  8.0316 6.0534 0.0000 0.0000 0.2609 0.7390 0.000 0.880  0.610 0.843 0.849 0.367 0.697 0.806 0.000 0.012 0.449 
 78 1.085183e+08 2.9150 3.6673 0.9164  8.0276 6.0565 0.0000 0.0000 0.2609 0.7390 0.000 0.880  0.528 0.843 0.849 0.418 0.700 0.807 0.000 0.013 0.449 
 79 1.085311e+08 2.9594 3.6641 0.8592  8.0279 6.0612 0.0000 0.0000 0.2609 0.7390 0.000 0.880  0.652 0.844 0.849 0.265 0.697 0.809 0.000 0.012 0.449 
 80 1.085430e+08 2.9800 3.6631 0.8346  8.0282 6.0633 0.0000 0.0000 0.2609 0.7390 0.000 0.879  0.696 0.844 0.849 0.221 0.696 0.809 0.000 0.011 0.459 
 81 1.085563e+08 3.0244 3.6601 0.7782  8.0288 6.0684 0.0000 0.0000 0.2609 0.7390 0.000 0.876  0.775 0.844 0.849 0.148 0.694 0.809 0.000 0.011 0.459 
 82 1.085730e+08 3.0791 3.6570 0.7111  8.0295 6.0763 0.0000 0.0000 0.2609 0.7390 0.000 0.873  0.848 0.845 0.849 0.088 0.693 0.810 0.000 0.010 0.475 
 83 1.085948e+08 3.1195 3.6541 0.6591  8.0299 6.0839 0.0000 0.0000 0.2609 0.7390 0.000 0.870  0.889 0.846 0.850 0.058 0.694 0.811 0.000 0.009 0.486 
 84 1.086262e+08 3.1594 3.6520 0.6108  8.0298 6.0935 0.0000 0.0000 0.2609 0.7390 0.000 0.868  0.920 0.847 0.850 0.039 0.695 0.811 0.000 0.009 0.486 
 85 1.086901e+08 3.1989 3.6491 0.5597  8.0272 6.1098 0.0000 0.0000 0.2609 0.7390 0.000 0.868  0.943 0.850 0.852 0.034 0.701 0.812 0.000 0.009 0.475 
 86 1.086991e+08 3.1990 3.6492 0.5600  8.0265 6.1116 0.0000 0.0000 0.2609 0.7390 0.000 0.868  0.943 0.850 0.853 0.040 0.704 0.812 0.000 0.009 0.475 1sttp
