#n   age/yr      logL   logTef grav    logTc  logrho Xc     Yc     Xc_C   Xc_O   Q_conv Q_disc L_H/L Q1_H Q2_H L_He/L Q1_He Q2_He L_C/L L_nu/L Q_Tmax phase
#(1) (2)         (3)    (4)    (5)     (6)    (7)    (8)    (9)    (10)   (11)   (12)   (13)   (14) (15)  (16) (17)   (18)  (19)  (20)  (21)   (22)   (23) 
  1 0.000000e+00 1.8809 3.7561 2.5689  8.0749 4.2637 0.0000 0.9652 0.0346 0.0001 0.000 0.516  0.696 0.440 0.571 0.299 0.000 0.058 0.000 0.000 0.000 bcheb
  2 7.834346e+06 1.8883 3.7550 2.5571  8.0813 4.2439 0.0000 0.8551 0.1389 0.0059 0.165 0.516  0.673 0.441 0.525 0.330 0.000 0.058 0.000 0.000 0.000 tmincheb
  3 3.110114e+07 1.9071 3.7632 2.5711  8.1014 4.1862 0.0000 0.5830 0.3604 0.0565 0.200 0.531  0.566 0.447 0.552 0.438 0.000 0.068 0.000 0.000 0.000 
  4 5.170242e+07 1.9213 3.7692 2.5809  8.1262 4.1617 0.0000 0.3379 0.4988 0.1632 0.203 0.551  0.435 0.456 0.572 0.569 0.000 0.089 0.000 0.001 0.000 tmaxcheb
  5 6.889894e+07 1.9436 3.7610 2.5258  8.1577 4.1871 0.0000 0.1501 0.5126 0.3373 0.203 0.561  0.335 0.463 0.573 0.669 0.000 0.098 0.000 0.001 0.000 
  6 7.682041e+07 1.9631 3.7521 2.4707  8.1810 4.2343 0.0000 0.0737 0.4560 0.4701 0.204 0.564  0.312 0.467 0.568 0.691 0.000 0.102 0.000 0.002 0.000 
  7 8.158331e+07 1.9848 3.7436 2.4150  8.2044 4.2985 0.0000 0.0340 0.3853 0.5805 0.203 0.565  0.325 0.469 0.559 0.676 0.000 0.110 0.000 0.003 0.000 
  8 8.482335e+07 2.0107 3.7358 2.3579  8.2302 4.3811 0.0000 0.0129 0.3141 0.6729 0.194 0.567  0.366 0.471 0.547 0.628 0.000 0.114 0.000 0.004 0.000 
  9 8.568532e+07 2.0406 3.7287 2.2996  8.2596 4.4912 0.0000 0.0030 0.2875 0.7094 0.170 0.567  0.449 0.471 0.533 0.503 0.000 0.118 0.000 0.007 0.000 
 10 8.596191e+07 2.0740 3.7232 2.2442  8.2875 4.6190 0.0000 0.0004 0.2798 0.7197 0.113 0.566  0.556 0.472 0.521 0.222 0.193 0.227 0.000 0.010 0.000 
 11 8.604987e+07 2.1111 3.7193 2.1915  8.2953 4.7494 0.0000 0.0000 0.2788 0.7211 0.000 0.566  0.621 0.472 0.513 0.020 0.014 0.279 0.000 0.012 0.000 
 12 8.609601e+07 2.1483 3.7166 2.1435  8.2988 4.8187 0.0000 0.0000 0.2788 0.7211 0.000 0.566  0.626 0.472 0.510 0.028 0.031 0.281 0.000 0.012 0.000 
 13 8.613689e+07 2.1906 3.7138 2.0900  8.3048 4.8796 0.0000 0.0000 0.2788 0.7211 0.000 0.566  0.636 0.472 0.507 0.045 0.049 0.291 0.000 0.013 0.000 
 14 8.617726e+07 2.2286 3.7116 2.0432  8.3100 4.9270 0.0000 0.0000 0.2788 0.7211 0.000 0.566  0.646 0.472 0.505 0.072 0.056 0.301 0.000 0.013 0.000 
 15 8.622188e+07 2.2585 3.7097 2.0057  8.3134 4.9624 0.0000 0.0000 0.2788 0.7211 0.000 0.566  0.652 0.473 0.504 0.109 0.064 0.307 0.000 0.013 0.000 
 16 8.629731e+07 2.3059 3.7073 1.9487  8.3115 5.0277 0.0000 0.0000 0.2788 0.7211 0.000 0.566  0.627 0.473 0.502 0.320 0.089 0.315 0.000 0.013 0.000 lmaxeagb
 17 8.643644e+07 2.2700 3.7094 1.9930  8.2900 5.0674 0.0000 0.0000 0.2788 0.7211 0.000 0.566  0.503 0.474 0.506 0.493 0.107 0.319 0.000 0.011 0.000 
 18 8.700498e+07 2.2287 3.7117 2.0435  8.2471 5.1832 0.0000 0.0000 0.2788 0.7211 0.000 0.566  0.229 0.476 0.510 0.765 0.130 0.326 0.000 0.010 0.000 lmineagb
 19 8.783805e+07 2.2578 3.7096 2.0060  8.2193 5.2712 0.0000 0.0000 0.2788 0.7211 0.000 0.566  0.058 0.477 0.510 0.954 0.159 0.331 0.000 0.009 0.000 
 20 8.843987e+07 2.2967 3.7076 1.9591  8.2035 5.3162 0.0000 0.0000 0.2788 0.7211 0.000 0.566  0.023 0.477 0.509 0.981 0.165 0.335 0.000 0.008 0.000 
 21 8.910488e+07 2.3409 3.7050 1.9045  8.1888 5.3657 0.0000 0.0000 0.2788 0.7211 0.000 0.566  0.012 0.478 0.506 0.988 0.173 0.341 0.000 0.007 0.000 
 22 8.973126e+07 2.3736 3.7034 1.8654  8.1821 5.3984 0.0000 0.0000 0.2788 0.7211 0.000 0.566  0.008 0.478 0.504 0.990 0.181 0.347 0.000 0.007 0.000 
 23 9.031016e+07 2.4205 3.7009 1.8085  8.1762 5.4424 0.0000 0.0000 0.2788 0.7211 0.000 0.566  0.005 0.478 0.502 0.992 0.190 0.356 0.000 0.007 0.031 
 24 9.083916e+07 2.4639 3.6986 1.7559  8.1731 5.4815 0.0000 0.0000 0.2788 0.7211 0.000 0.566  0.003 0.478 0.500 0.992 0.197 0.361 0.000 0.008 0.064 
 25 9.131485e+07 2.5074 3.6968 1.7052  8.1711 5.5191 0.0000 0.0000 0.2788 0.7211 0.000 0.566  0.002 0.478 0.498 0.991 0.207 0.370 0.000 0.008 0.078 
 26 9.173815e+07 2.5485 3.6943 1.6541  8.1698 5.5543 0.0000 0.0000 0.2788 0.7211 0.000 0.566  0.002 0.478 0.497 0.989 0.222 0.375 0.000 0.008 0.090 
 27 9.212439e+07 2.5862 3.6926 1.6096  8.1685 5.5862 0.0000 0.0000 0.2788 0.7211 0.000 0.566  0.002 0.478 0.496 0.988 0.235 0.381 0.000 0.008 0.102 
 28 9.246477e+07 2.6279 3.6906 1.5599  8.1674 5.6215 0.0000 0.0000 0.2788 0.7211 0.000 0.559  0.001 0.478 0.495 0.985 0.251 0.390 0.000 0.009 0.108 
 29 9.277883e+07 2.6669 3.6885 1.5125  8.1664 5.6559 0.0000 0.0000 0.2788 0.7211 0.000 0.552  0.001 0.478 0.495 0.982 0.265 0.395 0.000 0.009 0.115 
 30 9.306124e+07 2.7035 3.6870 1.4699  8.1651 5.6883 0.0000 0.0000 0.2788 0.7211 0.000 0.546  0.002 0.478 0.494 0.982 0.288 0.401 0.000 0.009 0.126 
 31 9.331611e+07 2.7456 3.6845 1.4178  8.1624 5.7245 0.0000 0.0000 0.2788 0.7211 0.000 0.540  0.002 0.478 0.494 0.980 0.300 0.409 0.000 0.010 0.130 
 32 9.356993e+07 2.7849 3.6827 1.3713  8.1586 5.7609 0.0000 0.0000 0.2788 0.7211 0.000 0.535  0.002 0.478 0.493 0.977 0.313 0.415 0.000 0.010 0.142 
 33 9.381796e+07 2.8271 3.6805 1.3203  8.1529 5.8035 0.0000 0.0000 0.2788 0.7211 0.000 0.531  0.004 0.478 0.493 0.973 0.328 0.422 0.000 0.011 0.153 
 34 9.406237e+07 2.8705 3.6781 1.2673  8.1448 5.8518 0.0000 0.0000 0.2788 0.7211 0.000 0.527  0.009 0.479 0.492 0.964 0.345 0.431 0.000 0.012 0.171 
 35 9.430365e+07 2.9072 3.6763 1.2234  8.1357 5.8968 0.0000 0.0000 0.2788 0.7211 0.000 0.524  0.024 0.480 0.491 0.946 0.360 0.440 0.000 0.013 0.183 
 36 9.450624e+07 2.9445 3.6740 1.1769  8.1256 5.9397 0.0000 0.0000 0.2788 0.7211 0.000 0.521  0.057 0.481 0.490 0.912 0.374 0.447 0.000 0.014 0.199 
 37 9.467827e+07 2.9906 3.6718 1.1220  8.1126 5.9875 0.0000 0.0000 0.2788 0.7211 0.000 0.518  0.138 0.483 0.490 0.829 0.389 0.455 0.000 0.015 0.213 
 38 9.481814e+07 3.0279 3.6694 1.0751  8.1019 6.0208 0.0000 0.0000 0.2788 0.7211 0.000 0.517  0.222 0.485 0.491 0.745 0.399 0.460 0.000 0.015 0.223 
 39 9.493957e+07 3.0677 3.6674 1.0273  8.0905 6.0526 0.0000 0.0000 0.2788 0.7211 0.000 0.514  0.321 0.487 0.491 0.646 0.407 0.465 0.000 0.015 0.232 
 40 9.503963e+07 3.1076 3.6648 0.9770  8.0807 6.0799 0.0000 0.0000 0.2788 0.7211 0.000 0.512  0.427 0.488 0.492 0.541 0.414 0.468 0.000 0.015 0.243 
 41 9.514042e+07 3.1488 3.6626 0.9270  8.0698 6.1080 0.0000 0.0000 0.2788 0.7211 0.000 0.511  0.528 0.490 0.493 0.443 0.420 0.472 0.000 0.014 0.248 
 42 9.525231e+07 3.1897 3.6601 0.8761  8.0565 6.1385 0.0000 0.0000 0.2788 0.7211 0.000 0.510  0.612 0.492 0.495 0.363 0.427 0.476 0.000 0.014 0.262 
 43 9.530970e+07 3.2162 3.6586 0.8436  8.0504 6.1526 0.0000 0.0000 0.2788 0.7211 0.000 0.510  0.666 0.493 0.495 0.293 0.430 0.478 0.000 0.013 0.266 
 44 9.532465e+07 3.2664 3.6554 0.7806  8.0495 6.1605 0.0000 0.0000 0.2788 0.7211 0.000 0.508  0.769 0.493 0.496 0.179 0.429 0.479 0.000 0.012 0.271 
 45 9.533531e+07 3.2799 3.6547 0.7643  8.0486 6.1645 0.0000 0.0000 0.2788 0.7211 0.000 0.507  0.790 0.494 0.496 0.182 0.431 0.479 0.000 0.012 0.271 1sttp
