#n   age/yr      logL   logTef grav    logTc  logrho Xc     Yc     Xc_C   Xc_O   Q_conv Q_disc L_H/L Q1_H Q2_H L_He/L Q1_He Q2_He L_C/L L_nu/L Q_Tmax phase
#(1) (2)         (3)    (4)    (5)     (6)    (7)    (8)    (9)    (10)   (11)   (12)   (13)   (14) (15)  (16) (17)   (18)  (19)  (20)  (21)   (22)   (23) 
  1 0.000000e+00 1.9164 3.8299 3.0176  8.0459 4.5351 0.0000 0.9845 0.0154 0.0001 0.000 0.243  0.930 0.219 0.257 0.073 0.000 0.025 0.000 0.000 0.000 bcheb
  2 1.005503e+07 1.9354 3.8263 2.9842  8.0510 4.4941 0.0000 0.9308 0.0668 0.0023 0.073 0.258  0.920 0.223 0.265 0.081 0.000 0.024 0.000 0.000 0.000 tmincheb
  3 2.218887e+07 1.9623 3.8341 2.9885  8.0581 4.4493 0.0000 0.8665 0.1258 0.0076 0.083 0.272  0.906 0.230 0.276 0.096 0.000 0.028 0.000 0.000 0.000 
  4 3.286184e+07 1.9854 3.8422 2.9978  8.0645 4.4105 0.0000 0.8107 0.1743 0.0149 0.092 0.283  0.891 0.236 0.287 0.111 0.000 0.030 0.000 0.000 0.000 
  5 4.379897e+07 2.0101 3.8506 3.0067  8.0716 4.3682 0.0000 0.7491 0.2251 0.0257 0.103 0.296  0.874 0.244 0.300 0.129 0.000 0.032 0.000 0.000 0.000 
  6 5.540294e+07 2.0361 3.8586 3.0127  8.0793 4.3249 0.0000 0.6833 0.2760 0.0406 0.109 0.311  0.851 0.252 0.312 0.151 0.000 0.035 0.000 0.000 0.000 
  7 6.708034e+07 2.0616 3.8664 3.0184  8.0877 4.2850 0.0000 0.6105 0.3285 0.0609 0.113 0.322  0.826 0.260 0.325 0.175 0.000 0.038 0.000 0.000 0.000 
  8 7.876893e+07 2.0869 3.8745 3.0255  8.0977 4.2496 0.0000 0.5225 0.3868 0.0906 0.116 0.336  0.794 0.268 0.338 0.207 0.000 0.041 0.000 0.000 0.000 
  9 9.178857e+07 2.1142 3.8819 3.0278  8.1106 4.2147 0.0000 0.4185 0.4445 0.1369 0.123 0.351  0.751 0.278 0.353 0.250 0.000 0.045 0.000 0.000 0.000 
 10 1.062409e+08 2.1442 3.8859 3.0138  8.1288 4.1876 0.0000 0.2933 0.4907 0.2158 0.126 0.367  0.693 0.288 0.369 0.309 0.000 0.051 0.000 0.000 0.000 tmaxcheb
 11 1.197483e+08 2.1730 3.8795 2.9594  8.1524 4.1874 0.0000 0.1713 0.4920 0.3365 0.000 0.382  0.627 0.299 0.380 0.376 0.000 0.059 0.000 0.001 0.000 
 12 1.254700e+08 2.1853 3.8701 2.9095  8.1657 4.2009 0.0000 0.1222 0.4701 0.4075 0.123 0.385  0.601 0.303 0.382 0.404 0.000 0.067 0.000 0.001 0.000 
 13 1.292620e+08 2.1942 3.8606 2.8626  8.1762 4.2131 0.0000 0.0908 0.4426 0.4665 0.134 0.388  0.584 0.306 0.382 0.421 0.000 0.065 0.000 0.001 0.000 
 14 1.312558e+08 2.1993 3.8511 2.8195  8.1839 4.2293 0.0000 0.0722 0.4243 0.5033 0.136 0.390  0.575 0.308 0.382 0.430 0.000 0.067 0.000 0.001 0.000 
 15 1.328994e+08 2.2043 3.8400 2.7701  8.1920 4.2473 0.0000 0.0562 0.4014 0.5422 0.135 0.391  0.569 0.309 0.380 0.430 0.000 0.069 0.000 0.001 0.000 
 16 1.341144e+08 2.2077 3.8309 2.7303  8.1977 4.2615 0.0000 0.0475 0.3847 0.5677 0.130 0.391  0.565 0.310 0.378 0.437 0.000 0.070 0.000 0.001 0.000 
 17 1.350974e+08 2.2108 3.8200 2.6836  8.2041 4.2789 0.0000 0.0388 0.3663 0.5948 0.127 0.391  0.565 0.311 0.377 0.443 0.000 0.072 0.000 0.002 0.000 
 18 1.359296e+08 2.2134 3.8103 2.6422  8.2094 4.2940 0.0000 0.0321 0.3506 0.6172 0.128 0.393  0.564 0.312 0.375 0.432 0.000 0.073 0.000 0.002 0.000 
 19 1.366098e+08 2.2157 3.8001 2.5991  8.2145 4.3091 0.0000 0.0269 0.3362 0.6368 0.128 0.393  0.564 0.312 0.374 0.433 0.000 0.073 0.000 0.002 0.000 
 20 1.372067e+08 2.2178 3.7900 2.5566  8.2193 4.3235 0.0000 0.0232 0.3230 0.6536 0.120 0.393  0.563 0.313 0.373 0.444 0.000 0.075 0.000 0.002 0.000 
 21 1.383329e+08 2.2219 3.7802 2.5133  8.2249 4.3376 0.0000 0.0195 0.2967 0.6837 0.127 0.393  0.559 0.314 0.372 0.436 0.000 0.076 0.000 0.002 0.000 
 22 1.390361e+08 2.2232 3.7705 2.4732  8.2315 4.3582 0.0000 0.0154 0.2803 0.7042 0.127 0.393  0.563 0.315 0.370 0.434 0.000 0.081 0.000 0.003 0.000 
 23 1.398202e+08 2.2253 3.7598 2.4283  8.2410 4.3891 0.0000 0.0108 0.2594 0.7297 0.128 0.393  0.567 0.316 0.368 0.434 0.000 0.077 0.000 0.003 0.000 
 24 1.406415e+08 2.2258 3.7497 2.3874  8.2541 4.4333 0.0000 0.0063 0.2373 0.7563 0.133 0.394  0.576 0.317 0.363 0.426 0.000 0.078 0.000 0.004 0.000 
 25 1.411323e+08 2.2132 3.7403 2.3624  8.2747 4.5123 0.0000 0.0021 0.2224 0.7754 0.111 0.394  0.623 0.317 0.357 0.364 0.000 0.080 0.000 0.006 0.000 
 26 1.413376e+08 2.1913 3.7313 2.3483  8.3058 4.6707 0.0000 0.0001 0.2164 0.7833 0.041 0.394  0.735 0.317 0.348 0.070 0.000 0.177 0.000 0.011 0.000 
 27 1.414237e+08 2.2139 3.7250 2.3005  8.3109 4.8235 0.0000 0.0000 0.2162 0.7836 0.000 0.394  0.743 0.318 0.343 0.033 0.025 0.193 0.000 0.014 0.000 
 28 1.414630e+08 2.2445 3.7224 2.2595  8.3159 4.8731 0.0000 0.0000 0.2162 0.7836 0.000 0.394  0.718 0.318 0.341 0.053 0.032 0.200 0.000 0.015 0.000 
 29 1.414989e+08 2.2806 3.7195 2.2118  8.3209 4.9195 0.0000 0.0000 0.2162 0.7836 0.000 0.394  0.695 0.318 0.340 0.089 0.041 0.204 0.000 0.015 0.000 
 30 1.415427e+08 2.3257 3.7170 2.1567  8.3244 4.9705 0.0000 0.0000 0.2162 0.7836 0.000 0.394  0.663 0.318 0.339 0.186 0.046 0.210 0.000 0.015 0.000 
 31 1.416016e+08 2.3544 3.7152 2.1208  8.3172 5.0095 0.0000 0.0000 0.2162 0.7836 0.000 0.394  0.586 0.319 0.339 0.423 0.058 0.210 0.000 0.013 0.000 lmaxeagb
 32 1.417708e+08 2.3201 3.7177 2.1651  8.2932 5.0623 0.0000 0.0000 0.2162 0.7836 0.000 0.394  0.431 0.319 0.342 0.543 0.071 0.212 0.000 0.011 0.000 
 33 1.422018e+08 2.2943 3.7192 2.1969  8.2579 5.1696 0.0000 0.0000 0.2162 0.7836 0.000 0.394  0.193 0.320 0.345 0.807 0.084 0.220 0.000 0.009 0.000 lmineagb
 34 1.428981e+08 2.3261 3.7170 2.1563  8.2307 5.2603 0.0000 0.0000 0.2162 0.7836 0.000 0.394  0.037 0.320 0.344 0.979 0.103 0.220 0.000 0.008 0.000 
 35 1.433809e+08 2.3667 3.7140 2.1037  8.2159 5.3078 0.0000 0.0000 0.2162 0.7836 0.000 0.394  0.014 0.321 0.342 0.993 0.108 0.223 0.000 0.007 0.000 
 36 1.439319e+08 2.3966 3.7126 2.0682  8.2064 5.3418 0.0000 0.0000 0.2162 0.7836 0.000 0.394  0.008 0.321 0.340 0.994 0.111 0.227 0.000 0.007 0.000 
 37 1.444618e+08 2.4483 3.7097 2.0049  8.1957 5.3950 0.0000 0.0000 0.2162 0.7836 0.000 0.394  0.004 0.321 0.338 0.996 0.119 0.231 0.000 0.007 0.000 
 38 1.449624e+08 2.4808 3.7082 1.9664  8.1917 5.4260 0.0000 0.0000 0.2162 0.7836 0.000 0.394  0.002 0.321 0.337 0.995 0.126 0.234 0.000 0.007 0.001 
 39 1.454175e+08 2.5277 3.7056 1.9091  8.1882 5.4687 0.0000 0.0000 0.2162 0.7836 0.000 0.393  0.001 0.321 0.335 0.994 0.128 0.239 0.000 0.007 0.023 
 40 1.458353e+08 2.5712 3.7036 1.8576  8.1863 5.5069 0.0000 0.0000 0.2162 0.7836 0.000 0.393  0.001 0.321 0.334 0.993 0.131 0.243 0.000 0.007 0.038 
 41 1.461911e+08 2.6013 3.7023 1.8223  8.1856 5.5317 0.0000 0.0000 0.2162 0.7836 0.000 0.393  0.001 0.321 0.333 0.992 0.137 0.247 0.000 0.008 0.046 
 42 1.465097e+08 2.6449 3.7000 1.7695  8.1849 5.5674 0.0000 0.0000 0.2162 0.7836 0.000 0.394  0.000 0.321 0.333 0.991 0.148 0.251 0.000 0.008 0.051 
 43 1.468036e+08 2.6951 3.6978 1.7105  8.1843 5.6088 0.0000 0.0000 0.2162 0.7836 0.000 0.391  0.000 0.321 0.332 0.987 0.162 0.256 0.000 0.008 0.059 
 44 1.470714e+08 2.7328 3.6960 1.6656  8.1839 5.6409 0.0000 0.0000 0.2162 0.7836 0.000 0.382  0.000 0.321 0.331 0.984 0.172 0.260 0.000 0.008 0.064 
 45 1.473150e+08 2.7745 3.6938 1.6151  8.1832 5.6772 0.0000 0.0000 0.2162 0.7836 0.000 0.374  0.000 0.321 0.331 0.981 0.189 0.265 0.000 0.009 0.073 
 46 1.475305e+08 2.8078 3.6924 1.5762  8.1822 5.7052 0.0000 0.0000 0.2162 0.7836 0.000 0.371  0.000 0.321 0.331 0.983 0.195 0.268 0.000 0.009 0.077 
 47 1.477293e+08 2.8524 3.6900 1.5220  8.1796 5.7424 0.0000 0.0000 0.2162 0.7836 0.000 0.365  0.000 0.321 0.330 0.980 0.204 0.272 0.000 0.010 0.081 
 48 1.479247e+08 2.8916 3.6881 1.4752  8.1762 5.7774 0.0000 0.0000 0.2162 0.7836 0.000 0.360  0.000 0.321 0.330 0.978 0.212 0.277 0.000 0.010 0.088 
 49 1.481119e+08 2.9281 3.6867 1.4331  8.1721 5.8113 0.0000 0.0000 0.2162 0.7836 0.000 0.356  0.001 0.321 0.330 0.976 0.220 0.281 0.000 0.011 0.096 
 50 1.482934e+08 2.9745 3.6840 1.3759  8.1651 5.8581 0.0000 0.0000 0.2162 0.7836 0.000 0.353  0.001 0.321 0.330 0.972 0.231 0.287 0.000 0.011 0.106 
 51 1.484769e+08 3.0139 3.6822 1.3293  8.1571 5.9022 0.0000 0.0000 0.2162 0.7836 0.000 0.350  0.003 0.321 0.330 0.969 0.241 0.292 0.000 0.013 0.114 
 52 1.486656e+08 3.0553 3.6798 1.2783  8.1455 5.9564 0.0000 0.0000 0.2162 0.7836 0.000 0.348  0.013 0.322 0.329 0.954 0.253 0.298 0.000 0.014 0.129 
 53 1.488476e+08 3.0960 3.6778 1.2296  8.1309 6.0136 0.0000 0.0000 0.2162 0.7836 0.000 0.346  0.062 0.324 0.329 0.901 0.265 0.305 0.000 0.016 0.139 
 54 1.489826e+08 3.1328 3.6759 1.1852  8.1180 6.0560 0.0000 0.0000 0.2162 0.7836 0.000 0.345  0.150 0.325 0.329 0.815 0.273 0.309 0.000 0.017 0.147 
 55 1.490905e+08 3.1702 3.6737 1.1390  8.1059 6.0921 0.0000 0.0000 0.2162 0.7836 0.000 0.343  0.257 0.326 0.330 0.705 0.279 0.313 0.000 0.017 0.155 
 56 1.491755e+08 3.2129 3.6717 1.0883  8.0941 6.1258 0.0000 0.0000 0.2162 0.7836 0.000 0.342  0.391 0.327 0.330 0.571 0.284 0.316 0.000 0.017 0.162 
 57 1.492672e+08 3.2565 3.6690 1.0339  8.0801 6.1618 0.0000 0.0000 0.2162 0.7836 0.000 0.341  0.514 0.329 0.331 0.449 0.290 0.319 0.000 0.017 0.170 
 58 1.493397e+08 3.2913 3.6673 0.9923  8.0698 6.1866 0.0000 0.0000 0.2162 0.7836 0.000 0.341  0.599 0.330 0.332 0.364 0.293 0.322 0.000 0.016 0.176 
 59 1.493567e+08 3.3298 3.6649 0.9442  8.0678 6.1944 0.0000 0.0000 0.2162 0.7836 0.000 0.340  0.703 0.330 0.332 0.248 0.293 0.322 0.000 0.015 0.179 
 60 1.493608e+08 3.3430 3.6640 0.9274  8.0671 6.1976 0.0000 0.0000 0.2162 0.7836 0.000 0.339  0.729 0.330 0.332 0.227 0.294 0.322 0.000 0.015 0.179 1sttp
