#n   age/yr      logL   logTef grav    logTc  logrho Xc     Yc     Xc_C   Xc_O   Q_conv Q_disc L_H/L Q1_H Q2_H L_He/L Q1_He Q2_He L_C/L L_nu/L Q_Tmax phase
#(1) (2)         (3)    (4)    (5)     (6)    (7)    (8)    (9)    (10)   (11)   (12)   (13)   (14) (15)  (16) (17)   (18)  (19)  (20)  (21)   (22)   (23) 
  1 0.000000e+00 1.8413 3.7566 2.5691  8.0756 4.2573 0.0000 0.9640 0.0358 0.0001 0.000 0.563  0.660 0.487 0.625 0.338 0.000 0.058 0.000 0.000 0.000 bcheb
  2 2.894563e+07 1.8584 3.7629 2.5772  8.0998 4.1900 0.0000 0.6030 0.3464 0.0505 0.220 0.579  0.526 0.492 0.603 0.477 0.000 0.080 0.000 0.000 0.000 
  3 4.991060e+07 1.8677 3.7685 2.5903  8.1241 4.1659 0.0000 0.3509 0.4943 0.1547 0.221 0.598  0.385 0.498 0.621 0.620 0.000 0.091 0.000 0.001 0.000 tmaxcheb
  4 6.764894e+07 1.8899 3.7600 2.5341  8.1549 4.1909 0.0000 0.1578 0.5162 0.3259 0.219 0.607  0.284 0.505 0.623 0.720 0.000 0.102 0.000 0.001 0.000 
  5 7.604895e+07 1.9104 3.7517 2.4804  8.1771 4.2354 0.0000 0.0806 0.4652 0.4541 0.220 0.609  0.264 0.507 0.616 0.738 0.000 0.112 0.000 0.002 0.000 
  6 8.116654e+07 1.9363 3.7434 2.4213  8.2019 4.3029 0.0000 0.0353 0.3917 0.5729 0.219 0.610  0.283 0.509 0.605 0.718 0.000 0.118 0.000 0.003 0.000 
  7 8.441849e+07 1.9647 3.7363 2.3645  8.2265 4.3819 0.0000 0.0139 0.3246 0.6614 0.210 0.610  0.331 0.511 0.593 0.661 0.000 0.124 0.000 0.004 0.000 
  8 8.531554e+07 1.9964 3.7299 2.3072  8.2519 4.4760 0.0000 0.0040 0.2986 0.6972 0.190 0.610  0.408 0.511 0.580 0.552 0.000 0.128 0.000 0.007 0.000 
  9 8.564562e+07 2.0291 3.7246 2.2533  8.2756 4.5769 0.0000 0.0009 0.2894 0.7096 0.152 0.610  0.499 0.512 0.569 0.351 0.000 0.129 0.000 0.009 0.000 
 10 8.576739e+07 2.0687 3.7203 2.1965  8.2950 4.7053 0.0000 0.0000 0.2869 0.7130 0.014 0.610  0.593 0.512 0.560 0.033 0.000 0.294 0.000 0.011 0.000 
 11 8.582041e+07 2.1059 3.7173 2.1473  8.2941 4.7931 0.0000 0.0000 0.2868 0.7131 0.000 0.610  0.614 0.512 0.555 0.022 0.027 0.304 0.000 0.012 0.000 
 12 8.586309e+07 2.1413 3.7146 2.1011  8.2981 4.8479 0.0000 0.0000 0.2868 0.7131 0.000 0.610  0.623 0.512 0.552 0.033 0.044 0.308 0.000 0.012 0.000 
 13 8.590417e+07 2.1814 3.7123 2.0518  8.3034 4.9005 0.0000 0.0000 0.2868 0.7131 0.000 0.610  0.636 0.513 0.549 0.051 0.056 0.319 0.000 0.013 0.000 
 14 8.594642e+07 2.2221 3.7097 2.0007  8.3085 4.9492 0.0000 0.0000 0.2868 0.7131 0.000 0.610  0.650 0.513 0.547 0.085 0.068 0.331 0.000 0.013 0.000 
 15 8.599649e+07 2.2533 3.7081 1.9631  8.3113 4.9846 0.0000 0.0000 0.2868 0.7131 0.000 0.610  0.657 0.513 0.545 0.131 0.075 0.338 0.000 0.013 0.000 
 16 8.607707e+07 2.2855 3.7063 1.9237  8.3042 5.0427 0.0000 0.0000 0.2868 0.7131 0.000 0.610  0.612 0.514 0.546 0.380 0.098 0.338 0.000 0.012 0.000 lmaxeagb
 17 8.619639e+07 2.2506 3.7084 1.9670  8.2872 5.0708 0.0000 0.0000 0.2868 0.7131 0.000 0.610  0.517 0.515 0.549 0.484 0.112 0.341 0.000 0.011 0.000 
 18 8.673017e+07 2.2060 3.7110 2.0220  8.2481 5.1695 0.0000 0.0000 0.2868 0.7131 0.000 0.610  0.277 0.516 0.553 0.717 0.139 0.353 0.000 0.010 0.000 
 19 8.683503e+07 2.2065 3.7109 2.0211  8.2387 5.1970 0.0000 0.0000 0.2868 0.7131 0.000 0.610  0.225 0.517 0.553 0.769 0.142 0.356 0.000 0.010 0.000 lmineagb
 20 8.774222e+07 2.2397 3.7087 1.9791  8.2110 5.2845 0.0000 0.0000 0.2868 0.7131 0.000 0.610  0.056 0.518 0.553 0.954 0.175 0.359 0.000 0.008 0.000 
 21 8.839881e+07 2.2788 3.7065 1.9312  8.1951 5.3292 0.0000 0.0000 0.2868 0.7131 0.000 0.610  0.024 0.518 0.551 0.979 0.181 0.367 0.000 0.008 0.000 
 22 8.911965e+07 2.3234 3.7039 1.8762  8.1809 5.3782 0.0000 0.0000 0.2868 0.7131 0.000 0.610  0.013 0.519 0.549 0.986 0.191 0.375 0.000 0.007 0.000 
 23 8.979437e+07 2.3556 3.7024 1.8380  8.1747 5.4098 0.0000 0.0000 0.2868 0.7131 0.000 0.610  0.009 0.519 0.547 0.989 0.199 0.379 0.000 0.007 0.005 
 24 9.041056e+07 2.4012 3.6997 1.7816  8.1694 5.4523 0.0000 0.0000 0.2868 0.7131 0.000 0.610  0.006 0.519 0.545 0.990 0.208 0.387 0.000 0.008 0.056 
 25 9.097716e+07 2.4436 3.6977 1.7312  8.1664 5.4902 0.0000 0.0000 0.2868 0.7131 0.000 0.610  0.004 0.519 0.543 0.990 0.216 0.397 0.000 0.008 0.084 
 26 9.147931e+07 2.4861 3.6956 1.6803  8.1644 5.5270 0.0000 0.0000 0.2868 0.7131 0.000 0.610  0.003 0.519 0.541 0.990 0.229 0.403 0.000 0.008 0.098 
 27 9.192710e+07 2.5138 3.6940 1.6462  8.1633 5.5505 0.0000 0.0000 0.2868 0.7131 0.000 0.610  0.003 0.519 0.540 0.989 0.239 0.407 0.000 0.008 0.105 
 28 9.233968e+07 2.5639 3.6919 1.5877  8.1615 5.5933 0.0000 0.0000 0.2868 0.7131 0.000 0.611  0.002 0.519 0.539 0.988 0.259 0.418 0.000 0.008 0.118 
 29 9.270690e+07 2.6025 3.6896 1.5399  8.1601 5.6269 0.0000 0.0000 0.2868 0.7131 0.000 0.604  0.002 0.519 0.538 0.984 0.275 0.424 0.000 0.009 0.130 
 30 9.304182e+07 2.6464 3.6876 1.4880  8.1586 5.6658 0.0000 0.0000 0.2868 0.7131 0.000 0.596  0.002 0.519 0.537 0.981 0.292 0.432 0.000 0.009 0.136 
 31 9.333243e+07 2.6817 3.6857 1.4451  8.1569 5.6963 0.0000 0.0000 0.2868 0.7131 0.000 0.591  0.002 0.519 0.537 0.982 0.315 0.439 0.000 0.010 0.143 
 32 9.361011e+07 2.7256 3.6833 1.3916  8.1532 5.7348 0.0000 0.0000 0.2868 0.7131 0.000 0.585  0.003 0.519 0.536 0.979 0.330 0.446 0.000 0.010 0.156 
 33 9.389066e+07 2.7618 3.6818 1.3494  8.1489 5.7701 0.0000 0.0000 0.2868 0.7131 0.000 0.579  0.004 0.520 0.536 0.975 0.343 0.453 0.000 0.011 0.162 
 34 9.416056e+07 2.8015 3.6793 1.2997  8.1427 5.8118 0.0000 0.0000 0.2868 0.7131 0.000 0.575  0.007 0.520 0.535 0.969 0.360 0.462 0.000 0.011 0.175 
 35 9.443029e+07 2.8424 3.6774 1.2512  8.1341 5.8589 0.0000 0.0000 0.2868 0.7131 0.000 0.572  0.018 0.521 0.534 0.955 0.378 0.472 0.000 0.012 0.194 
 36 9.467272e+07 2.8862 3.6747 1.1966  8.1227 5.9110 0.0000 0.0000 0.2868 0.7131 0.000 0.568  0.053 0.523 0.533 0.916 0.398 0.482 0.000 0.013 0.213 
 37 9.487191e+07 2.9268 3.6727 1.1480  8.1120 5.9538 0.0000 0.0000 0.2868 0.7131 0.000 0.566  0.116 0.524 0.533 0.853 0.412 0.489 0.000 0.014 0.225 
 38 9.503404e+07 2.9649 3.6705 1.1011  8.1019 5.9884 0.0000 0.0000 0.2868 0.7131 0.000 0.563  0.188 0.526 0.533 0.780 0.424 0.495 0.000 0.015 0.237 
 39 9.517513e+07 3.0059 3.6681 1.0505  8.0905 6.0219 0.0000 0.0000 0.2868 0.7131 0.000 0.561  0.281 0.528 0.534 0.689 0.434 0.501 0.000 0.015 0.248 
 40 9.529121e+07 3.0456 3.6659 1.0020  8.0806 6.0497 0.0000 0.0000 0.2868 0.7131 0.000 0.559  0.381 0.529 0.534 0.587 0.441 0.505 0.000 0.014 0.259 
 41 9.539884e+07 3.0864 3.6634 0.9512  8.0705 6.0766 0.0000 0.0000 0.2868 0.7131 0.000 0.557  0.481 0.531 0.535 0.490 0.449 0.509 0.000 0.014 0.264 
 42 9.551089e+07 3.1263 3.6612 0.9025  8.0595 6.1038 0.0000 0.0000 0.2868 0.7131 0.000 0.556  0.567 0.533 0.536 0.406 0.456 0.514 0.000 0.013 0.275 
 43 9.561136e+07 3.1658 3.6589 0.8538  8.0488 6.1283 0.0000 0.0000 0.2868 0.7131 0.000 0.555  0.645 0.535 0.538 0.319 0.461 0.517 0.000 0.013 0.284 
 44 9.563373e+07 3.1987 3.6572 0.8141  8.0473 6.1353 0.0000 0.0000 0.2868 0.7131 0.000 0.553  0.714 0.535 0.538 0.254 0.462 0.518 0.000 0.012 0.290 1sttp
