#n   age/yr      logL   logTef grav    logTc  logrho Xc     Yc     Xc_C   Xc_O   Q_conv Q_disc L_H/L Q1_H Q2_H L_He/L Q1_He Q2_He L_C/L L_nu/L Q_Tmax phase
#(1) (2)         (3)    (4)    (5)     (6)    (7)    (8)    (9)    (10)   (11)   (12)   (13)   (14) (15)  (16) (17)   (18)  (19)  (20)  (21)   (22)   (23) 
  1 -1.044055e-04 1.2228 4.0689 4.6798  7.3430 1.9933 0.7692 0.2307 0.0000 0.0000 0.229 0.000  0.993 0.000 0.580 0.000 0.000 0.000 0.000 0.000 0.000 bms
  2 1.276100e+08 1.2503 4.0713 4.6619  7.3528 2.0090 0.7257 0.2742 0.0000 0.0000 0.225 0.599  1.001 0.000 0.636 0.000 0.000 0.000 0.000 0.000 0.000 
  3 2.687891e+08 1.2866 4.0747 4.6392  7.3662 2.0323 0.6717 0.3282 0.0000 0.0000 0.218 0.682  1.001 0.000 0.646 0.000 0.000 0.000 0.000 0.000 0.000 
  4 3.894992e+08 1.3254 4.0788 4.6168  7.3823 2.0634 0.6143 0.3856 0.0000 0.0000 0.211 0.723  1.001 0.000 0.646 0.000 0.000 0.000 0.000 0.000 0.000 
  5 4.920221e+08 1.3640 4.0828 4.5942  7.3992 2.0998 0.5584 0.4415 0.0000 0.0000 0.194 0.744  1.001 0.000 0.646 0.000 0.000 0.000 0.000 0.000 0.000 
  6 5.867019e+08 1.4039 4.0864 4.5687  7.4184 2.1416 0.4963 0.5036 0.0000 0.0000 0.182 0.754  1.001 0.000 0.646 0.000 0.000 0.000 0.000 0.000 0.000 
  7 6.776065e+08 1.4425 4.0880 4.5365  7.4374 2.1807 0.4322 0.5677 0.0000 0.0000 0.176 0.764  1.001 0.000 0.636 0.000 0.000 0.000 0.000 0.000 0.000 tmaxms
  8 7.605234e+08 1.4833 4.0864 4.4893  7.4563 2.2178 0.3596 0.6403 0.0000 0.0000 0.165 0.773  1.001 0.000 0.608 0.000 0.000 0.000 0.000 0.000 0.000 
  9 8.294582e+08 1.5185 4.0814 4.4341  7.4726 2.2477 0.2904 0.7095 0.0000 0.0000 0.156 0.773  1.002 0.000 0.560 0.000 0.000 0.000 0.000 0.000 0.000 
 10 8.829738e+08 1.5496 4.0740 4.3734  7.4877 2.2757 0.2240 0.7759 0.0000 0.0000 0.146 0.778  1.002 0.000 0.508 0.000 0.000 0.000 0.000 0.000 0.000 
 11 9.252560e+08 1.5741 4.0660 4.3169  7.5011 2.3025 0.1678 0.8321 0.0000 0.0000 0.137 0.778  1.002 0.000 0.471 0.000 0.000 0.000 0.000 0.000 0.000 
 12 9.597952e+08 1.5960 4.0575 4.2610  7.5156 2.3350 0.1147 0.8852 0.0000 0.0000 0.127 0.778  1.002 0.000 0.430 0.000 0.000 0.000 0.000 0.000 0.000 
 13 9.931286e+08 1.6216 4.0492 4.2022  7.5395 2.3971 0.0532 0.9467 0.0000 0.0000 0.115 0.782  1.001 0.000 0.391 0.000 0.000 0.000 0.000 0.000 0.000 
 14 1.000071e+09 1.6278 4.0487 4.1940  7.5474 2.4198 0.0401 0.9598 0.0000 0.0000 0.112 0.782  1.000 0.000 0.391 0.000 0.000 0.000 0.000 0.000 0.000 tminms
 15 1.013603e+09 1.6488 4.0567 4.2050  7.5805 2.5233 0.0108 0.9891 0.0000 0.0000 0.103 0.782  0.990 0.000 0.411 0.000 0.000 0.000 0.000 0.000 0.000 
 16 1.016433e+09 1.6620 4.0664 4.2306  7.6012 2.5972 0.0044 0.9955 0.0000 0.0000 0.098 0.782  0.973 0.000 0.455 0.000 0.000 0.000 0.000 0.000 0.000 
 17 1.017615e+09 1.6751 4.0750 4.2519  7.6177 2.6648 0.0020 0.9979 0.0000 0.0000 0.091 0.782  0.943 0.000 0.516 0.000 0.000 0.000 0.000 0.000 0.000 
 18 1.018226e+09 1.6941 4.0846 4.2713  7.6372 2.7691 0.0007 0.9993 0.0000 0.0000 0.076 0.782  0.886 0.000 0.590 0.000 0.000 0.000 0.000 0.000 0.000 
 19 1.018582e+09 1.7098 4.0903 4.2784  7.6469 2.9641 0.0001 0.9998 0.0000 0.0000 0.029 0.782  0.921 0.000 0.655 0.000 0.000 0.000 0.000 0.000 0.000 tmaxlms
 20 1.018839e+09 1.6939 4.0813 4.2583  7.6061 3.1759 0.0000 0.9999 0.0000 0.0000 0.000 0.782  1.139 0.001 0.636 0.000 0.000 0.000 0.000 0.000 0.000 
 21 1.018874e+09 1.6931 4.0796 4.2523  7.6037 3.1939 0.0000 0.9999 0.0000 0.0000 0.000 0.782  1.136 0.002 0.626 0.000 0.000 0.000 0.000 0.000 0.000 lminsgb
 22 1.019131e+09 1.7108 4.0710 4.2002  7.5940 3.2989 0.0000 0.9999 0.0000 0.0000 0.000 0.782  1.094 0.011 0.599 0.000 0.000 0.000 0.000 0.000 0.000 
 23 1.019554e+09 1.7335 4.0620 4.1415  7.5849 3.4101 0.0000 0.9999 0.0000 0.0000 0.000 0.782  1.053 0.024 0.537 0.000 0.000 0.000 0.000 0.000 0.000 
 24 1.020273e+09 1.7471 4.0529 4.0915  7.5779 3.5140 0.0000 0.9999 0.0000 0.0000 0.000 0.782  1.031 0.037 0.478 0.000 0.000 0.000 0.000 0.000 0.000 
 25 1.021369e+09 1.7573 4.0431 4.0421  7.5748 3.6196 0.0000 0.9999 0.0000 0.0000 0.000 0.782  1.020 0.048 0.455 0.000 0.000 0.000 0.000 0.000 0.000 
 26 1.022735e+09 1.7663 4.0322 3.9895  7.5789 3.7262 0.0000 0.9999 0.0000 0.0000 0.000 0.782  1.015 0.064 0.424 0.000 0.000 0.000 0.000 0.000 0.000 
 27 1.024117e+09 1.7727 4.0228 3.9455  7.5874 3.8058 0.0000 0.9999 0.0000 0.0000 0.000 0.782  1.014 0.074 0.404 0.000 0.000 0.000 0.000 0.000 0.000 
 28 1.025385e+09 1.7775 4.0150 3.9095  7.5968 3.8653 0.0000 0.9999 0.0000 0.0000 0.000 0.782  1.014 0.082 0.391 0.000 0.000 0.000 0.000 0.000 0.000 
 29 1.026495e+09 1.7822 4.0063 3.8700  7.6084 3.9257 0.0000 0.9999 0.0000 0.0000 0.000 0.782  1.015 0.086 0.371 0.000 0.000 0.000 0.000 0.000 0.000 
 30 1.027431e+09 1.7868 3.9963 3.8254  7.6220 3.9865 0.0000 0.9999 0.0000 0.0000 0.000 0.782  1.016 0.092 0.350 0.000 0.000 0.000 0.000 0.000 0.000 
 31 1.028241e+09 1.7910 3.9849 3.7756  7.6372 4.0477 0.0000 0.9999 0.0000 0.0000 0.000 0.782  1.018 0.097 0.328 0.000 0.000 0.000 0.000 0.000 0.000 
 32 1.028947e+09 1.7947 3.9719 3.7199  7.6536 4.1088 0.0000 0.9999 0.0000 0.0000 0.000 0.782  1.020 0.102 0.308 0.000 0.000 0.000 0.000 0.000 0.000 
 33 1.029569e+09 1.7964 3.9647 3.6894  7.6622 4.1394 0.0000 0.9999 0.0000 0.0000 0.000 0.782  1.021 0.104 0.295 0.000 0.000 0.000 0.000 0.000 0.000 
 34 1.030126e+09 1.7980 3.9571 3.6574  7.6710 4.1699 0.0000 0.9999 0.0000 0.0000 0.000 0.782  1.022 0.106 0.285 0.000 0.000 0.000 0.000 0.000 0.000 
 35 1.030626e+09 1.7993 3.9488 3.6229  7.6799 4.2003 0.0000 0.9999 0.0000 0.0000 0.000 0.782  1.023 0.107 0.273 0.000 0.000 0.000 0.000 0.000 0.000 
 36 1.031081e+09 1.8013 3.9304 3.5473  7.6980 4.2610 0.0000 0.9999 0.0000 0.0000 0.000 0.782  1.026 0.113 0.255 0.000 0.000 0.000 0.000 0.000 0.000 
 37 1.031497e+09 1.8019 3.9201 3.5055  7.7072 4.2913 0.0000 0.9999 0.0000 0.0000 0.000 0.782  1.027 0.114 0.246 0.000 0.000 0.000 0.000 0.000 0.000 
 38 1.031882e+09 1.8019 3.9099 3.4647  7.7157 4.3193 0.0000 0.9999 0.0000 0.0000 0.000 0.782  1.029 0.117 0.240 0.000 0.000 0.000 0.000 0.000 0.000 
 39 1.032049e+09 1.8020 3.9052 3.4458  7.7194 4.3314 0.0000 0.9999 0.0000 0.0000 0.000 0.782  1.030 0.117 0.234 0.000 0.000 0.000 0.000 0.000 0.000 lmaxsgb
 40 1.032391e+09 1.8019 3.8958 3.4083  7.7265 4.3546 0.0000 0.9999 0.0000 0.0000 0.000 0.782  1.031 0.119 0.229 0.000 0.000 0.000 0.000 0.000 0.000 
 41 1.032709e+09 1.8017 3.8873 3.3745  7.7325 4.3742 0.0000 0.9999 0.0000 0.0000 0.000 0.782  1.032 0.121 0.223 0.000 0.000 0.000 0.000 0.000 0.000 
 42 1.033004e+09 1.8011 3.8763 3.3311  7.7398 4.3979 0.0000 0.9999 0.0000 0.0000 0.000 0.782  1.033 0.122 0.216 0.000 0.000 0.000 0.000 0.000 0.000 
 43 1.033282e+09 1.8007 3.8696 3.3047  7.7440 4.4116 0.0000 0.9999 0.0000 0.0000 0.000 0.782  1.034 0.123 0.214 0.000 0.000 0.000 0.000 0.000 0.000 
 44 1.033542e+09 1.8002 3.8619 3.2744  7.7486 4.4266 0.0000 0.9999 0.0000 0.0000 0.000 0.782  1.035 0.124 0.209 0.000 0.000 0.000 0.000 0.000 0.000 
 45 1.033789e+09 1.7993 3.8529 3.2393  7.7536 4.4431 0.0000 0.9999 0.0000 0.0000 0.000 0.782  1.035 0.125 0.206 0.000 0.000 0.000 0.000 0.000 0.000 
 46 1.034025e+09 1.7970 3.8346 3.1684  7.7633 4.4746 0.0000 0.9999 0.0000 0.0000 0.000 0.782  1.038 0.127 0.202 0.000 0.000 0.000 0.000 0.000 0.000 
 47 1.034247e+09 1.7956 3.8257 3.1342  7.7676 4.4889 0.0000 0.9999 0.0000 0.0000 0.000 0.782  1.040 0.128 0.199 0.000 0.000 0.000 0.000 0.000 0.000 
 48 1.034463e+09 1.7940 3.8160 3.0970  7.7721 4.5037 0.0000 0.9999 0.0000 0.0000 0.000 0.782  1.041 0.130 0.197 0.000 0.000 0.000 0.000 0.000 0.000 
 49 1.034693e+09 1.7913 3.8035 3.0497  7.7779 4.5233 0.0000 0.9999 0.0000 0.0000 0.000 0.782  1.043 0.131 0.194 0.000 0.000 0.000 0.000 0.000 0.000 
 50 1.034958e+09 1.7886 3.7943 3.0156  7.7828 4.5398 0.0000 0.9999 0.0000 0.0000 0.000 0.782  1.045 0.132 0.191 0.000 0.000 0.000 0.000 0.000 0.000 
 51 1.035292e+09 1.7847 3.7852 2.9831  7.7887 4.5595 0.0000 0.9999 0.0000 0.0000 0.000 0.782  1.047 0.133 0.189 0.000 0.000 0.000 0.000 0.000 0.000 
 52 1.035700e+09 1.7786 3.7763 2.9536  7.7956 4.5832 0.0000 0.9999 0.0000 0.0000 0.000 0.782  1.051 0.135 0.185 0.000 0.000 0.000 0.000 0.000 0.000 
 53 1.036175e+09 1.7621 3.7626 2.9153  7.8082 4.6275 0.0000 0.9999 0.0000 0.0000 0.000 0.782  1.060 0.138 0.180 0.000 0.000 0.000 0.000 0.000 0.000 
 54 1.036730e+09 1.7448 3.7534 2.8958  7.8182 4.6640 0.0000 0.9999 0.0000 0.0000 0.000 0.782  1.065 0.140 0.177 0.000 0.000 0.000 0.000 0.000 0.000 
 55 1.037273e+09 1.7379 3.7491 2.8855  7.8235 4.6844 0.0000 0.9999 0.0000 0.0000 0.000 0.782  1.062 0.141 0.176 0.000 0.000 0.000 0.000 0.000 0.000 brgb
 56 1.038336e+09 1.7533 3.7395 2.8317  7.8397 4.7538 0.0000 0.9999 0.0000 0.0000 0.000 0.773  1.020 0.145 0.173 0.000 0.000 0.000 0.000 0.000 0.000 
 57 1.039380e+09 1.7908 3.7350 2.7762  7.8507 4.8110 0.0000 0.9999 0.0000 0.0000 0.000 0.660  0.999 0.148 0.171 0.000 0.000 0.000 0.000 0.000 0.000 
 58 1.040441e+09 1.8337 3.7323 2.7225  7.8598 4.8680 0.0000 0.9999 0.0000 0.0000 0.000 0.543  0.992 0.151 0.171 0.000 0.000 0.000 0.000 0.000 0.000 
 59 1.041519e+09 1.8732 3.7300 2.6738  7.8664 4.9171 0.0000 0.9999 0.0000 0.0000 0.000 0.463  0.990 0.154 0.171 0.000 0.000 0.000 0.000 0.000 0.000 
 60 1.042610e+09 1.9101 3.7284 2.6305  7.8713 4.9598 0.0000 0.9999 0.0000 0.0000 0.000 0.411  0.989 0.156 0.171 0.000 0.000 0.000 0.000 0.000 0.000 
 61 1.043721e+09 1.9495 3.7267 2.5843  7.8760 5.0040 0.0000 0.9999 0.0000 0.0000 0.000 0.360  0.989 0.159 0.172 0.000 0.000 0.000 0.000 0.000 0.000 
 62 1.044849e+09 1.9954 3.7248 2.5308  7.8805 5.0529 0.0000 0.9999 0.0000 0.0000 0.000 0.317  0.988 0.162 0.173 0.000 0.000 0.000 0.000 0.000 0.000 
 63 1.046003e+09 2.0345 3.7233 2.4857  7.8841 5.0936 0.0000 0.9999 0.0000 0.0000 0.000 0.288  0.988 0.165 0.175 0.000 0.000 0.000 0.000 0.000 0.000 
 64 1.047199e+09 2.0736 3.7218 2.4406  7.8874 5.1342 0.0000 0.9999 0.0000 0.0000 0.000 0.270  0.988 0.168 0.176 0.000 0.000 0.000 0.000 0.000 0.000 
 65 1.048376e+09 2.1176 3.7200 2.3894  7.8908 5.1779 0.0000 0.9999 0.0000 0.0000 0.000 0.254  0.989 0.171 0.179 0.000 0.000 0.000 0.000 0.000 0.000 
 66 1.049562e+09 2.1591 3.7183 2.3411  7.8939 5.2180 0.0000 0.9999 0.0000 0.0000 0.000 0.246  0.989 0.174 0.181 0.000 0.000 0.000 0.000 0.000 0.000 
 67 1.050774e+09 2.1994 3.7170 2.2956  7.8970 5.2565 0.0000 0.9999 0.0000 0.0000 0.000 0.238  0.989 0.177 0.183 0.000 0.000 0.000 0.000 0.000 0.000 
 68 1.051932e+09 2.2382 3.7151 2.2492  7.8998 5.2920 0.0000 0.9999 0.0000 0.0000 0.000 0.235  0.989 0.180 0.186 0.000 0.000 0.000 0.000 0.000 0.000 
 69 1.052993e+09 2.2783 3.7135 2.2027  7.9023 5.3249 0.0000 0.9999 0.0000 0.0000 0.000 0.232  0.990 0.183 0.188 0.000 0.000 0.000 0.000 0.000 0.000 
 70 1.053989e+09 2.3203 3.7120 2.1547  7.9049 5.3571 0.0000 0.9999 0.0000 0.0000 0.000 0.228  0.990 0.186 0.191 0.000 0.000 0.000 0.000 0.000 0.000 
 71 1.054935e+09 2.3608 3.7101 2.1066  7.9074 5.3867 0.0000 0.9999 0.0000 0.0000 0.000 0.227  0.990 0.189 0.194 0.000 0.000 0.000 0.000 0.000 0.000 
 72 1.055851e+09 2.4014 3.7083 2.0588  7.9103 5.4155 0.0000 0.9998 0.0001 0.0000 0.000 0.226  0.990 0.192 0.196 0.000 0.000 0.000 0.000 0.000 0.000 
 73 1.056731e+09 2.4406 3.7069 2.0140  7.9134 5.4427 0.0000 0.9998 0.0001 0.0000 0.000 0.225  0.990 0.195 0.199 0.000 0.000 0.001 0.000 0.000 0.000 
 74 1.057625e+09 2.4824 3.7051 1.9650  7.9178 5.4728 0.0000 0.9997 0.0002 0.0000 0.000 0.225  0.990 0.199 0.202 0.000 0.000 0.007 0.000 0.000 0.000 
 75 1.058517e+09 2.5226 3.7032 1.9172  7.9252 5.5020 0.0000 0.9995 0.0004 0.0000 0.000 0.225  0.990 0.202 0.206 0.000 0.000 0.013 0.000 0.000 0.000 
 76 1.059409e+09 2.5628 3.7019 1.8718  7.9532 5.5280 0.0000 0.9989 0.0010 0.0000 0.003 0.225  0.990 0.206 0.209 0.001 0.000 0.023 0.000 0.000 0.000 
 77 1.059528e+09 2.5673 3.7016 1.8661  7.9682 5.5284 0.0000 0.9990 0.0009 0.0000 0.009 0.225  0.990 0.207 0.210 0.002 0.000 0.024 0.000 0.000 0.000 trgb
 78 1.059595e+09 2.5356 3.7029 1.9030  8.0928 4.7071 0.0000 0.9914 0.0085 0.0000 0.188 0.225  0.007 0.207 0.215 2.002 0.000 0.025 0.000 0.000 0.000 
 79 1.059597e+09 2.4890 3.7049 1.9576  8.0884 4.6801 0.0000 0.9910 0.0089 0.0000 0.188 0.225  0.012 0.207 0.217 1.379 0.000 0.025 0.000 0.000 0.000 
 80 1.059599e+09 2.4495 3.7070 2.0055  8.0858 4.6640 0.0000 0.9908 0.0091 0.0000 0.188 0.225  0.015 0.207 0.218 1.141 0.000 0.025 0.000 0.000 0.000 
 81 1.059600e+09 2.4172 3.7082 2.0426  8.0841 4.6533 0.0000 0.9907 0.0092 0.0000 0.188 0.225  0.018 0.207 0.218 1.021 0.000 0.025 0.000 0.000 0.000 
 82 1.059603e+09 2.3826 3.7096 2.0828  8.0824 4.6426 0.0000 0.9906 0.0093 0.0000 0.188 0.225  0.022 0.207 0.219 0.920 0.000 0.025 0.000 0.000 0.000 
 83 1.059605e+09 2.3285 3.7123 2.1477  8.0800 4.6264 0.0000 0.9903 0.0096 0.0000 0.188 0.225  0.031 0.207 0.220 0.793 0.000 0.025 0.000 0.000 0.000 
 84 1.059608e+09 2.2897 3.7139 2.1929  8.0783 4.6156 0.0000 0.9902 0.0097 0.0000 0.188 0.225  0.039 0.207 0.221 0.724 0.000 0.025 0.000 0.000 0.000 
 85 1.059611e+09 2.2510 3.7156 2.2384  8.0767 4.6047 0.0000 0.9901 0.0098 0.0000 0.187 0.225  0.049 0.207 0.222 0.660 0.000 0.025 0.000 0.000 0.000 
 86 1.059616e+09 2.2128 3.7175 2.2842  8.0751 4.5937 0.0000 0.9899 0.0100 0.0000 0.187 0.225  0.063 0.225 0.226 0.600 0.000 0.025 0.000 0.000 0.000 
 87 1.059621e+09 2.1747 3.7191 2.3287  8.0737 4.5831 0.0000 0.9898 0.0101 0.0000 0.185 0.225  0.083 0.225 0.227 0.560 0.000 0.025 0.000 0.000 0.000 
 88 1.059628e+09 2.1386 3.7209 2.3720  8.0720 4.5717 0.0000 0.9896 0.0103 0.0000 0.183 0.225  0.112 0.225 0.228 0.500 0.000 0.025 0.000 0.000 0.000 
 89 1.059638e+09 2.0879 3.7235 2.4331  8.0691 4.5546 0.0000 0.9894 0.0105 0.0000 0.180 0.226  0.191 0.207 0.230 0.410 0.000 0.025 0.000 0.000 0.000 
 90 1.059651e+09 2.0578 3.7252 2.4700  8.0668 4.5430 0.0000 0.9892 0.0107 0.0000 0.175 0.226  0.290 0.207 0.232 0.343 0.000 0.025 0.000 0.000 0.000 
 91 1.059673e+09 2.0084 3.7285 2.5326  8.0594 4.5193 0.0000 0.9889 0.0110 0.0000 0.126 0.226  0.612 0.207 0.234 0.184 0.000 0.025 0.000 0.000 0.000 
 92 1.059714e+09 1.9767 3.7323 2.5795  8.0541 4.5051 0.0000 0.9886 0.0112 0.0000 0.083 0.226  0.481 0.207 0.237 0.117 0.000 0.025 0.000 0.000 0.000 
 93 1.059816e+09 1.9654 3.7402 2.6224  8.0445 4.4941 0.0000 0.9880 0.0119 0.0000 0.046 0.226  0.566 0.207 0.243 0.050 0.000 0.022 0.000 0.000 0.000 lmincheb
 94 1.059906e+09 1.9877 3.7491 2.6357  8.0374 4.4997 0.0000 0.9874 0.0124 0.0000 0.030 0.226  0.604 0.207 0.250 0.025 0.000 0.021 0.000 0.000 0.000 
 95 1.059986e+09 1.9900 3.7565 2.6630  8.0336 4.5073 0.0000 0.9871 0.0127 0.0000 0.023 0.226  0.646 0.207 0.253 0.018 0.000 0.021 0.000 0.000 0.000 
 96 1.060055e+09 1.9792 3.7663 2.7130  8.0299 4.5187 0.0000 0.9868 0.0131 0.0000 0.019 0.226  0.713 0.207 0.258 0.014 0.000 0.020 0.000 0.000 0.000 
 97 1.060129e+09 1.9591 3.7781 2.7803  8.0267 4.5343 0.0000 0.9864 0.0134 0.0000 0.016 0.226  0.794 0.240 0.260 0.012 0.000 0.019 0.000 0.000 0.000 
 98 1.060219e+09 1.9380 3.7884 2.8426  8.0248 4.5528 0.0000 0.9860 0.0138 0.0001 0.013 0.226  0.871 0.246 0.262 0.011 0.000 0.018 0.000 0.000 0.000 
 99 1.060444e+09 1.9109 3.7935 2.8901  8.0257 4.5856 0.0000 0.9852 0.0146 0.0001 0.015 0.226  0.960 0.207 0.232 0.015 0.000 0.019 0.000 0.000 0.000 
100 1.060696e+09 1.8925 3.7836 2.8689  8.0344 4.6136 0.0000 0.9844 0.0154 0.0001 0.027 0.226  1.001 0.207 0.231 0.039 0.000 0.020 0.000 0.000 0.000 
101 1.060816e+09 1.8900 3.7793 2.8542  8.0389 4.6134 0.0000 0.9842 0.0156 0.0001 0.035 0.226  0.995 0.207 0.230 0.059 0.000 0.020 0.000 0.000 0.000 
102 1.061986e+09 1.9058 3.7752 2.8220  8.0416 4.5683 0.0000 0.9781 0.0216 0.0002 0.044 0.226  0.936 0.207 0.232 0.059 0.000 0.021 0.000 0.000 0.000 
103 1.065645e+09 1.9194 3.7843 2.8448  8.0439 4.5529 0.0000 0.9621 0.0371 0.0007 0.046 0.230  0.929 0.208 0.239 0.063 0.000 0.022 0.000 0.000 0.000 
104 1.067360e+09 1.9272 3.7945 2.8778  8.0454 4.5391 0.0000 0.9543 0.0446 0.0010 0.065 0.232  0.929 0.208 0.242 0.065 0.000 0.022 0.000 0.000 0.000 
105 1.069109e+09 1.9317 3.8010 2.8993  8.0462 4.5334 0.0000 0.9486 0.0501 0.0012 0.066 0.235  0.928 0.208 0.244 0.066 0.000 0.023 0.000 0.000 0.000 
106 1.070765e+09 1.9398 3.8142 2.9440  8.0477 4.5224 0.0000 0.9381 0.0601 0.0017 0.068 0.238  0.926 0.210 0.248 0.069 0.000 0.023 0.000 0.000 0.000 
107 1.072519e+09 1.9455 3.8238 2.9767  8.0488 4.5143 0.0000 0.9302 0.0676 0.0022 0.069 0.241  0.924 0.211 0.251 0.071 0.000 0.023 0.000 0.000 0.000 
108 1.074503e+09 1.9508 3.8321 3.0046  8.0499 4.5067 0.0000 0.9223 0.0750 0.0027 0.070 0.244  0.923 0.213 0.253 0.073 0.000 0.024 0.000 0.000 0.000 
109 1.076943e+09 1.9581 3.8427 3.0397  8.0514 4.4956 0.0000 0.9106 0.0858 0.0035 0.072 0.248  0.921 0.214 0.258 0.076 0.000 0.024 0.000 0.000 0.000 
110 1.082296e+09 1.9718 3.8546 3.0736  8.0548 4.4723 0.0000 0.8836 0.1104 0.0059 0.076 0.256  0.918 0.219 0.263 0.083 0.000 0.025 0.000 0.000 0.000 
111 1.095734e+09 2.0025 3.8601 3.0649  8.0633 4.4197 0.0000 0.8123 0.1728 0.0148 0.088 0.274  0.899 0.228 0.277 0.101 0.000 0.028 0.000 0.000 0.000 
112 1.107372e+09 2.0285 3.8677 3.0693  8.0708 4.3745 0.0000 0.7499 0.2243 0.0256 0.099 0.288  0.881 0.235 0.289 0.119 0.000 0.031 0.000 0.000 0.000 
113 1.119545e+09 2.0563 3.8752 3.0715  8.0790 4.3282 0.0000 0.6821 0.2767 0.0411 0.106 0.301  0.860 0.244 0.302 0.141 0.000 0.033 0.000 0.000 0.000 
114 1.131981e+09 2.0850 3.8826 3.0724  8.0883 4.2833 0.0000 0.6045 0.3324 0.0630 0.110 0.316  0.833 0.253 0.317 0.168 0.000 0.037 0.000 0.000 0.000 
115 1.144141e+09 2.1125 3.8902 3.0753  8.0991 4.2451 0.0000 0.5113 0.3935 0.0951 0.114 0.330  0.799 0.262 0.332 0.202 0.000 0.041 0.000 0.000 0.000 
116 1.157841e+09 2.1429 3.8971 3.0725  8.1136 4.2068 0.0000 0.3984 0.4538 0.1477 0.119 0.346  0.752 0.272 0.346 0.249 0.000 0.045 0.000 0.000 0.000 
117 1.169154e+09 2.1673 3.8997 3.0585  8.1283 4.1852 0.0000 0.2985 0.4900 0.2114 0.122 0.360  0.706 0.281 0.360 0.295 0.000 0.050 0.000 0.000 0.000 tmaxcheb
118 1.182473e+09 2.1968 3.8938 3.0054  8.1524 4.1828 0.0000 0.1733 0.4961 0.3304 0.120 0.373  0.641 0.292 0.371 0.361 0.000 0.057 0.000 0.001 0.000 
119 1.188458e+09 2.2109 3.8844 2.9537  8.1670 4.1967 0.0000 0.1191 0.4713 0.4094 0.125 0.379  0.611 0.296 0.373 0.392 0.000 0.060 0.000 0.001 0.000 
120 1.192111e+09 2.2193 3.8759 2.9113  8.1768 4.2091 0.0000 0.0905 0.4445 0.4649 0.131 0.381  0.595 0.300 0.374 0.407 0.000 0.064 0.000 0.001 0.000 
121 1.194339e+09 2.2257 3.8655 2.8633  8.1855 4.2260 0.0000 0.0706 0.4205 0.5088 0.123 0.383  0.585 0.301 0.374 0.418 0.000 0.066 0.000 0.001 0.000 
122 1.195841e+09 2.2298 3.8561 2.8216  8.1926 4.2426 0.0000 0.0569 0.4016 0.5414 0.125 0.385  0.580 0.303 0.373 0.422 0.000 0.067 0.000 0.001 0.000 
123 1.196852e+09 2.2327 3.8450 2.7743  8.2004 4.2637 0.0000 0.0440 0.3837 0.5721 0.131 0.385  0.579 0.304 0.371 0.423 0.000 0.074 0.000 0.001 0.000 
124 1.197375e+09 2.2345 3.8356 2.7349  8.2058 4.2798 0.0000 0.0364 0.3744 0.5891 0.131 0.385  0.579 0.304 0.369 0.423 0.000 0.074 0.000 0.001 0.000 
125 1.197799e+09 2.2362 3.8256 2.6932  8.2109 4.2959 0.0000 0.0301 0.3653 0.6045 0.131 0.385  0.580 0.305 0.367 0.422 0.000 0.074 0.000 0.002 0.000 
126 1.198160e+09 2.2376 3.8156 2.6518  8.2159 4.3117 0.0000 0.0249 0.3566 0.6183 0.131 0.385  0.581 0.305 0.366 0.421 0.000 0.074 0.000 0.002 0.000 
127 1.198464e+09 2.2388 3.8052 2.6090  8.2208 4.3273 0.0000 0.0206 0.3486 0.6307 0.131 0.385  0.584 0.305 0.364 0.419 0.000 0.074 0.000 0.002 0.000 
128 1.198726e+09 2.2397 3.7948 2.5665  8.2254 4.3427 0.0000 0.0170 0.3412 0.6416 0.131 0.385  0.586 0.306 0.362 0.417 0.000 0.074 0.000 0.002 0.000 
129 1.198964e+09 2.2404 3.7848 2.5258  8.2299 4.3578 0.0000 0.0141 0.3346 0.6512 0.131 0.385  0.588 0.306 0.360 0.414 0.000 0.074 0.000 0.002 0.000 
130 1.199211e+09 2.2408 3.7736 2.4806  8.2360 4.3786 0.0000 0.0108 0.3267 0.6624 0.131 0.387  0.593 0.306 0.359 0.409 0.000 0.080 0.000 0.003 0.000 
131 1.199277e+09 2.2408 3.7708 2.4694  8.2377 4.3844 0.0000 0.0100 0.3247 0.6652 0.131 0.387  0.595 0.306 0.358 0.408 0.000 0.080 0.000 0.003 0.000 lmaxcheb
132 1.199561e+09 2.2404 3.7618 2.4338  8.2448 4.4092 0.0000 0.0072 0.3173 0.6753 0.131 0.387  0.601 0.306 0.356 0.402 0.000 0.080 0.000 0.003 0.000 
133 1.199866e+09 2.2364 3.7504 2.3922  8.2585 4.4592 0.0000 0.0036 0.3072 0.6890 0.131 0.387  0.620 0.307 0.351 0.382 0.000 0.076 0.000 0.004 0.000 
134 1.200110e+09 2.2214 3.7407 2.3684  8.2782 4.5377 0.0000 0.0011 0.2997 0.6991 0.099 0.386  0.674 0.307 0.345 0.300 0.000 0.077 0.000 0.006 0.000 
135 1.200248e+09 2.1960 3.7328 2.3622  8.3009 4.6851 0.0000 0.0000 0.2966 0.7033 0.000 0.386  0.779 0.307 0.338 0.021 0.131 0.176 0.000 0.010 0.000 
136 1.200267e+09 2.1941 3.7317 2.3597  8.2999 4.7203 0.0000 0.0000 0.2966 0.7033 0.000 0.386  0.797 0.307 0.337 0.017 0.009 0.178 0.000 0.010 0.000 lmin1cheb
137 1.200333e+09 2.2176 3.7261 2.3138  8.3069 4.8265 0.0000 0.0000 0.2966 0.7033 0.000 0.386  0.773 0.308 0.333 0.041 0.028 0.188 0.000 0.012 0.000 
138 1.200370e+09 2.2553 3.7225 2.2617  8.3128 4.8816 0.0000 0.0000 0.2966 0.7033 0.000 0.386  0.733 0.308 0.331 0.077 0.036 0.192 0.000 0.013 0.000 
139 1.200405e+09 2.2999 3.7192 2.2039  8.3169 4.9300 0.0000 0.0000 0.2966 0.7033 0.000 0.386  0.689 0.308 0.330 0.158 0.044 0.196 0.000 0.013 0.000 
140 1.200462e+09 2.3390 3.7172 2.1568  8.3121 4.9699 0.0000 0.0000 0.2966 0.7033 0.000 0.386  0.606 0.309 0.330 0.400 0.054 0.196 0.000 0.011 0.000 
141 1.200481e+09 2.3438 3.7171 2.1516  8.3066 4.9774 0.0000 0.0000 0.2966 0.7033 0.000 0.386  0.564 0.309 0.330 0.482 0.059 0.196 0.000 0.010 0.000 lmaxeagb
142 1.200679e+09 2.3061 3.7196 2.1993  8.2798 5.0419 0.0000 0.0000 0.2966 0.7033 0.000 0.386  0.404 0.309 0.334 0.575 0.071 0.201 0.000 0.009 0.000 
143 1.201165e+09 2.2892 3.7208 2.2210  8.2460 5.1486 0.0000 0.0000 0.2966 0.7033 0.000 0.386  0.206 0.310 0.336 0.788 0.086 0.206 0.000 0.008 0.000 lmineagb
144 1.201992e+09 2.3262 3.7177 2.1716  8.2205 5.2618 0.0000 0.0000 0.2966 0.7033 0.000 0.386  0.042 0.311 0.335 0.972 0.103 0.212 0.000 0.007 0.000 
145 1.202487e+09 2.3560 3.7157 2.1338  8.2118 5.2954 0.0000 0.0000 0.2966 0.7033 0.000 0.386  0.019 0.311 0.334 0.991 0.109 0.216 0.000 0.007 0.000 
146 1.203059e+09 2.4043 3.7130 2.0747  8.1987 5.3488 0.0000 0.0000 0.2966 0.7033 0.000 0.386  0.008 0.311 0.331 0.994 0.116 0.220 0.000 0.007 0.000 
147 1.203615e+09 2.4378 3.7112 2.0340  8.1926 5.3833 0.0000 0.0000 0.2966 0.7033 0.000 0.386  0.005 0.312 0.329 0.995 0.123 0.222 0.000 0.007 0.000 
148 1.204133e+09 2.4852 3.7087 1.9766  8.1876 5.4286 0.0000 0.0000 0.2966 0.7033 0.000 0.386  0.003 0.312 0.327 0.995 0.131 0.228 0.000 0.007 0.005 
149 1.204609e+09 2.5272 3.7068 1.9270  8.1857 5.4680 0.0000 0.0000 0.2966 0.7033 0.000 0.385  0.002 0.312 0.326 0.994 0.131 0.233 0.000 0.007 0.025 
150 1.205020e+09 2.5572 3.7052 1.8906  8.1848 5.4938 0.0000 0.0000 0.2966 0.7033 0.000 0.385  0.001 0.312 0.325 0.994 0.131 0.235 0.000 0.007 0.033 
151 1.205389e+09 2.6015 3.7031 1.8379  8.1840 5.5310 0.0000 0.0000 0.2966 0.7033 0.000 0.385  0.001 0.312 0.324 0.992 0.142 0.239 0.000 0.007 0.044 
152 1.205720e+09 2.6455 3.7009 1.7851  8.1836 5.5671 0.0000 0.0000 0.2966 0.7033 0.000 0.385  0.001 0.312 0.323 0.991 0.151 0.244 0.000 0.008 0.050 
153 1.206022e+09 2.6831 3.6991 1.7403  8.1832 5.5985 0.0000 0.0000 0.2966 0.7033 0.000 0.385  0.000 0.312 0.323 0.988 0.158 0.248 0.000 0.008 0.056 
154 1.206301e+09 2.7222 3.6974 1.6944  8.1829 5.6319 0.0000 0.0000 0.2966 0.7033 0.000 0.376  0.000 0.312 0.322 0.986 0.167 0.252 0.000 0.008 0.063 
155 1.206551e+09 2.7654 3.6952 1.6424  8.1824 5.6697 0.0000 0.0000 0.2966 0.7033 0.000 0.367  0.000 0.312 0.322 0.982 0.175 0.257 0.000 0.009 0.069 
156 1.206769e+09 2.8001 3.6935 1.6009  8.1814 5.6987 0.0000 0.0000 0.2966 0.7033 0.000 0.362  0.000 0.312 0.321 0.982 0.189 0.260 0.000 0.009 0.074 
157 1.206976e+09 2.8451 3.6918 1.5491  8.1791 5.7364 0.0000 0.0000 0.2966 0.7033 0.000 0.356  0.000 0.312 0.321 0.981 0.198 0.264 0.000 0.009 0.079 
158 1.207173e+09 2.8851 3.6894 1.4995  8.1760 5.7720 0.0000 0.0000 0.2966 0.7033 0.000 0.351  0.001 0.312 0.321 0.978 0.206 0.268 0.000 0.010 0.086 
159 1.207363e+09 2.9302 3.6875 1.4468  8.1710 5.8143 0.0000 0.0000 0.2966 0.7033 0.000 0.347  0.001 0.312 0.321 0.975 0.215 0.274 0.000 0.011 0.093 
160 1.207548e+09 2.9683 3.6854 1.4003  8.1655 5.8530 0.0000 0.0000 0.2966 0.7033 0.000 0.344  0.001 0.312 0.321 0.972 0.224 0.279 0.000 0.011 0.103 
161 1.207732e+09 3.0081 3.6834 1.3525  8.1578 5.8972 0.0000 0.0000 0.2966 0.7033 0.000 0.341  0.004 0.312 0.321 0.966 0.234 0.283 0.000 0.012 0.111 
162 1.207922e+09 3.0503 3.6816 1.3031  8.1467 5.9515 0.0000 0.0000 0.2966 0.7033 0.000 0.339  0.016 0.313 0.320 0.949 0.245 0.290 0.000 0.014 0.123 
163 1.208095e+09 3.0893 3.6793 1.2549  8.1341 6.0031 0.0000 0.0000 0.2966 0.7033 0.000 0.337  0.060 0.314 0.320 0.902 0.256 0.296 0.000 0.015 0.134 
164 1.208230e+09 3.1273 3.6776 1.2101  8.1214 6.0460 0.0000 0.0000 0.2966 0.7033 0.000 0.335  0.144 0.316 0.320 0.817 0.263 0.300 0.000 0.016 0.141 
165 1.208338e+09 3.1716 3.6750 1.1554  8.1075 6.0883 0.0000 0.0000 0.2966 0.7033 0.000 0.334  0.265 0.317 0.320 0.697 0.271 0.304 0.000 0.017 0.150 
166 1.208426e+09 3.2080 3.6731 1.1114  8.0976 6.1170 0.0000 0.0000 0.2966 0.7033 0.000 0.333  0.375 0.318 0.321 0.587 0.275 0.307 0.000 0.017 0.155 
167 1.208509e+09 3.2511 3.6708 1.0591  8.0856 6.1497 0.0000 0.0000 0.2966 0.7033 0.000 0.332  0.501 0.319 0.321 0.465 0.280 0.309 0.000 0.017 0.165 
168 1.208601e+09 3.2905 3.6685 1.0105  8.0722 6.1819 0.0000 0.0000 0.2966 0.7033 0.000 0.331  0.600 0.321 0.322 0.370 0.284 0.312 0.000 0.016 0.171 
169 1.208655e+09 3.2947 3.6683 1.0055  8.0633 6.1991 0.0000 0.0000 0.2966 0.7033 0.000 0.331  0.587 0.321 0.323 0.389 0.287 0.314 0.000 0.016 0.174 
170 1.208669e+09 3.3408 3.6656 0.9486  8.0616 6.2069 0.0000 0.0000 0.2966 0.7033 0.000 0.331  0.709 0.322 0.323 0.232 0.287 0.314 0.000 0.015 0.176 
171 1.208682e+09 3.3785 3.6635 0.9025  8.0608 6.2131 0.0000 0.0000 0.2966 0.7033 0.000 0.330  0.775 0.322 0.323 0.159 0.287 0.314 0.000 0.014 0.178 
172 1.208697e+09 3.4081 3.6621 0.8673  8.0592 6.2209 0.0000 0.0000 0.2966 0.7033 0.000 0.329  0.837 0.322 0.323 0.134 0.287 0.315 0.000 0.013 0.179 1sttp
