#n   age/yr      logL   logTef grav    logTc  logrho Xc     Yc     Xc_C   Xc_O   Q_conv Q_disc L_H/L Q1_H Q2_H L_He/L Q1_He Q2_He L_C/L L_nu/L Q_Tmax phase
#(1) (2)         (3)    (4)    (5)     (6)    (7)    (8)    (9)    (10)   (11)   (12)   (13)   (14) (15)  (16) (17)   (18)  (19)  (20)  (21)   (22)   (23) 
  1 0.000000e+00 1.8063 4.1934 4.7492  7.4384 1.9578 0.7683 0.2316 0.0000 0.0000 0.276 0.277  1.011 0.000 0.666 0.000 0.000 0.000 0.000 0.000 0.000 bms
  2 5.396660e+07 1.8397 4.1925 4.7122  7.4438 1.9549 0.7177 0.2822 0.0000 0.0000 0.270 0.594  1.001 0.000 0.685 0.000 0.000 0.000 0.000 0.000 0.000 
  3 1.086851e+08 1.8810 4.1942 4.6777  7.4565 1.9715 0.6554 0.3445 0.0000 0.0000 0.255 0.666  1.001 0.000 0.666 0.000 0.000 0.000 0.000 0.000 0.000 
  4 1.396201e+08 1.9038 4.1947 4.6569  7.4637 1.9815 0.6198 0.3801 0.0000 0.0000 0.244 0.685  1.001 0.000 0.646 0.000 0.000 0.000 0.000 0.000 0.000 tmaxms
  5 1.876763e+08 1.9443 4.1937 4.6124  7.4765 1.9962 0.5518 0.4481 0.0000 0.0000 0.237 0.712  1.002 0.000 0.612 0.000 0.000 0.000 0.000 0.000 0.000 
  6 2.292158e+08 1.9856 4.1909 4.5599  7.4890 2.0111 0.4811 0.5188 0.0000 0.0000 0.221 0.720  1.002 0.000 0.574 0.000 0.000 0.000 0.000 0.000 0.000 
  7 2.640551e+08 2.0231 4.1860 4.5028  7.5004 2.0245 0.4127 0.5872 0.0000 0.0000 0.207 0.728  1.002 0.000 0.537 0.000 0.000 0.000 0.000 0.000 0.000 
  8 2.932042e+08 2.0537 4.1804 4.4498  7.5101 2.0367 0.3541 0.6458 0.0000 0.0000 0.196 0.736  1.002 0.000 0.496 0.000 0.000 0.000 0.000 0.000 0.000 
  9 3.167266e+08 2.0837 4.1732 4.3910  7.5201 2.0510 0.2947 0.7052 0.0000 0.0000 0.183 0.743  1.002 0.000 0.454 0.000 0.000 0.000 0.000 0.000 0.000 
 10 3.359364e+08 2.1108 4.1650 4.3311  7.5305 2.0686 0.2380 0.7619 0.0000 0.0000 0.170 0.743  1.002 0.000 0.415 0.000 0.000 0.000 0.000 0.000 0.000 
 11 3.517574e+08 2.1341 4.1565 4.2738  7.5408 2.0887 0.1865 0.8134 0.0000 0.0000 0.158 0.743  1.002 0.000 0.380 0.000 0.000 0.000 0.000 0.000 0.000 
 12 3.649195e+08 2.1551 4.1476 4.2172  7.5523 2.1142 0.1376 0.8623 0.0000 0.0000 0.146 0.743  1.002 0.000 0.347 0.000 0.000 0.000 0.000 0.000 0.000 
 13 3.766358e+08 2.1755 4.1387 4.1612  7.5671 2.1512 0.0882 0.9117 0.0000 0.0000 0.134 0.743  1.002 0.000 0.316 0.000 0.000 0.000 0.000 0.000 0.000 
 14 3.871442e+08 2.1973 4.1330 4.1166  7.5916 2.2191 0.0382 0.9617 0.0000 0.0000 0.121 0.743  1.000 0.000 0.303 0.000 0.000 0.000 0.000 0.000 0.000 tminms
 15 3.922484e+08 2.2160 4.1413 4.1311  7.6261 2.3234 0.0103 0.9896 0.0000 0.0000 0.113 0.743  0.988 0.000 0.322 0.000 0.000 0.000 0.000 0.000 0.000 
 16 3.932741e+08 2.2267 4.1509 4.1588  7.6470 2.3923 0.0044 0.9955 0.0000 0.0000 0.109 0.743  0.968 0.000 0.347 0.000 0.000 0.000 0.000 0.000 0.000 
 17 3.937088e+08 2.2379 4.1600 4.1840  7.6651 2.4580 0.0020 0.9979 0.0000 0.0000 0.104 0.743  0.931 0.000 0.380 0.000 0.000 0.000 0.000 0.000 0.000 
 18 3.939286e+08 2.2550 4.1706 4.2093  7.6871 2.5586 0.0006 0.9993 0.0000 0.0000 0.089 0.743  0.854 0.000 0.482 0.000 0.000 0.000 0.000 0.000 0.000 
 19 3.940838e+08 2.2672 4.1771 4.2231  7.6991 2.7749 0.0000 0.9999 0.0000 0.0000 0.015 0.743  0.929 0.000 0.612 0.000 0.000 0.000 0.000 0.000 0.000 tmaxlms
 20 3.941552e+08 2.2451 4.1687 4.2116  7.6654 2.9486 0.0000 0.9999 0.0000 0.0000 0.000 0.743  1.194 0.002 0.568 0.000 0.000 0.000 0.000 0.000 0.000 
 21 3.941938e+08 2.2378 4.1621 4.1925  7.6591 3.0109 0.0000 0.9999 0.0000 0.0000 0.000 0.743  1.188 0.008 0.537 0.000 0.000 0.000 0.000 0.000 0.000 lminsgb
 22 3.942689e+08 2.2525 4.1539 4.1450  7.6555 3.0938 0.0000 0.9999 0.0000 0.0000 0.000 0.743  1.152 0.017 0.454 0.000 0.000 0.000 0.000 0.000 0.000 
 23 3.943691e+08 2.2798 4.1448 4.0813  7.6528 3.1930 0.0000 0.9999 0.0000 0.0000 0.000 0.743  1.104 0.029 0.408 0.000 0.000 0.000 0.000 0.000 0.000 
 24 3.945063e+08 2.2969 4.1355 4.0270  7.6521 3.2846 0.0000 0.9999 0.0000 0.0000 0.000 0.743  1.074 0.037 0.387 0.000 0.000 0.000 0.000 0.000 0.000 
 25 3.946816e+08 2.3087 4.1261 3.9776  7.6536 3.3714 0.0000 0.9999 0.0000 0.0000 0.000 0.743  1.057 0.046 0.367 0.000 0.000 0.000 0.000 0.000 0.000 
 26 3.948904e+08 2.3168 4.1176 3.9355  7.6572 3.4461 0.0000 0.9999 0.0000 0.0000 0.000 0.743  1.047 0.054 0.354 0.000 0.000 0.000 0.000 0.000 0.000 
 27 3.951163e+08 2.3245 4.1073 3.8866  7.6643 3.5303 0.0000 0.9999 0.0000 0.0000 0.000 0.743  1.040 0.063 0.335 0.000 0.000 0.000 0.000 0.000 0.000 
 28 3.953474e+08 2.3314 4.0956 3.8329  7.6750 3.6174 0.0000 0.9999 0.0000 0.0000 0.000 0.743  1.036 0.074 0.316 0.000 0.000 0.000 0.000 0.000 0.000 
 29 3.955701e+08 2.3358 4.0869 3.7937  7.6845 3.6762 0.0000 0.9999 0.0000 0.0000 0.000 0.743  1.035 0.079 0.309 0.000 0.000 0.000 0.000 0.000 0.000 
 30 3.957793e+08 2.3399 4.0774 3.7516  7.6958 3.7355 0.0000 0.9999 0.0000 0.0000 0.000 0.743  1.035 0.085 0.296 0.000 0.000 0.000 0.000 0.000 0.000 
 31 3.959707e+08 2.3438 4.0669 3.7057  7.7088 3.7953 0.0000 0.9999 0.0000 0.0000 0.000 0.743  1.036 0.091 0.281 0.000 0.000 0.000 0.000 0.000 0.000 
 32 3.961434e+08 2.3475 4.0550 3.6544  7.7234 3.8555 0.0000 0.9999 0.0000 0.0000 0.000 0.743  1.038 0.096 0.265 0.000 0.000 0.000 0.000 0.000 0.000 
 33 3.962985e+08 2.3492 4.0486 3.6271  7.7313 3.8857 0.0000 0.9999 0.0000 0.0000 0.000 0.743  1.039 0.099 0.257 0.000 0.000 0.000 0.000 0.000 0.000 
 34 3.964383e+08 2.3524 4.0342 3.5663  7.7481 3.9462 0.0000 0.9999 0.0000 0.0000 0.000 0.743  1.042 0.103 0.244 0.000 0.000 0.000 0.000 0.000 0.000 
 35 3.965635e+08 2.3538 4.0263 3.5333  7.7570 3.9766 0.0000 0.9999 0.0000 0.0000 0.000 0.743  1.044 0.106 0.235 0.000 0.000 0.000 0.000 0.000 0.000 
 36 3.966766e+08 2.3550 4.0178 3.4981  7.7661 4.0069 0.0000 0.9999 0.0000 0.0000 0.000 0.743  1.046 0.108 0.230 0.000 0.000 0.000 0.000 0.000 0.000 
 37 3.967789e+08 2.3561 4.0086 3.4602  7.7755 4.0372 0.0000 0.9999 0.0000 0.0000 0.000 0.743  1.048 0.110 0.224 0.000 0.000 0.000 0.000 0.000 0.000 
 38 3.968720e+08 2.3570 3.9986 3.4193  7.7851 4.0676 0.0000 0.9999 0.0000 0.0000 0.000 0.743  1.051 0.112 0.219 0.000 0.000 0.000 0.000 0.000 0.000 
 39 3.969598e+08 2.3577 3.9830 3.3562  7.7992 4.1110 0.0000 0.9999 0.0000 0.0000 0.000 0.743  1.056 0.114 0.211 0.000 0.000 0.000 0.000 0.000 0.000 lmaxsgb
 40 3.970393e+08 2.3577 3.9730 3.3162  7.8075 4.1363 0.0000 0.9999 0.0000 0.0000 0.000 0.743  1.060 0.116 0.206 0.000 0.000 0.000 0.000 0.000 0.000 
 41 3.971122e+08 2.3576 3.9635 3.2783  7.8149 4.1586 0.0000 0.9999 0.0000 0.0000 0.000 0.743  1.063 0.117 0.202 0.000 0.000 0.000 0.000 0.000 0.000 
 42 3.971792e+08 2.3574 3.9549 3.2441  7.8213 4.1776 0.0000 0.9999 0.0000 0.0000 0.000 0.743  1.065 0.118 0.200 0.000 0.000 0.000 0.000 0.000 0.000 
 43 3.972412e+08 2.3570 3.9436 3.1993  7.8291 4.2007 0.0000 0.9999 0.0000 0.0000 0.000 0.743  1.068 0.119 0.196 0.000 0.000 0.000 0.000 0.000 0.000 
 44 3.972987e+08 2.3566 3.9366 3.1717  7.8337 4.2140 0.0000 0.9999 0.0000 0.0000 0.000 0.743  1.070 0.121 0.193 0.000 0.000 0.000 0.000 0.000 0.000 
 45 3.973521e+08 2.3561 3.9286 3.1402  7.8387 4.2288 0.0000 0.9999 0.0000 0.0000 0.000 0.743  1.072 0.122 0.192 0.000 0.000 0.000 0.000 0.000 0.000 
 46 3.974020e+08 2.3553 3.9191 3.1030  7.8443 4.2450 0.0000 0.9999 0.0000 0.0000 0.000 0.743  1.075 0.122 0.190 0.000 0.000 0.000 0.000 0.000 0.000 
 47 3.974499e+08 2.3535 3.9017 3.0352  7.8539 4.2728 0.0000 0.9999 0.0000 0.0000 0.000 0.743  1.080 0.124 0.187 0.000 0.000 0.000 0.000 0.000 0.000 
 48 3.974943e+08 2.3520 3.8909 2.9935  7.8593 4.2887 0.0000 0.9999 0.0000 0.0000 0.000 0.743  1.084 0.125 0.186 0.000 0.000 0.000 0.000 0.000 0.000 
 49 3.975359e+08 2.3504 3.8808 2.9547  7.8641 4.3026 0.0000 0.9999 0.0000 0.0000 0.000 0.743  1.088 0.126 0.184 0.000 0.000 0.000 0.000 0.000 0.000 
 50 3.975746e+08 2.3489 3.8717 2.9198  7.8682 4.3143 0.0000 0.9999 0.0000 0.0000 0.000 0.743  1.090 0.126 0.183 0.000 0.000 0.000 0.000 0.000 0.000 
 51 3.976109e+08 2.3479 3.8662 2.8988  7.8705 4.3211 0.0000 0.9999 0.0000 0.0000 0.000 0.743  1.092 0.127 0.182 0.000 0.000 0.000 0.000 0.000 0.000 
 52 3.976449e+08 2.3455 3.8529 2.8480  7.8759 4.3365 0.0000 0.9999 0.0000 0.0000 0.000 0.743  1.096 0.128 0.182 0.000 0.000 0.000 0.000 0.000 0.000 
 53 3.976773e+08 2.3431 3.8407 2.8016  7.8805 4.3498 0.0000 0.9999 0.0000 0.0000 0.000 0.743  1.100 0.129 0.181 0.000 0.000 0.000 0.000 0.000 0.000 
 54 3.977079e+08 2.3407 3.8297 2.7600  7.8844 4.3609 0.0000 0.9999 0.0000 0.0000 0.000 0.743  1.104 0.130 0.180 0.000 0.000 0.000 0.000 0.000 0.000 
 55 3.977370e+08 2.3382 3.8191 2.7201  7.8879 4.3712 0.0000 0.9999 0.0000 0.0000 0.000 0.743  1.108 0.131 0.179 0.000 0.000 0.000 0.000 0.000 0.000 
 56 3.977646e+08 2.3368 3.8138 2.7003  7.8896 4.3761 0.0000 0.9999 0.0000 0.0000 0.000 0.743  1.110 0.131 0.179 0.000 0.000 0.000 0.000 0.000 0.000 
 57 3.977910e+08 2.3340 3.8030 2.6599  7.8930 4.3857 0.0000 0.9999 0.0000 0.0000 0.000 0.743  1.114 0.131 0.178 0.000 0.000 0.000 0.000 0.000 0.000 
 58 3.978174e+08 2.3308 3.7921 2.6195  7.8963 4.3952 0.0000 0.9999 0.0000 0.0000 0.000 0.743  1.119 0.132 0.177 0.000 0.000 0.000 0.000 0.000 0.000 
 59 3.978469e+08 2.3272 3.7820 2.5827  7.8995 4.4045 0.0000 0.9999 0.0000 0.0000 0.000 0.743  1.125 0.132 0.177 0.000 0.000 0.000 0.000 0.000 0.000 
 60 3.978823e+08 2.3209 3.7695 2.5390  7.9044 4.4185 0.0000 0.9999 0.0000 0.0000 0.000 0.743  1.135 0.133 0.176 0.000 0.000 0.000 0.000 0.000 0.000 
 61 3.979322e+08 2.3101 3.7583 2.5050  7.9108 4.4370 0.0000 0.9999 0.0000 0.0000 0.000 0.743  1.151 0.134 0.175 0.000 0.000 0.000 0.000 0.000 0.000 
 62 3.979937e+08 2.2958 3.7497 2.4849  7.9173 4.4556 0.0000 0.9999 0.0000 0.0000 0.000 0.743  1.174 0.135 0.174 0.000 0.000 0.000 0.000 0.000 0.000 
 63 3.980683e+08 2.2709 3.7402 2.4718  7.9270 4.4835 0.0000 0.9999 0.0000 0.0000 0.000 0.743  1.208 0.137 0.173 0.000 0.000 0.000 0.000 0.000 0.000 
 64 3.981217e+08 2.2643 3.7361 2.4620  7.9320 4.4978 0.0000 0.9999 0.0000 0.0000 0.000 0.743  1.207 0.138 0.172 0.000 0.000 0.000 0.000 0.000 0.000 brgb
 65 3.982090e+08 2.2873 3.7284 2.4082  7.9426 4.5287 0.0000 0.9999 0.0000 0.0000 0.000 0.724  1.122 0.139 0.171 0.000 0.000 0.000 0.000 0.000 0.000 
 66 3.982777e+08 2.3285 3.7247 2.3522  7.9504 4.5518 0.0000 0.9999 0.0000 0.0000 0.000 0.616  1.036 0.141 0.170 0.000 0.000 0.000 0.000 0.000 0.000 
 67 3.983842e+08 2.3658 3.7225 2.3061  7.9600 4.5814 0.0000 0.9999 0.0000 0.0000 0.000 0.517  0.993 0.143 0.170 0.000 0.000 0.001 0.000 0.000 0.000 
 68 3.985364e+08 2.4086 3.7198 2.2525  7.9759 4.6293 0.0000 0.9999 0.0000 0.0000 0.000 0.427  0.979 0.144 0.169 0.000 0.000 0.006 0.000 0.000 0.000 
 69 3.987062e+08 2.4485 3.7180 2.2054  7.9948 4.6745 0.0000 0.9996 0.0003 0.0000 0.000 0.373  0.975 0.147 0.169 0.001 0.000 0.012 0.000 0.000 0.000 
 70 3.988821e+08 2.4888 3.7161 2.1575  8.0285 4.7016 0.0000 0.9990 0.0009 0.0000 0.008 0.331  0.971 0.150 0.169 0.009 0.000 0.014 0.000 0.000 0.000 
 71 3.989537e+08 2.5003 3.7154 2.1432  8.0470 4.6847 0.0000 0.9985 0.0014 0.0000 0.023 0.321  0.962 0.151 0.170 0.043 0.000 0.014 0.000 0.000 0.000 trgb
 72 3.992354e+08 2.4643 3.7175 2.1876  8.0556 4.5131 0.0000 0.9947 0.0052 0.0000 0.053 0.320  0.958 0.154 0.173 0.046 0.000 0.016 0.000 0.000 0.000 
 73 4.002574e+08 2.4252 3.7195 2.2347  8.0536 4.4716 0.0000 0.9858 0.0140 0.0001 0.038 0.320  0.959 0.159 0.179 0.035 0.000 0.016 0.000 0.000 0.000 
 74 4.027199e+08 2.3864 3.7228 2.2867  8.0619 4.3956 0.0000 0.9584 0.0409 0.0006 0.056 0.320  0.942 0.169 0.192 0.053 0.000 0.018 0.000 0.000 0.000 
 75 4.055843e+08 2.3670 3.7268 2.3221  8.0680 4.3373 0.0000 0.9422 0.0565 0.0012 0.062 0.320  0.922 0.178 0.203 0.071 0.000 0.020 0.000 0.000 0.000 lmincheb
 76 4.078919e+08 2.3844 3.7334 2.3311  8.0724 4.3025 0.0000 0.9184 0.0793 0.0022 0.066 0.320  0.906 0.184 0.212 0.080 0.000 0.021 0.000 0.000 0.000 
 77 4.089035e+08 2.4078 3.7409 2.3377  8.0742 4.2893 0.0000 0.9076 0.0895 0.0028 0.067 0.320  0.903 0.187 0.216 0.081 0.000 0.022 0.000 0.000 0.000 
 78 4.098550e+08 2.4264 3.7501 2.3559  8.0761 4.2765 0.0000 0.8966 0.0998 0.0035 0.069 0.320  0.904 0.190 0.220 0.083 0.000 0.023 0.000 0.000 0.000 
 79 4.105845e+08 2.4396 3.7622 2.3911  8.0778 4.2638 0.0000 0.8859 0.1098 0.0042 0.071 0.320  0.904 0.192 0.223 0.086 0.000 0.023 0.000 0.000 0.000 
 80 4.111323e+08 2.4433 3.7677 2.4094  8.0784 4.2598 0.0000 0.8827 0.1128 0.0045 0.071 0.320  0.903 0.193 0.224 0.087 0.000 0.023 0.000 0.000 0.000 
 81 4.115974e+08 2.4500 3.7805 2.4539  8.0796 4.2517 0.0000 0.8755 0.1194 0.0050 0.072 0.320  0.902 0.195 0.227 0.089 0.000 0.024 0.000 0.000 0.000 
 82 4.120328e+08 2.4532 3.7881 2.4811  8.0802 4.2478 0.0000 0.8712 0.1234 0.0053 0.073 0.320  0.901 0.195 0.228 0.091 0.000 0.024 0.000 0.000 0.000 
 83 4.124695e+08 2.4588 3.8022 2.5319  8.0814 4.2401 0.0000 0.8639 0.1301 0.0059 0.074 0.320  0.899 0.197 0.230 0.093 0.000 0.024 0.000 0.000 0.000 
 84 4.129576e+08 2.4615 3.8090 2.5564  8.0820 4.2361 0.0000 0.8600 0.1336 0.0063 0.075 0.320  0.898 0.198 0.232 0.095 0.000 0.024 0.000 0.000 0.000 
 85 4.134966e+08 2.4667 3.8219 2.6028  8.0832 4.2282 0.0000 0.8523 0.1407 0.0069 0.076 0.320  0.896 0.200 0.234 0.097 0.000 0.024 0.000 0.000 0.000 
 86 4.140827e+08 2.4712 3.8326 2.6411  8.0844 4.2211 0.0000 0.8440 0.1482 0.0077 0.077 0.320  0.894 0.201 0.236 0.100 0.000 0.025 0.000 0.000 0.000 
 87 4.147270e+08 2.4751 3.8414 2.6724  8.0854 4.2148 0.0000 0.8370 0.1545 0.0083 0.078 0.320  0.892 0.203 0.238 0.103 0.000 0.025 0.000 0.000 0.000 
 88 4.154275e+08 2.4807 3.8537 2.7160  8.0869 4.2053 0.0000 0.8268 0.1637 0.0094 0.080 0.320  0.889 0.205 0.241 0.106 0.000 0.026 0.000 0.000 0.000 
 89 4.161434e+08 2.4845 3.8619 2.7450  8.0880 4.1987 0.0000 0.8191 0.1706 0.0102 0.081 0.320  0.886 0.206 0.243 0.109 0.000 0.026 0.000 0.000 0.000 
 90 4.169182e+08 2.4896 3.8730 2.7843  8.0895 4.1896 0.0000 0.8076 0.1808 0.0115 0.082 0.320  0.882 0.208 0.246 0.113 0.000 0.026 0.000 0.000 0.000 
 91 4.177346e+08 2.4946 3.8834 2.8209  8.0911 4.1808 0.0000 0.7956 0.1914 0.0129 0.084 0.320  0.878 0.210 0.249 0.117 0.000 0.027 0.000 0.000 0.000 
 92 4.185958e+08 2.5000 3.8945 2.8599  8.0928 4.1707 0.0000 0.7830 0.2024 0.0145 0.086 0.320  0.874 0.212 0.253 0.122 0.000 0.028 0.000 0.000 0.000 
 93 4.194914e+08 2.5053 3.9052 2.8974  8.0945 4.1607 0.0000 0.7700 0.2137 0.0162 0.088 0.320  0.869 0.214 0.256 0.127 0.000 0.028 0.000 0.000 0.000 
 94 4.204392e+08 2.5099 3.9143 2.9292  8.0961 4.1522 0.0000 0.7568 0.2250 0.0180 0.090 0.320  0.864 0.216 0.259 0.132 0.000 0.029 0.000 0.000 0.000 
 95 4.214833e+08 2.5151 3.9242 2.9636  8.0980 4.1420 0.0000 0.7417 0.2378 0.0203 0.092 0.320  0.859 0.219 0.263 0.138 0.000 0.029 0.000 0.000 0.000 
 96 4.226230e+08 2.5213 3.9353 3.0018  8.1005 4.1301 0.0000 0.7214 0.2550 0.0235 0.094 0.320  0.852 0.222 0.268 0.145 0.000 0.030 0.000 0.000 0.000 
 97 4.239351e+08 2.5273 3.9453 3.0358  8.1030 4.1183 0.0000 0.6995 0.2732 0.0271 0.097 0.320  0.845 0.224 0.272 0.153 0.000 0.031 0.000 0.000 0.000 
 98 4.255412e+08 2.5345 3.9554 3.0690  8.1060 4.1041 0.0000 0.6742 0.2937 0.0320 0.101 0.320  0.835 0.228 0.278 0.163 0.000 0.032 0.000 0.000 0.000 
 99 4.275398e+08 2.5435 3.9659 3.1020  8.1100 4.0868 0.0000 0.6407 0.3200 0.0392 0.104 0.320  0.823 0.232 0.284 0.176 0.000 0.034 0.000 0.000 0.000 
100 4.299162e+08 2.5535 3.9759 3.1320  8.1148 4.0683 0.0000 0.5997 0.3512 0.0490 0.106 0.320  0.807 0.236 0.290 0.193 0.000 0.035 0.000 0.000 0.000 
101 4.324782e+08 2.5638 3.9857 3.1609  8.1203 4.0505 0.0000 0.5522 0.3859 0.0618 0.108 0.320  0.788 0.241 0.298 0.211 0.000 0.037 0.000 0.000 0.000 
102 4.354194e+08 2.5752 3.9956 3.1891  8.1275 4.0332 0.0000 0.4907 0.4281 0.0810 0.112 0.320  0.764 0.247 0.307 0.236 0.000 0.040 0.000 0.000 0.000 
103 4.392200e+08 2.5897 4.0053 3.2134  8.1375 4.0132 0.0000 0.4116 0.4755 0.1128 0.115 0.320  0.730 0.253 0.318 0.271 0.000 0.043 0.000 0.000 0.000 
104 4.450835e+08 2.6112 4.0121 3.2191  8.1568 3.9960 0.0000 0.2769 0.5343 0.1887 0.118 0.325  0.669 0.264 0.330 0.333 0.000 0.049 0.000 0.000 0.000 tmaxcheb
105 4.507492e+08 2.6331 4.0041 3.1652  8.1843 4.0131 0.0000 0.1446 0.5362 0.3191 0.122 0.337  0.603 0.272 0.339 0.399 0.000 0.057 0.000 0.000 0.000 
106 4.532237e+08 2.6434 3.9948 3.1177  8.1998 4.0366 0.0000 0.0966 0.5035 0.3997 0.122 0.343  0.577 0.276 0.339 0.425 0.000 0.062 0.000 0.000 0.000 
107 4.544275e+08 2.6495 3.9848 3.0716  8.2118 4.0624 0.0000 0.0684 0.4767 0.4548 0.124 0.344  0.565 0.278 0.339 0.436 0.000 0.064 0.000 0.001 0.000 
108 4.553740e+08 2.6551 3.9740 3.0228  8.2229 4.0889 0.0000 0.0490 0.4449 0.5060 0.125 0.346  0.556 0.280 0.337 0.446 0.000 0.066 0.000 0.001 0.000 
109 4.558001e+08 2.6572 3.9644 2.9823  8.2316 4.1139 0.0000 0.0363 0.4287 0.5349 0.125 0.346  0.557 0.280 0.336 0.445 0.000 0.068 0.000 0.001 0.000 
110 4.561039e+08 2.6598 3.9535 2.9361  8.2399 4.1389 0.0000 0.0268 0.4131 0.5600 0.125 0.346  0.558 0.281 0.334 0.444 0.000 0.069 0.000 0.001 0.000 
111 4.563386e+08 2.6616 3.9436 2.8947  8.2469 4.1603 0.0000 0.0205 0.4009 0.5785 0.125 0.346  0.559 0.281 0.332 0.443 0.000 0.070 0.000 0.001 0.000 
112 4.565234e+08 2.6631 3.9335 2.8528  8.2535 4.1812 0.0000 0.0157 0.3902 0.5939 0.125 0.346  0.562 0.282 0.330 0.440 0.000 0.071 0.000 0.001 0.000 
113 4.566678e+08 2.6641 3.9232 2.8106  8.2598 4.2015 0.0000 0.0120 0.3813 0.6065 0.125 0.346  0.566 0.282 0.329 0.436 0.000 0.072 0.000 0.001 0.000 
114 4.567783e+08 2.6647 3.9139 2.7728  8.2651 4.2190 0.0000 0.0095 0.3748 0.6155 0.125 0.346  0.570 0.282 0.328 0.432 0.000 0.072 0.000 0.001 0.000 
115 4.568672e+08 2.6650 3.9038 2.7321  8.2705 4.2372 0.0000 0.0074 0.3691 0.6233 0.123 0.346  0.575 0.282 0.326 0.427 0.000 0.073 0.000 0.001 0.000 
116 4.569022e+08 2.6651 3.9001 2.7172  8.2725 4.2437 0.0000 0.0068 0.3674 0.6257 0.122 0.346  0.576 0.283 0.325 0.425 0.000 0.073 0.000 0.001 0.000 lmaxcheb
117 4.569673e+08 2.6649 3.8876 2.6674  8.2788 4.2651 0.0000 0.0050 0.3624 0.6325 0.117 0.346  0.584 0.283 0.325 0.417 0.000 0.073 0.000 0.002 0.000 
118 4.570191e+08 2.6643 3.8793 2.6348  8.2829 4.2795 0.0000 0.0041 0.3596 0.6362 0.113 0.346  0.590 0.283 0.323 0.408 0.000 0.074 0.000 0.002 0.000 
119 4.570601e+08 2.6626 3.8680 2.5913  8.2887 4.3001 0.0000 0.0030 0.3564 0.6404 0.107 0.346  0.602 0.283 0.321 0.392 0.000 0.073 0.000 0.002 0.000 
120 4.570920e+08 2.6603 3.8571 2.5500  8.2941 4.3202 0.0000 0.0022 0.3541 0.6435 0.103 0.347  0.614 0.283 0.321 0.373 0.000 0.074 0.000 0.002 0.000 
121 4.571175e+08 2.6576 3.8469 2.5119  8.2992 4.3397 0.0000 0.0016 0.3524 0.6458 0.099 0.347  0.628 0.283 0.320 0.352 0.000 0.074 0.000 0.002 0.000 
122 4.571383e+08 2.6546 3.8375 2.4773  8.3039 4.3582 0.0000 0.0012 0.3511 0.6475 0.094 0.347  0.642 0.283 0.319 0.327 0.000 0.074 0.000 0.002 0.000 
123 4.571552e+08 2.6513 3.8284 2.4442  8.3085 4.3768 0.0000 0.0009 0.3501 0.6489 0.088 0.347  0.658 0.283 0.318 0.298 0.000 0.074 0.000 0.003 0.000 
124 4.571692e+08 2.6477 3.8197 2.4130  8.3130 4.3952 0.0000 0.0006 0.3494 0.6498 0.083 0.347  0.674 0.283 0.316 0.269 0.126 0.129 0.000 0.003 0.000 
125 4.571810e+08 2.6418 3.8069 2.3677  8.3194 4.4238 0.0000 0.0004 0.3486 0.6509 0.072 0.347  0.700 0.283 0.316 0.208 0.126 0.138 0.000 0.003 0.000 
126 4.571912e+08 2.6368 3.7973 2.3343  8.3241 4.4470 0.0000 0.0002 0.3481 0.6515 0.060 0.347  0.722 0.283 0.315 0.151 0.125 0.146 0.000 0.004 0.000 
127 4.572002e+08 2.6305 3.7862 2.2962  8.3294 4.4765 0.0000 0.0001 0.3478 0.6520 0.044 0.347  0.750 0.283 0.313 0.080 0.125 0.156 0.000 0.004 0.000 
128 4.572083e+08 2.6233 3.7754 2.2602  8.3333 4.5091 0.0000 0.0000 0.3475 0.6523 0.000 0.347  0.773 0.283 0.312 0.023 0.000 0.163 0.000 0.004 0.000 
129 4.572167e+08 2.6150 3.7656 2.2293  8.3340 4.5426 0.0000 0.0000 0.3475 0.6523 0.000 0.347  0.800 0.283 0.312 0.017 0.009 0.166 0.000 0.005 0.000 
130 4.572257e+08 2.6040 3.7557 2.2007  8.3368 4.5791 0.0000 0.0000 0.3475 0.6523 0.000 0.347  0.820 0.283 0.310 0.021 0.018 0.171 0.000 0.005 0.000 
131 4.572381e+08 2.5900 3.7477 2.1827  8.3410 4.6184 0.0000 0.0000 0.3475 0.6523 0.000 0.347  0.844 0.283 0.309 0.030 0.025 0.176 0.000 0.006 0.000 
132 4.572536e+08 2.5666 3.7380 2.1673  8.3490 4.6772 0.0000 0.0000 0.3475 0.6523 0.000 0.347  0.877 0.283 0.308 0.059 0.032 0.182 0.000 0.008 0.000 
133 4.572742e+08 2.5457 3.7292 2.1530  8.3584 4.7415 0.0000 0.0000 0.3475 0.6523 0.000 0.347  0.876 0.284 0.306 0.151 0.044 0.187 0.000 0.011 0.000 
134 4.572766e+08 2.5457 3.7292 2.1530  8.3584 4.7415 0.0000 0.0000 0.3475 0.6523 0.000 0.347  0.876 0.284 0.306 0.151 0.044 0.187 0.000 0.011 0.000 lmin1cheb
135 4.572949e+08 2.5694 3.7212 2.0973  8.3641 4.7956 0.0000 0.0000 0.3475 0.6523 0.000 0.347  0.746 0.284 0.305 0.372 0.050 0.188 0.000 0.016 0.000 
136 4.573068e+08 2.5966 3.7184 2.0589  8.3638 4.8120 0.0000 0.0000 0.3475 0.6523 0.000 0.347  0.656 0.284 0.305 0.487 0.053 0.188 0.000 0.017 0.000 
137 4.573202e+08 2.6277 3.7161 2.0186  8.3617 4.8260 0.0000 0.0000 0.3475 0.6523 0.000 0.347  0.558 0.284 0.305 0.601 0.058 0.188 0.000 0.015 0.000 
138 4.573583e+08 2.6825 3.7133 1.9526  8.3501 4.8620 0.0000 0.0000 0.3475 0.6523 0.000 0.347  0.340 0.284 0.307 0.685 0.069 0.188 0.000 0.011 0.000 lmaxeagb
139 4.575075e+08 2.6578 3.7148 1.9833  8.3280 4.9945 0.0000 0.0000 0.3475 0.6523 0.000 0.347  0.062 0.285 0.309 0.992 0.085 0.188 0.000 0.009 0.000 lmineagb
140 4.576247e+08 2.6858 3.7120 1.9441  8.3205 5.0523 0.0000 0.0000 0.3475 0.6523 0.000 0.347  0.015 0.285 0.308 1.040 0.088 0.188 0.000 0.008 0.000 
141 4.577160e+08 2.7232 3.7091 1.8951  8.3156 5.0930 0.0000 0.0000 0.3475 0.6523 0.000 0.347  0.005 0.285 0.305 1.025 0.090 0.188 0.000 0.007 0.000 
142 4.578319e+08 2.7608 3.7071 1.8495  8.3110 5.1354 0.0000 0.0000 0.3475 0.6523 0.000 0.346  0.002 0.285 0.303 1.012 0.092 0.190 0.000 0.006 0.000 
143 4.579773e+08 2.8150 3.7038 1.7821  8.3048 5.2036 0.0000 0.0000 0.3475 0.6523 0.000 0.346  0.001 0.286 0.301 1.001 0.096 0.192 0.000 0.006 0.000 
144 4.581438e+08 2.8540 3.7020 1.7359  8.3013 5.2539 0.0000 0.0000 0.3475 0.6523 0.000 0.346  0.000 0.286 0.299 0.997 0.101 0.194 0.000 0.006 0.000 
145 4.583149e+08 2.8757 3.7008 1.7094  8.3000 5.2814 0.0000 0.0000 0.3475 0.6523 0.000 0.346  0.000 0.286 0.298 0.996 0.104 0.196 0.000 0.006 0.000 
146 4.584815e+08 2.9223 3.6985 1.6536  8.2987 5.3374 0.0000 0.0000 0.3475 0.6523 0.000 0.346  0.000 0.287 0.297 0.994 0.111 0.197 0.000 0.006 0.000 
147 4.586397e+08 2.9637 3.6964 1.6038  8.2992 5.3849 0.0000 0.0000 0.3475 0.6523 0.000 0.346  0.000 0.287 0.296 0.992 0.120 0.200 0.000 0.006 0.000 
148 4.587872e+08 3.0141 3.6939 1.5434  8.3013 5.4402 0.0000 0.0000 0.3475 0.6523 0.000 0.346  0.000 0.289 0.294 0.989 0.125 0.203 0.000 0.006 0.000 
149 4.589209e+08 3.0439 3.6926 1.5084  8.3032 5.4719 0.0000 0.0000 0.3475 0.6523 0.000 0.345  0.000 0.000 0.000 0.988 0.125 0.205 0.000 0.007 0.000 
150 4.590421e+08 3.0936 3.6900 1.4483  8.3066 5.5226 0.0000 0.0000 0.3475 0.6523 0.000 0.334  0.000 0.000 0.000 0.985 0.134 0.207 0.000 0.007 0.000 
151 4.591523e+08 3.1311 3.6882 1.4036  8.3096 5.5605 0.0000 0.0000 0.3475 0.6523 0.000 0.328  0.000 0.000 0.000 0.983 0.139 0.209 0.000 0.008 0.000 
152 4.592509e+08 3.1773 3.6860 1.3486  8.3135 5.6066 0.0000 0.0000 0.3475 0.6523 0.000 0.322  0.000 0.000 0.000 0.979 0.147 0.213 0.000 0.008 0.002 
153 4.593391e+08 3.2157 3.6839 1.3018  8.3167 5.6445 0.0000 0.0000 0.3475 0.6523 0.000 0.319  0.000 0.000 0.000 0.976 0.153 0.216 0.000 0.009 0.007 
154 4.594197e+08 3.2562 3.6822 1.2545  8.3198 5.6846 0.0000 0.0000 0.3475 0.6523 0.000 0.315  0.000 0.000 0.000 0.973 0.164 0.219 0.000 0.010 0.014 
155 4.594914e+08 3.2900 3.6802 1.2127  8.3217 5.7176 0.0000 0.0000 0.3475 0.6523 0.000 0.313  0.000 0.000 0.000 0.973 0.169 0.221 0.000 0.011 0.020 
156 4.595587e+08 3.3342 3.6780 1.1597  8.3228 5.7602 0.0000 0.0000 0.3475 0.6523 0.000 0.310  0.000 0.000 0.000 0.973 0.175 0.224 0.000 0.011 0.028 
157 4.596219e+08 3.3699 3.6761 1.1164  8.3226 5.7954 0.0000 0.0000 0.3475 0.6523 0.000 0.308  0.000 0.000 0.000 0.971 0.180 0.227 0.000 0.012 0.034 
158 4.596812e+08 3.4133 3.6738 1.0638  8.3213 5.8387 0.0000 0.0000 0.3475 0.6523 0.000 0.305  0.000 0.000 0.000 0.969 0.187 0.230 0.000 0.013 0.041 
159 4.597364e+08 3.4531 3.6718 1.0160  8.3188 5.8789 0.0000 0.0000 0.3475 0.6523 0.000 0.304  0.000 0.000 0.000 0.966 0.192 0.233 0.000 0.014 0.048 
160 4.597871e+08 3.4978 3.6690 0.9601  8.3145 5.9243 0.0000 0.0000 0.3475 0.6523 0.000 0.302  0.000 0.000 0.000 0.963 0.199 0.236 0.000 0.015 0.056 
161 4.598344e+08 3.5308 3.6675 0.9211  8.3104 5.9581 0.0000 0.0000 0.3475 0.6523 0.000 0.301  0.000 0.000 0.000 0.961 0.204 0.239 0.000 0.017 0.062 
162 4.598777e+08 3.5764 3.6647 0.8643  8.3031 6.0051 0.0000 0.0000 0.3475 0.6523 0.000 0.299  0.000 0.000 0.000 0.958 0.210 0.242 0.000 0.018 0.072 
163 4.599183e+08 3.6174 3.6626 0.8149  8.2944 6.0479 0.0000 0.0000 0.3475 0.6523 0.000 0.298  0.000 0.000 0.000 0.955 0.216 0.246 0.000 0.019 0.079 
164 4.599556e+08 3.6554 3.6602 0.7673  8.2851 6.0879 0.0000 0.0000 0.3475 0.6523 0.000 0.297  0.000 0.000 0.000 0.953 0.222 0.249 0.000 0.021 0.088 
165 4.599909e+08 3.6952 3.6580 0.7187  8.2744 6.1305 0.0000 0.0000 0.3475 0.6523 0.000 0.297  0.000 0.000 0.000 0.950 0.227 0.253 0.000 0.022 0.097 
166 4.600240e+08 3.7357 3.6556 0.6686  8.2622 6.1749 0.0000 0.0000 0.3475 0.6523 0.000 0.296  0.000 0.000 0.000 0.946 0.233 0.257 0.000 0.024 0.104 
167 4.600553e+08 3.7758 3.6532 0.6189  8.2492 6.2199 0.0000 0.0000 0.3475 0.6523 0.000 0.295  0.000 0.000 0.000 0.943 0.239 0.261 0.000 0.026 0.114 
168 4.600853e+08 3.8151 3.6508 0.5700  8.2355 6.2659 0.0000 0.0000 0.3475 0.6523 0.000 0.295  0.000 0.000 0.000 0.940 0.245 0.265 0.000 0.028 0.123 
169 4.601149e+08 3.8550 3.6483 0.5201  8.2203 6.3154 0.0000 0.0000 0.3475 0.6523 0.000 0.294  0.000 0.000 0.000 0.935 0.252 0.269 0.000 0.030 0.134 
170 4.601457e+08 3.8958 3.6457 0.4689  8.2027 6.3734 0.0000 0.0000 0.3475 0.6523 0.000 0.294  0.000 0.283 0.289 0.930 0.259 0.275 0.000 0.033 0.146 
171 4.601893e+08 3.9352 3.6433 0.4199  8.1771 6.4643 0.0000 0.0000 0.3475 0.6523 0.000 0.294  0.034 0.288 0.291 0.888 0.271 0.283 0.000 0.040 0.164 
172 4.602248e+08 3.9696 3.6410 0.3763  8.1545 6.5427 0.0000 0.0000 0.3475 0.6523 0.000 0.294  0.288 0.292 0.293 0.628 0.279 0.289 0.000 0.045 0.178 
173 4.602361e+08 3.9323 3.6435 0.4236  8.1467 6.5691 0.0000 0.0000 0.3475 0.6523 0.000 0.294  0.384 0.293 0.293 0.523 0.282 0.291 0.000 0.051 0.184 
174 4.602397e+08 3.8955 3.6459 0.4700  8.1442 6.5769 0.0000 0.0000 0.3475 0.6523 0.000 0.294  0.390 0.293 0.294 0.509 0.282 0.291 0.000 0.056 0.185 
175 4.602426e+08 3.8501 3.6489 0.5274  8.1418 6.5844 0.0000 0.0000 0.3475 0.6523 0.000 0.294  0.388 0.293 0.294 0.499 0.283 0.291 0.000 0.063 0.188 
176 4.602456e+08 3.8123 3.6511 0.5740  8.1398 6.5907 0.0000 0.0000 0.3475 0.6523 0.000 0.294  0.403 0.293 0.294 0.462 0.283 0.291 0.000 0.069 0.188 
177 4.602488e+08 3.7730 3.6535 0.6229  8.1377 6.5973 0.0000 0.0000 0.3475 0.6523 0.000 0.294  0.461 0.293 0.294 0.405 0.283 0.292 0.000 0.076 0.188 
178 4.602532e+08 3.7952 3.6523 0.5959  8.1346 6.6076 0.0000 0.0000 0.3475 0.6523 0.000 0.294  0.620 0.294 0.294 0.198 0.284 0.292 0.000 0.073 0.191 
179 4.602564e+08 3.8337 3.6496 0.5466  8.1325 6.6146 0.0000 0.0000 0.3475 0.6523 0.000 0.294  0.708 0.294 0.294 0.097 0.284 0.292 0.000 0.068 0.193 
180 4.602613e+08 3.8593 3.6482 0.5154  8.1284 6.6248 0.0000 0.0000 0.3475 0.6523 0.000 0.294  0.743 0.294 0.294 0.102 0.284 0.292 0.000 0.064 0.193 1sttp
