#n   age/yr      logL   logTef grav    logTc  logrho Xc     Yc     Xc_C   Xc_O   Q_conv Q_disc L_H/L Q1_H Q2_H L_He/L Q1_He Q2_He L_C/L L_nu/L Q_Tmax phase
#(1) (2)         (3)    (4)    (5)     (6)    (7)    (8)    (9)    (10)   (11)   (12)   (13)   (14) (15)  (16) (17)   (18)  (19)  (20)  (21)   (22)   (23) 
  1 0.000000e+00 2.8315 4.3624 4.7011  7.5358 1.6492 0.7678 0.2321 0.0000 0.0000 0.355 0.356  1.006 0.000 0.552 0.000 0.000 0.000 0.000 0.000 0.000 bms
  2 1.365982e+07 2.8710 4.3611 4.6564  7.5421 1.6454 0.7086 0.2913 0.0000 0.0000 0.335 0.470  1.002 0.000 0.514 0.000 0.000 0.000 0.000 0.000 0.000 
  3 2.639286e+07 2.9071 4.3595 4.6139  7.5488 1.6452 0.6518 0.3481 0.0000 0.0000 0.315 0.542  1.002 0.000 0.486 0.000 0.000 0.000 0.000 0.000 0.000 
  4 3.830377e+07 2.9490 4.3563 4.5592  7.5575 1.6471 0.5778 0.4221 0.0000 0.0000 0.292 0.572  1.002 0.000 0.448 0.000 0.000 0.000 0.000 0.000 0.000 
  5 4.762702e+07 2.9861 4.3526 4.5073  7.5652 1.6478 0.5161 0.4838 0.0000 0.0000 0.275 0.592  1.002 0.000 0.417 0.000 0.000 0.000 0.000 0.000 0.000 
  6 5.553573e+07 3.0235 4.3474 4.4491  7.5734 1.6518 0.4511 0.5488 0.0000 0.0000 0.259 0.601  1.002 0.000 0.384 0.000 0.000 0.000 0.000 0.000 0.000 
  7 6.210930e+07 3.0563 4.3417 4.3935  7.5811 1.6588 0.3928 0.6071 0.0000 0.0000 0.241 0.610  1.002 0.000 0.352 0.000 0.000 0.000 0.000 0.000 0.000 
  8 6.765909e+07 3.0861 4.3353 4.3381  7.5891 1.6674 0.3370 0.6629 0.0000 0.0000 0.228 0.610  1.002 0.000 0.308 0.000 0.000 0.000 0.000 0.000 0.000 
  9 7.223929e+07 3.1157 4.3276 4.2777  7.5979 1.6799 0.2806 0.7193 0.0000 0.0000 0.212 0.610  1.003 0.216 0.253 0.000 0.000 0.000 0.000 0.000 0.000 
 10 7.602887e+07 3.1412 4.3198 4.2210  7.6066 1.6951 0.2301 0.7698 0.0000 0.0000 0.199 0.619  1.003 0.201 0.214 0.000 0.000 0.000 0.000 0.000 0.000 
 11 7.919744e+07 3.1653 4.3112 4.1625  7.6164 1.7151 0.1803 0.8196 0.0000 0.0000 0.185 0.619  1.003 0.000 0.194 0.000 0.000 0.000 0.000 0.000 0.000 
 12 8.188105e+07 3.1875 4.3024 4.1051  7.6277 1.7410 0.1330 0.8669 0.0000 0.0000 0.172 0.619  1.003 0.179 0.180 0.000 0.000 0.000 0.000 0.000 0.000 
 13 8.426418e+07 3.2089 4.2937 4.0489  7.6421 1.7779 0.0865 0.9134 0.0000 0.0000 0.159 0.619  1.003 0.000 0.172 0.000 0.000 0.000 0.000 0.000 0.000 
 14 8.651103e+07 3.2320 4.2878 4.0022  7.6677 1.8501 0.0371 0.9628 0.0000 0.0000 0.145 0.619  1.001 0.000 0.185 0.000 0.000 0.000 0.000 0.000 0.000 tminms
 15 8.756933e+07 3.2500 4.2966 4.0194  7.7067 1.9676 0.0090 0.9909 0.0000 0.0000 0.136 0.619  0.985 0.000 0.223 0.000 0.000 0.000 0.000 0.000 0.000 
 16 8.777668e+07 3.2590 4.3061 4.0484  7.7295 2.0411 0.0038 0.9961 0.0000 0.0000 0.131 0.619  0.960 0.000 0.253 0.000 0.000 0.000 0.000 0.000 0.000 
 17 8.786314e+07 3.2699 4.3156 4.0755  7.7517 2.1203 0.0015 0.9984 0.0000 0.0000 0.122 0.619  0.907 0.000 0.285 0.000 0.000 0.000 0.000 0.000 0.000 
 18 8.790776e+07 3.2858 4.3256 4.0996  7.7796 2.2451 0.0004 0.9995 0.0000 0.0000 0.098 0.619  0.796 0.000 0.346 0.000 0.000 0.000 0.000 0.000 0.000 
 19 8.792839e+07 3.2904 4.3286 4.1070  7.7961 2.4295 0.0000 0.9999 0.0000 0.0000 0.027 0.619  0.916 0.000 0.470 0.000 0.000 0.000 0.000 0.000 0.000 tmaxlms
 20 8.794369e+07 3.2690 4.3201 4.0944  7.7765 2.6076 0.0000 0.9999 0.0000 0.0000 0.000 0.619  1.228 0.017 0.371 0.000 0.000 0.000 0.000 0.000 0.000 
 21 8.795473e+07 3.2589 4.3111 4.0685  7.7740 2.6905 0.0000 0.9999 0.0000 0.0000 0.000 0.619  1.234 0.027 0.358 0.000 0.000 0.000 0.000 0.000 0.000 lminsgb
 22 8.796724e+07 3.2669 4.3018 4.0233  7.7759 2.7707 0.0000 0.9999 0.0000 0.0000 0.000 0.619  1.218 0.039 0.339 0.000 0.000 0.000 0.000 0.000 0.000 
 23 8.798088e+07 3.2873 4.2923 3.9649  7.7802 2.8536 0.0000 0.9999 0.0000 0.0000 0.000 0.619  1.183 0.045 0.323 0.000 0.000 0.000 0.000 0.000 0.000 
 24 8.799631e+07 3.3053 4.2834 3.9113  7.7854 2.9277 0.0000 0.9999 0.0000 0.0000 0.000 0.619  1.156 0.054 0.308 0.000 0.000 0.000 0.000 0.000 0.000 
 25 8.801331e+07 3.3167 4.2763 3.8715  7.7904 2.9837 0.0000 0.9999 0.0000 0.0000 0.000 0.619  1.137 0.061 0.302 0.000 0.000 0.000 0.000 0.000 0.000 
 26 8.803156e+07 3.3311 4.2646 3.8103  7.7999 3.0702 0.0000 0.9999 0.0000 0.0000 0.000 0.619  1.118 0.071 0.285 0.000 0.000 0.000 0.000 0.000 0.000 
 27 8.805044e+07 3.3393 4.2564 3.7693  7.8075 3.1282 0.0000 0.9999 0.0000 0.0000 0.000 0.619  1.109 0.077 0.279 0.000 0.000 0.000 0.000 0.000 0.000 
 28 8.806965e+07 3.3498 4.2430 3.7052  7.8210 3.2157 0.0000 0.9999 0.0000 0.0000 0.000 0.619  1.098 0.084 0.263 0.000 0.000 0.000 0.000 0.000 0.000 
 29 8.808870e+07 3.3560 4.2334 3.6606  7.8313 3.2744 0.0000 0.9999 0.0000 0.0000 0.000 0.619  1.093 0.090 0.256 0.000 0.000 0.000 0.000 0.000 0.000 
 30 8.810727e+07 3.3617 4.2231 3.6137  7.8429 3.3333 0.0000 0.9999 0.0000 0.0000 0.000 0.619  1.089 0.093 0.251 0.000 0.000 0.000 0.000 0.000 0.000 
 31 8.812516e+07 3.3644 4.2176 3.5890  7.8491 3.3629 0.0000 0.9999 0.0000 0.0000 0.000 0.619  1.088 0.096 0.247 0.000 0.000 0.000 0.000 0.000 0.000 
 32 8.814223e+07 3.3694 4.2061 3.5380  7.8624 3.4222 0.0000 0.9999 0.0000 0.0000 0.000 0.619  1.085 0.101 0.241 0.000 0.000 0.000 0.000 0.000 0.000 
 33 8.815831e+07 3.3741 4.1935 3.4829  7.8767 3.4817 0.0000 0.9999 0.0000 0.0000 0.000 0.619  1.084 0.108 0.235 0.000 0.000 0.000 0.000 0.000 0.000 
 34 8.817363e+07 3.3763 4.1868 3.4539  7.8843 3.5115 0.0000 0.9999 0.0000 0.0000 0.000 0.619  1.084 0.109 0.233 0.000 0.000 0.000 0.000 0.000 0.000 
 35 8.818800e+07 3.3805 4.1724 3.3921  7.9002 3.5713 0.0000 0.9999 0.0000 0.0000 0.000 0.614  1.084 0.115 0.228 0.000 0.000 0.000 0.000 0.000 0.000 
 36 8.820152e+07 3.3825 4.1647 3.3593  7.9085 3.6012 0.0000 0.9999 0.0000 0.0000 0.000 0.614  1.084 0.117 0.224 0.000 0.000 0.000 0.000 0.000 0.000 
 37 8.821418e+07 3.3853 4.1519 3.3053  7.9217 3.6473 0.0000 0.9999 0.0000 0.0000 0.000 0.614  1.086 0.120 0.221 0.000 0.000 0.000 0.000 0.000 0.000 
 38 8.822609e+07 3.3872 4.1415 3.2618  7.9321 3.6825 0.0000 0.9999 0.0000 0.0000 0.000 0.614  1.088 0.123 0.217 0.000 0.000 0.000 0.000 0.000 0.000 
 39 8.823715e+07 3.3887 4.1319 3.2219  7.9414 3.7129 0.0000 0.9999 0.0000 0.0000 0.000 0.614  1.089 0.125 0.216 0.000 0.000 0.000 0.000 0.000 0.000 
 40 8.824748e+07 3.3900 4.1220 3.1810  7.9504 3.7422 0.0000 0.9999 0.0000 0.0000 0.000 0.614  1.091 0.128 0.214 0.000 0.000 0.000 0.000 0.000 0.000 
 41 8.825708e+07 3.3912 4.1114 3.1374  7.9596 3.7711 0.0000 0.9999 0.0000 0.0000 0.000 0.614  1.093 0.129 0.211 0.000 0.000 0.000 0.000 0.000 0.000 
 42 8.826597e+07 3.3923 4.1001 3.0911  7.9689 3.8000 0.0000 0.9999 0.0000 0.0000 0.000 0.614  1.097 0.131 0.210 0.000 0.000 0.000 0.000 0.000 0.000 
 43 8.827430e+07 3.3931 4.0904 3.0515  7.9765 3.8232 0.0000 0.9999 0.0000 0.0000 0.000 0.614  1.099 0.132 0.208 0.000 0.000 0.000 0.000 0.000 0.000 
 44 8.828215e+07 3.3938 4.0801 3.0096  7.9842 3.8464 0.0000 0.9999 0.0000 0.0000 0.000 0.614  1.100 0.134 0.208 0.000 0.000 0.000 0.000 0.000 0.000 
 45 8.828941e+07 3.3944 4.0689 2.9642  7.9920 3.8698 0.0000 0.9999 0.0000 0.0000 0.000 0.614  1.103 0.135 0.206 0.000 0.000 0.000 0.000 0.000 0.000 
 46 8.829627e+07 3.3947 4.0600 2.9283  7.9979 3.8874 0.0000 0.9999 0.0000 0.0000 0.000 0.614  1.105 0.136 0.204 0.000 0.000 0.001 0.000 0.000 0.000 
 47 8.830265e+07 3.3950 4.0505 2.8900  8.0040 3.9051 0.0000 0.9999 0.0000 0.0000 0.000 0.614  1.108 0.137 0.203 0.000 0.000 0.003 0.000 0.000 0.000 
 48 8.830696e+07 3.3951 4.0438 2.8631  8.0080 3.9169 0.0000 0.9999 0.0000 0.0000 0.000 0.614  1.109 0.138 0.203 0.000 0.000 0.005 0.000 0.000 0.000 lmaxsgb
 49 8.831255e+07 3.3951 4.0331 2.8203  8.0142 3.9347 0.0000 0.9999 0.0000 0.0000 0.000 0.614  1.112 0.139 0.201 0.000 0.000 0.006 0.000 0.000 0.000 
 50 8.831802e+07 3.3951 4.0218 2.7751  8.0205 3.9526 0.0000 0.9999 0.0000 0.0000 0.000 0.614  1.115 0.139 0.200 0.000 0.000 0.008 0.000 0.000 0.000 
 51 8.832311e+07 3.3950 4.0137 2.7428  8.0248 3.9645 0.0000 0.9999 0.0000 0.0000 0.000 0.614  1.118 0.140 0.200 0.000 0.000 0.010 0.000 0.000 0.000 
 52 8.832794e+07 3.3947 4.0008 2.6915  8.0313 3.9824 0.0000 0.9999 0.0000 0.0000 0.000 0.614  1.121 0.142 0.199 0.000 0.000 0.012 0.000 0.000 0.000 
 53 8.833248e+07 3.3944 3.9916 2.6550  8.0357 3.9942 0.0000 0.9999 0.0001 0.0000 0.000 0.614  1.123 0.142 0.198 0.000 0.000 0.014 0.000 0.000 0.000 
 54 8.833679e+07 3.3940 3.9820 2.6170  8.0403 4.0059 0.0000 0.9998 0.0001 0.0000 0.000 0.614  1.126 0.142 0.198 0.000 0.000 0.014 0.000 0.000 0.000 
 55 8.834087e+07 3.3935 3.9719 2.5771  8.0450 4.0173 0.0000 0.9998 0.0001 0.0000 0.000 0.614  1.129 0.143 0.197 0.001 0.000 0.017 0.000 0.000 0.000 
 56 8.834472e+07 3.3928 3.9612 2.5350  8.0500 4.0283 0.0000 0.9997 0.0002 0.0000 0.000 0.614  1.131 0.144 0.197 0.001 0.000 0.019 0.000 0.000 0.000 
 57 8.834843e+07 3.3921 3.9502 2.4917  8.0554 4.0385 0.0000 0.9996 0.0003 0.0000 0.000 0.614  1.135 0.145 0.196 0.001 0.000 0.019 0.000 0.000 0.000 
 58 8.835191e+07 3.3916 3.9445 2.4694  8.0583 4.0432 0.0000 0.9995 0.0004 0.0000 0.000 0.614  1.136 0.145 0.196 0.002 0.000 0.022 0.000 0.000 0.000 
 59 8.835523e+07 3.3907 3.9329 2.4239  8.0642 4.0513 0.0000 0.9993 0.0006 0.0000 0.000 0.614  1.141 0.146 0.195 0.002 0.000 0.020 0.000 0.000 0.000 
 60 8.835833e+07 3.3895 3.9213 2.3787  8.0706 4.0583 0.0000 0.9992 0.0008 0.0000 0.001 0.614  1.143 0.146 0.194 0.004 0.000 0.020 0.000 0.000 0.000 
 61 8.836125e+07 3.3883 3.9100 2.3347  8.0767 4.0637 0.0000 0.9990 0.0009 0.0000 0.002 0.614  1.145 0.147 0.194 0.006 0.000 0.019 0.000 0.000 0.000 
 62 8.836405e+07 3.3871 3.8989 2.2915  8.0824 4.0677 0.0000 0.9990 0.0009 0.0000 0.004 0.614  1.148 0.147 0.194 0.010 0.000 0.019 0.000 0.000 0.000 
 63 8.836676e+07 3.3865 3.8933 2.2697  8.0853 4.0691 0.0000 0.9989 0.0010 0.0000 0.005 0.614  1.149 0.147 0.194 0.012 0.000 0.018 0.000 0.000 0.000 
 64 8.836935e+07 3.3852 3.8818 2.2250  8.0908 4.0708 0.0000 0.9986 0.0013 0.0000 0.007 0.614  1.151 0.148 0.193 0.019 0.000 0.017 0.000 0.000 0.000 
 65 8.837182e+07 3.3837 3.8697 2.1781  8.0962 4.0704 0.0000 0.9985 0.0014 0.0000 0.010 0.614  1.150 0.149 0.193 0.030 0.000 0.017 0.000 0.000 0.000 
 66 8.837418e+07 3.3830 3.8631 2.1524  8.0990 4.0692 0.0000 0.9985 0.0014 0.0000 0.011 0.614  1.150 0.149 0.193 0.037 0.000 0.016 0.000 0.000 0.000 
 67 8.837639e+07 3.3814 3.8486 2.0960  8.1044 4.0642 0.0000 0.9983 0.0017 0.0000 0.015 0.614  1.147 0.149 0.193 0.056 0.000 0.016 0.000 0.000 0.000 
 68 8.837855e+07 3.3805 3.8400 2.0625  8.1071 4.0599 0.0000 0.9981 0.0018 0.0000 0.018 0.614  1.144 0.149 0.193 0.068 0.000 0.016 0.000 0.000 0.000 
 69 8.838066e+07 3.3796 3.8304 2.0250  8.1097 4.0541 0.0000 0.9980 0.0019 0.0000 0.021 0.614  1.140 0.150 0.192 0.082 0.000 0.017 0.000 0.000 0.000 
 70 8.838270e+07 3.3785 3.8173 1.9737  8.1125 4.0451 0.0000 0.9979 0.0020 0.0000 0.025 0.614  1.134 0.150 0.192 0.099 0.000 0.017 0.000 0.000 0.000 
 71 8.838470e+07 3.3778 3.8077 1.9360  8.1142 4.0384 0.0000 0.9976 0.0023 0.0000 0.027 0.614  1.129 0.151 0.192 0.110 0.000 0.017 0.000 0.000 0.000 
 72 8.838667e+07 3.3770 3.7974 1.8956  8.1156 4.0307 0.0000 0.9974 0.0026 0.0000 0.030 0.614  1.124 0.151 0.192 0.119 0.000 0.018 0.000 0.000 0.000 
 73 8.838859e+07 3.3764 3.7863 1.8518  8.1167 4.0224 0.0000 0.9970 0.0029 0.0000 0.033 0.614  1.118 0.151 0.192 0.126 0.000 0.018 0.000 0.000 0.000 
 74 8.839050e+07 3.3759 3.7769 1.8147  8.1174 4.0154 0.0000 0.9968 0.0031 0.0000 0.035 0.614  1.114 0.152 0.192 0.130 0.000 0.018 0.000 0.000 0.000 
 75 8.839238e+07 3.3755 3.7667 1.7743  8.1180 4.0081 0.0000 0.9966 0.0033 0.0000 0.037 0.614  1.109 0.152 0.192 0.132 0.000 0.019 0.000 0.000 0.000 
 76 8.839437e+07 3.3750 3.7565 1.7340  8.1184 4.0007 0.0000 0.9963 0.0036 0.0000 0.039 0.614  1.105 0.152 0.192 0.133 0.000 0.019 0.000 0.000 0.000 
 77 8.839658e+07 3.3743 3.7453 1.6899  8.1187 3.9921 0.0000 0.9961 0.0038 0.0000 0.041 0.614  1.100 0.152 0.192 0.132 0.000 0.019 0.000 0.000 0.000 
 78 8.839969e+07 3.3732 3.7356 1.6522  8.1189 3.9825 0.0000 0.9957 0.0042 0.0000 0.043 0.614  1.095 0.152 0.192 0.130 0.000 0.019 0.000 0.000 0.000 
 79 8.840469e+07 3.3712 3.7276 1.6222  8.1190 3.9720 0.0000 0.9954 0.0045 0.0000 0.045 0.614  1.091 0.153 0.192 0.126 0.000 0.019 0.000 0.000 0.000 
 80 8.841454e+07 3.3633 3.7166 1.5861  8.1188 3.9495 0.0000 0.9943 0.0056 0.0000 0.048 0.614  1.087 0.154 0.192 0.116 0.000 0.020 0.000 0.000 0.000 
 81 8.842167e+07 3.3591 3.7119 1.5715  8.1186 3.9381 0.0000 0.9937 0.0062 0.0000 0.049 0.614  1.081 0.155 0.193 0.110 0.000 0.020 0.000 0.000 0.000 brgb
 82 8.844082e+07 3.3820 3.7030 1.5130  8.1176 3.9120 0.0000 0.9915 0.0084 0.0000 0.049 0.614  0.985 0.157 0.193 0.088 0.000 0.021 0.000 0.000 0.000 trgb
 83 8.864974e+07 3.4077 3.7038 1.4905  8.1198 3.8621 0.0000 0.9739 0.0259 0.0001 0.046 0.606  0.905 0.166 0.202 0.077 0.000 0.022 0.000 0.000 0.000 
 84 8.877103e+07 3.4317 3.7118 1.4985  8.1218 3.8463 0.0000 0.9630 0.0367 0.0002 0.047 0.606  0.880 0.171 0.206 0.078 0.000 0.023 0.000 0.000 0.000 lmincheb
 85 8.880934e+07 3.4454 3.7198 1.5168  8.1225 3.8402 0.0000 0.9597 0.0399 0.0003 0.061 0.606  0.873 0.171 0.208 0.077 0.000 0.023 0.000 0.000 0.000 
 86 8.883054e+07 3.4502 3.7271 1.5412  8.1221 3.8380 0.0000 0.9667 0.0329 0.0002 0.049 0.606  0.874 0.172 0.208 0.076 0.000 0.023 0.000 0.000 0.000 
 87 8.884455e+07 3.4532 3.7401 1.5902  8.1224 3.8368 0.0000 0.9649 0.0347 0.0003 0.048 0.606  0.878 0.173 0.209 0.076 0.000 0.023 0.000 0.000 0.000 
 88 8.885614e+07 3.4542 3.7497 1.6276  8.1226 3.8360 0.0000 0.9639 0.0357 0.0003 0.048 0.606  0.881 0.173 0.209 0.076 0.000 0.023 0.000 0.000 0.000 
 89 8.886743e+07 3.4551 3.7616 1.6743  8.1229 3.8350 0.0000 0.9626 0.0370 0.0003 0.048 0.606  0.885 0.174 0.210 0.077 0.000 0.023 0.000 0.000 0.000 
 90 8.887933e+07 3.4557 3.7717 1.7141  8.1231 3.8339 0.0000 0.9616 0.0380 0.0003 0.049 0.606  0.888 0.174 0.210 0.078 0.000 0.023 0.000 0.000 0.000 
 91 8.889314e+07 3.4563 3.7826 1.7571  8.1233 3.8326 0.0000 0.9602 0.0394 0.0003 0.049 0.606  0.892 0.174 0.211 0.078 0.000 0.023 0.000 0.000 0.000 
 92 8.890957e+07 3.4567 3.7907 1.7891  8.1235 3.8307 0.0000 0.9603 0.0393 0.0003 0.050 0.606  0.894 0.175 0.211 0.079 0.000 0.023 0.000 0.000 0.000 
 93 8.892937e+07 3.4576 3.8033 1.8386  8.1240 3.8260 0.0000 0.9596 0.0399 0.0003 0.063 0.606  0.898 0.175 0.212 0.080 0.000 0.023 0.000 0.000 0.000 
 94 8.895328e+07 3.4583 3.8102 1.8655  8.1242 3.8236 0.0000 0.9587 0.0409 0.0004 0.064 0.606  0.899 0.176 0.212 0.080 0.000 0.023 0.000 0.000 0.000 
 95 8.898067e+07 3.4598 3.8218 1.9104  8.1246 3.8199 0.0000 0.9564 0.0431 0.0004 0.064 0.606  0.900 0.176 0.213 0.081 0.000 0.024 0.000 0.000 0.000 
 96 8.901106e+07 3.4610 3.8306 1.9444  8.1250 3.8171 0.0000 0.9545 0.0450 0.0004 0.065 0.606  0.900 0.177 0.214 0.082 0.000 0.024 0.000 0.000 0.000 
 97 8.904480e+07 3.4624 3.8403 1.9818  8.1254 3.8138 0.0000 0.9525 0.0470 0.0005 0.065 0.606  0.900 0.178 0.215 0.083 0.000 0.024 0.000 0.000 0.000 
 98 8.908190e+07 3.4640 3.8509 2.0226  8.1260 3.8100 0.0000 0.9496 0.0498 0.0005 0.066 0.606  0.900 0.179 0.216 0.084 0.000 0.024 0.000 0.000 0.000 
 99 8.912277e+07 3.4659 3.8624 2.0667  8.1266 3.8053 0.0000 0.9464 0.0529 0.0006 0.067 0.606  0.899 0.180 0.218 0.086 0.000 0.025 0.000 0.000 0.000 
100 8.916675e+07 3.4680 3.8751 2.1154  8.1274 3.7998 0.0000 0.9425 0.0567 0.0006 0.067 0.606  0.898 0.182 0.219 0.088 0.000 0.025 0.000 0.000 0.000 
101 8.921411e+07 3.4692 3.8818 2.1410  8.1279 3.7968 0.0000 0.9404 0.0588 0.0007 0.067 0.606  0.897 0.183 0.220 0.089 0.000 0.025 0.000 0.000 0.000 
102 8.926562e+07 3.4704 3.8888 2.1678  8.1284 3.7935 0.0000 0.9376 0.0615 0.0007 0.068 0.606  0.896 0.183 0.222 0.090 0.000 0.025 0.000 0.000 0.000 
103 8.932190e+07 3.4731 3.9038 2.2251  8.1295 3.7862 0.0000 0.9316 0.0674 0.0009 0.069 0.606  0.894 0.185 0.224 0.093 0.000 0.025 0.000 0.000 0.000 
104 8.938102e+07 3.4746 3.9117 2.2552  8.1301 3.7821 0.0000 0.9282 0.0707 0.0010 0.070 0.606  0.893 0.186 0.225 0.095 0.000 0.025 0.000 0.000 0.000 
105 8.944410e+07 3.4762 3.9199 2.2864  8.1308 3.7777 0.0000 0.9242 0.0746 0.0011 0.070 0.606  0.892 0.187 0.226 0.097 0.000 0.026 0.000 0.000 0.000 
106 8.951237e+07 3.4792 3.9353 2.3450  8.1322 3.7692 0.0000 0.9163 0.0822 0.0013 0.072 0.606  0.889 0.190 0.229 0.100 0.000 0.027 0.000 0.000 0.000 
107 8.958712e+07 3.4805 3.9422 2.3713  8.1328 3.7653 0.0000 0.9129 0.0856 0.0014 0.072 0.606  0.887 0.191 0.230 0.102 0.000 0.027 0.000 0.000 0.000 
108 8.966768e+07 3.4832 3.9553 2.4210  8.1342 3.7575 0.0000 0.9048 0.0934 0.0017 0.073 0.606  0.884 0.193 0.233 0.106 0.000 0.027 0.000 0.000 0.000 
109 8.975305e+07 3.4845 3.9615 2.4445  8.1349 3.7538 0.0000 0.9009 0.0972 0.0018 0.074 0.606  0.882 0.194 0.234 0.108 0.000 0.027 0.000 0.000 0.000 
110 8.984396e+07 3.4868 3.9727 2.4870  8.1361 3.7467 0.0000 0.8933 0.1044 0.0021 0.075 0.606  0.879 0.196 0.237 0.112 0.000 0.028 0.000 0.000 0.000 
111 8.994314e+07 3.4890 3.9829 2.5256  8.1373 3.7400 0.0000 0.8854 0.1120 0.0025 0.076 0.606  0.876 0.198 0.239 0.116 0.000 0.028 0.000 0.000 0.000 
112 9.005087e+07 3.4922 3.9968 2.5780  8.1391 3.7306 0.0000 0.8737 0.1232 0.0030 0.078 0.606  0.871 0.201 0.242 0.121 0.000 0.029 0.000 0.000 0.000 
113 9.016579e+07 3.4940 4.0049 2.6086  8.1402 3.7250 0.0000 0.8659 0.1306 0.0034 0.079 0.606  0.867 0.203 0.245 0.125 0.000 0.030 0.000 0.000 0.000 
114 9.028783e+07 3.4966 4.0158 2.6496  8.1418 3.7173 0.0000 0.8545 0.1414 0.0040 0.080 0.606  0.863 0.205 0.248 0.130 0.000 0.030 0.000 0.000 0.000 
115 9.042298e+07 3.4990 4.0256 2.6864  8.1433 3.7098 0.0000 0.8428 0.1524 0.0046 0.082 0.606  0.858 0.207 0.251 0.136 0.000 0.030 0.000 0.000 0.000 
116 9.056863e+07 3.5020 4.0373 2.7302  8.1453 3.7007 0.0000 0.8283 0.1660 0.0056 0.084 0.606  0.852 0.210 0.254 0.142 0.000 0.031 0.000 0.000 0.000 
117 9.072910e+07 3.5048 4.0474 2.7678  8.1471 3.6925 0.0000 0.8130 0.1803 0.0066 0.085 0.606  0.846 0.212 0.257 0.149 0.000 0.032 0.000 0.000 0.000 
118 9.090773e+07 3.5079 4.0582 2.8079  8.1494 3.6833 0.0000 0.7949 0.1970 0.0080 0.087 0.606  0.838 0.215 0.261 0.157 0.000 0.033 0.000 0.000 0.000 
119 9.110293e+07 3.5107 4.0672 2.8411  8.1514 3.6755 0.0000 0.7774 0.2131 0.0095 0.089 0.606  0.831 0.219 0.264 0.164 0.000 0.033 0.000 0.000 0.000 
120 9.131545e+07 3.5139 4.0775 2.8791  8.1539 3.6662 0.0000 0.7558 0.2326 0.0115 0.092 0.606  0.823 0.222 0.268 0.174 0.000 0.034 0.000 0.000 0.000 
121 9.155713e+07 3.5179 4.0889 2.9207  8.1572 3.6557 0.0000 0.7264 0.2590 0.0145 0.094 0.606  0.811 0.225 0.274 0.186 0.000 0.035 0.000 0.000 0.000 
122 9.183721e+07 3.5218 4.0991 2.9576  8.1607 3.6456 0.0000 0.6936 0.2879 0.0184 0.098 0.606  0.799 0.229 0.278 0.199 0.000 0.037 0.000 0.000 0.000 
123 9.215041e+07 3.5262 4.1095 2.9948  8.1649 3.6355 0.0000 0.6543 0.3219 0.0237 0.101 0.606  0.783 0.233 0.284 0.214 0.000 0.038 0.000 0.000 0.000 
124 9.248713e+07 3.5306 4.1196 3.0308  8.1694 3.6260 0.0000 0.6121 0.3572 0.0305 0.104 0.606  0.766 0.237 0.288 0.232 0.000 0.040 0.000 0.000 0.000 
125 9.285520e+07 3.5351 4.1296 3.0663  8.1746 3.6176 0.0000 0.5643 0.3960 0.0395 0.108 0.606  0.747 0.242 0.294 0.252 0.000 0.041 0.000 0.000 0.000 
126 9.327808e+07 3.5402 4.1399 3.1024  8.1814 3.6106 0.0000 0.5033 0.4432 0.0533 0.111 0.606  0.722 0.246 0.300 0.277 0.000 0.044 0.000 0.000 0.000 
127 9.382139e+07 3.5465 4.1500 3.1365  8.1909 3.6051 0.0000 0.4254 0.4982 0.0764 0.117 0.606  0.689 0.252 0.308 0.311 0.000 0.047 0.000 0.000 0.000 
128 9.491987e+07 3.5598 4.1595 3.1612  8.2149 3.6120 0.0000 0.2635 0.5828 0.1536 0.129 0.606  0.615 0.263 0.319 0.387 0.000 0.058 0.000 0.000 0.000 
129 9.516771e+07 3.5630 4.1597 3.1588  8.2213 3.6175 0.0000 0.2297 0.5916 0.1786 0.132 0.606  0.597 0.264 0.322 0.405 0.000 0.059 0.000 0.000 0.000 tmaxcheb
130 9.616998e+07 3.5781 4.1508 3.1081  8.2538 3.6669 0.0000 0.1062 0.5655 0.3281 0.139 0.606  0.530 0.274 0.328 0.472 0.000 0.067 0.000 0.000 0.000 
131 9.649672e+07 3.5845 4.1408 3.0617  8.2699 3.7035 0.0000 0.0682 0.5298 0.4018 0.140 0.606  0.512 0.276 0.328 0.490 0.000 0.071 0.000 0.000 0.000 
132 9.670060e+07 3.5891 4.1307 3.0167  8.2829 3.7365 0.0000 0.0461 0.4955 0.4582 0.139 0.606  0.503 0.278 0.328 0.498 0.000 0.075 0.000 0.000 0.000 
133 9.681230e+07 3.5920 4.1212 2.9758  8.2931 3.7652 0.0000 0.0328 0.4738 0.4933 0.139 0.606  0.502 0.279 0.326 0.500 0.000 0.076 0.000 0.001 0.000 
134 9.689212e+07 3.5947 4.1111 2.9327  8.3026 3.7929 0.0000 0.0233 0.4545 0.5221 0.139 0.606  0.502 0.280 0.325 0.499 0.000 0.077 0.000 0.001 0.000 
135 9.695008e+07 3.5969 4.1007 2.8889  8.3115 3.8197 0.0000 0.0165 0.4386 0.5448 0.135 0.606  0.505 0.280 0.325 0.496 0.000 0.078 0.000 0.001 0.000 
136 9.699213e+07 3.5984 4.0903 2.8458  8.3199 3.8456 0.0000 0.0117 0.4260 0.5621 0.132 0.606  0.510 0.281 0.323 0.490 0.000 0.079 0.000 0.001 0.000 
137 9.702199e+07 3.5993 4.0797 2.8025  8.3278 3.8707 0.0000 0.0083 0.4167 0.5749 0.129 0.606  0.516 0.281 0.322 0.483 0.000 0.079 0.000 0.001 0.000 
138 9.704422e+07 3.6000 4.0692 2.7598  8.3351 3.8937 0.0000 0.0061 0.4103 0.5834 0.127 0.606  0.522 0.282 0.321 0.480 0.000 0.080 0.000 0.001 0.000 
139 9.705662e+07 3.6003 4.0626 2.7331  8.3397 3.9087 0.0000 0.0049 0.4068 0.5882 0.125 0.606  0.528 0.282 0.320 0.468 0.000 0.080 0.000 0.001 0.000 lmaxcheb
140 9.707115e+07 3.5999 4.0541 2.6995  8.3459 3.9294 0.0000 0.0036 0.4030 0.5932 0.121 0.606  0.537 0.282 0.319 0.452 0.000 0.080 0.000 0.001 0.000 
141 9.708180e+07 3.5985 4.0432 2.6573  8.3539 3.9563 0.0000 0.0024 0.3995 0.5980 0.116 0.606  0.552 0.282 0.318 0.429 0.000 0.080 0.000 0.001 0.000 
142 9.709004e+07 3.5967 4.0331 2.6187  8.3613 3.9819 0.0000 0.0016 0.3971 0.6011 0.111 0.606  0.567 0.283 0.318 0.401 0.000 0.080 0.000 0.002 0.000 
143 9.709651e+07 3.5943 4.0229 2.5803  8.3695 4.0108 0.0000 0.0010 0.3952 0.6037 0.103 0.606  0.588 0.283 0.317 0.349 0.146 0.148 0.000 0.002 0.000 
144 9.710147e+07 3.5907 4.0122 2.5411  8.3787 4.0447 0.0000 0.0005 0.3939 0.6055 0.094 0.606  0.614 0.283 0.316 0.281 0.145 0.154 0.000 0.002 0.000 
145 9.710548e+07 3.5864 4.0019 2.5042  8.3880 4.0802 0.0000 0.0002 0.3930 0.6066 0.080 0.606  0.642 0.283 0.314 0.201 0.139 0.161 0.000 0.003 0.000 
146 9.710871e+07 3.5816 3.9916 2.4678  8.3975 4.1202 0.0000 0.0001 0.3925 0.6073 0.055 0.606  0.673 0.283 0.313 0.088 0.000 0.170 0.000 0.003 0.000 
147 9.711141e+07 3.5758 3.9805 2.4292  8.4055 4.1662 0.0000 0.0000 0.3923 0.6075 0.000 0.606  0.707 0.283 0.312 0.024 0.008 0.182 0.000 0.004 0.000 
148 9.711365e+07 3.5702 3.9705 2.3948  8.4114 4.2043 0.0000 0.0000 0.3923 0.6075 0.000 0.606  0.718 0.283 0.312 0.040 0.023 0.182 0.000 0.004 0.000 
149 9.711556e+07 3.5650 3.9607 2.3608  8.4163 4.2346 0.0000 0.0000 0.3923 0.6075 0.000 0.606  0.723 0.283 0.311 0.068 0.028 0.182 0.000 0.005 0.000 
150 9.711722e+07 3.5603 3.9510 2.3267  8.4205 4.2598 0.0000 0.0000 0.3923 0.6075 0.000 0.606  0.724 0.283 0.310 0.109 0.035 0.182 0.000 0.005 0.000 
151 9.711872e+07 3.5567 3.9419 2.2939  8.4236 4.2799 0.0000 0.0000 0.3923 0.6075 0.000 0.606  0.719 0.283 0.310 0.163 0.037 0.182 0.000 0.005 0.000 
152 9.712006e+07 3.5549 3.9362 2.2729  8.4252 4.2909 0.0000 0.0000 0.3923 0.6075 0.000 0.606  0.713 0.283 0.310 0.205 0.040 0.182 0.000 0.006 0.000 
153 9.712133e+07 3.5517 3.9221 2.2197  8.4281 4.3139 0.0000 0.0000 0.3923 0.6075 0.000 0.606  0.688 0.283 0.309 0.342 0.046 0.182 0.000 0.006 0.000 
154 9.712235e+07 3.5507 3.9135 2.1863  8.4290 4.3254 0.0000 0.0000 0.3923 0.6075 0.000 0.606  0.664 0.283 0.309 0.451 0.049 0.182 0.000 0.006 0.000 lmin1cheb
155 9.712353e+07 3.5507 3.9036 2.1467  8.4292 4.3362 0.0000 0.0000 0.3923 0.6075 0.000 0.606  0.629 0.283 0.309 0.587 0.055 0.182 0.000 0.006 0.000 
156 9.712469e+07 3.5524 3.8915 2.0966  8.4283 4.3469 0.0000 0.0000 0.3923 0.6075 0.000 0.606  0.578 0.283 0.309 0.748 0.062 0.180 0.000 0.006 0.000 
157 9.712584e+07 3.5547 3.8809 2.0519  8.4271 4.3550 0.0000 0.0000 0.3923 0.6075 0.000 0.606  0.531 0.283 0.309 0.874 0.065 0.180 0.000 0.006 0.000 
158 9.712698e+07 3.5584 3.8708 2.0078  8.4255 4.3615 0.0000 0.0000 0.3923 0.6075 0.000 0.606  0.485 0.283 0.309 0.932 0.071 0.180 0.000 0.005 0.000 
159 9.712815e+07 3.5641 3.8606 1.9613  8.4238 4.3680 0.0000 0.0000 0.3923 0.6075 0.000 0.606  0.442 0.283 0.310 0.919 0.114 0.180 0.000 0.005 0.000 
160 9.712940e+07 3.5701 3.8524 1.9225  8.4226 4.3738 0.0000 0.0000 0.3923 0.6075 0.000 0.606  0.410 0.283 0.310 0.872 0.101 0.182 0.000 0.005 0.000 
161 9.713082e+07 3.5787 3.8435 1.8783  8.4217 4.3815 0.0000 0.0000 0.3923 0.6075 0.000 0.606  0.377 0.283 0.310 0.808 0.078 0.182 0.000 0.005 0.000 
162 9.713265e+07 3.5962 3.8306 1.8092  8.4211 4.3976 0.0000 0.0000 0.3923 0.6075 0.000 0.606  0.326 0.283 0.310 0.720 0.078 0.182 0.000 0.005 0.000 
163 9.713713e+07 3.6200 3.8225 1.7530  8.4216 4.4288 0.0000 0.0000 0.3923 0.6075 0.000 0.606  0.253 0.283 0.311 0.706 0.080 0.182 0.000 0.004 0.000 
164 9.714288e+07 3.6280 3.8276 1.7654  8.4221 4.4590 0.0000 0.0000 0.3923 0.6075 0.000 0.606  0.196 0.283 0.311 0.765 0.085 0.182 0.000 0.004 0.000 lmaxeagb
165 9.714876e+07 3.6266 3.8383 1.8096  8.4229 4.4961 0.0000 0.0000 0.3923 0.6075 0.000 0.606  0.143 0.283 0.311 0.827 0.085 0.182 0.000 0.004 0.000 
166 9.716072e+07 3.6144 3.8490 1.8646  8.4258 4.5605 0.0000 0.0000 0.3923 0.6075 0.000 0.606  0.077 0.283 0.312 0.936 0.085 0.182 0.000 0.005 0.000 
167 9.716790e+07 3.6023 3.8434 1.8543  8.4285 4.6002 0.0000 0.0000 0.3923 0.6075 0.000 0.606  0.048 0.283 0.312 1.012 0.087 0.182 0.000 0.005 0.000 
168 9.717147e+07 3.5941 3.8339 1.8245  8.4303 4.6223 0.0000 0.0000 0.3923 0.6075 0.000 0.606  0.035 0.283 0.312 1.058 0.087 0.182 0.000 0.005 0.000 
169 9.717422e+07 3.5941 3.8339 1.8245  8.4303 4.6223 0.0000 0.0000 0.3923 0.6075 0.000 0.606  0.035 0.283 0.312 1.058 0.087 0.182 0.000 0.005 0.000 
170 9.717677e+07 3.5801 3.8101 1.7433  8.4332 4.6543 0.0000 0.0000 0.3923 0.6075 0.000 0.606  0.021 0.283 0.311 1.127 0.087 0.182 0.000 0.006 0.000 
171 9.717884e+07 3.5750 3.8005 1.7100  8.4343 4.6645 0.0000 0.0000 0.3923 0.6075 0.000 0.606  0.018 0.283 0.311 1.150 0.087 0.182 0.000 0.006 0.000 
172 9.718062e+07 3.5691 3.7887 1.6687  8.4353 4.6750 0.0000 0.0000 0.3923 0.6075 0.000 0.606  0.014 0.283 0.311 1.177 0.087 0.182 0.000 0.006 0.000 
173 9.718218e+07 3.5665 3.7833 1.6497  8.4358 4.6792 0.0000 0.0000 0.3923 0.6075 0.000 0.606  0.013 0.283 0.311 1.189 0.087 0.182 0.000 0.006 0.000 
174 9.718351e+07 3.5600 3.7690 1.5990  8.4368 4.6889 0.0000 0.0000 0.3923 0.6075 0.000 0.606  0.011 0.283 0.311 1.217 0.087 0.182 0.000 0.006 0.000 
175 9.718482e+07 3.5559 3.7604 1.5687  8.4374 4.6944 0.0000 0.0000 0.3923 0.6075 0.000 0.606  0.010 0.283 0.310 1.234 0.087 0.182 0.000 0.006 0.000 
176 9.718607e+07 3.5498 3.7480 1.5252  8.4382 4.7016 0.0000 0.0000 0.3923 0.6075 0.000 0.606  0.008 0.283 0.310 1.260 0.087 0.182 0.000 0.006 0.000 
177 9.718735e+07 3.5447 3.7390 1.4943  8.4389 4.7071 0.0000 0.0000 0.3923 0.6075 0.000 0.606  0.007 0.283 0.310 1.280 0.087 0.182 0.000 0.007 0.000 
178 9.718914e+07 3.5343 3.7272 1.4575  8.4400 4.7168 0.0000 0.0000 0.3923 0.6075 0.000 0.606  0.006 0.283 0.310 1.320 0.087 0.182 0.000 0.007 0.000 
179 9.719152e+07 3.5206 3.7184 1.4360  8.4412 4.7270 0.0000 0.0000 0.3923 0.6075 0.000 0.606  0.004 0.283 0.309 1.372 0.087 0.182 0.000 0.007 0.000 
180 9.719474e+07 3.4956 3.7104 1.4290  8.4431 4.7417 0.0000 0.0000 0.3923 0.6075 0.000 0.606  0.003 0.283 0.307 1.468 0.087 0.182 0.000 0.008 0.000 
181 9.719839e+07 3.4741 3.7044 1.4265  8.4451 4.7569 0.0000 0.0000 0.3923 0.6075 0.000 0.606  0.002 0.283 0.305 1.554 0.087 0.182 0.000 0.009 0.000 lmineagb
182 9.720126e+07 3.4871 3.6987 1.3907  8.4468 4.7697 0.0000 0.0000 0.3923 0.6075 0.000 0.606  0.001 0.283 0.303 1.519 0.087 0.182 0.000 0.009 0.000 
183 9.720285e+07 3.5216 3.6954 1.3430  8.4478 4.7769 0.0000 0.0000 0.3923 0.6075 0.000 0.606  0.001 0.284 0.302 1.411 0.089 0.182 0.000 0.008 0.000 
184 9.720431e+07 3.5708 3.6921 1.2806  8.4489 4.7849 0.0000 0.0000 0.3923 0.6075 0.000 0.606  0.000 0.284 0.301 1.270 0.089 0.182 0.000 0.007 0.000 
185 9.720597e+07 3.6184 3.6889 1.2202  8.4500 4.7934 0.0000 0.0000 0.3923 0.6075 0.000 0.591  0.000 0.284 0.300 1.152 0.089 0.182 0.000 0.007 0.000 
186 9.720852e+07 3.6529 3.6872 1.1789  8.4512 4.8018 0.0000 0.0000 0.3923 0.6075 0.000 0.532  0.000 0.284 0.300 1.076 0.089 0.182 0.000 0.006 0.000 
187 9.721482e+07 3.6994 3.6844 1.1212  8.4549 4.8290 0.0000 0.0000 0.3923 0.6075 0.000 0.453  0.000 0.284 0.299 0.999 0.091 0.183 0.000 0.006 0.000 
188 9.723328e+07 3.7349 3.6824 1.0777  8.4642 4.8933 0.0000 0.0000 0.3923 0.6075 0.000 0.418  0.000 0.285 0.297 0.983 0.094 0.183 0.000 0.006 0.000 
189 9.725718e+07 3.7779 3.6798 1.0243  8.4790 4.9906 0.0000 0.0000 0.3923 0.6075 0.000 0.388  0.000 0.287 0.294 0.977 0.100 0.183 0.000 0.007 0.000 
190 9.728501e+07 3.8216 3.6775 0.9714  8.4964 5.1011 0.0000 0.0000 0.3923 0.6075 0.000 0.365  0.000 0.000 0.000 0.974 0.107 0.185 0.000 0.009 0.000 
191 9.731490e+07 3.8549 3.6755 0.9301  8.5109 5.1910 0.0000 0.0000 0.3923 0.6075 0.000 0.351  0.000 0.000 0.000 0.971 0.113 0.185 0.000 0.011 0.000 
192 9.734385e+07 3.9010 3.6732 0.8748  8.5311 5.3164 0.0000 0.0000 0.3923 0.6075 0.000 0.335  0.000 0.000 0.000 0.963 0.124 0.186 0.000 0.016 0.000 
193 9.736861e+07 3.9401 3.6711 0.8273  8.5460 5.4217 0.0000 0.0000 0.3923 0.6075 0.000 0.326  0.000 0.000 0.000 0.956 0.132 0.186 0.000 0.023 0.000 
194 9.739023e+07 3.9792 3.6689 0.7794  8.5613 5.5277 0.0000 0.0000 0.3923 0.6075 0.000 0.319  0.000 0.000 0.000 0.952 0.139 0.187 0.000 0.033 0.000 
195 9.740961e+07 4.0198 3.6668 0.7304  8.5767 5.6420 0.0000 0.0000 0.3923 0.6075 0.000 0.312  0.000 0.000 0.000 0.943 0.147 0.187 0.000 0.047 0.000 
196 9.742718e+07 4.0606 3.6643 0.6796  8.5908 5.7659 0.0000 0.0000 0.3923 0.6075 0.000 0.307  0.000 0.000 0.000 0.939 0.154 0.188 0.000 0.068 0.000 
197 9.744360e+07 4.0991 3.6622 0.6327  8.6014 5.8959 0.0000 0.0000 0.3923 0.6075 0.000 0.303  0.000 0.000 0.000 0.936 0.160 0.188 0.000 0.096 0.005 
198 9.745844e+07 4.1377 3.6598 0.5845  8.6068 6.0399 0.0000 0.0000 0.3923 0.6075 0.000 0.298  0.000 0.000 0.000 0.925 0.166 0.189 0.000 0.140 0.021 
199 9.747328e+07 4.1777 3.6580 0.5373  8.5956 6.2394 0.0000 0.0000 0.3923 0.6075 0.000 0.285  0.000 0.000 0.000 0.919 0.173 0.189 0.000 0.228 0.047 
200 9.748275e+07 4.2175 3.6562 0.4903  8.5723 6.3864 0.0000 0.0000 0.3923 0.6075 0.000 0.271  0.000 0.000 0.000 0.904 0.177 0.190 0.001 0.305 0.069 
201 9.749046e+07 4.2574 3.6545 0.4436  8.5342 6.5272 0.0000 0.0000 0.3923 0.6075 0.000 0.252  0.000 0.000 0.000 0.894 0.181 0.190 0.002 0.385 0.087 
202 9.749330e+07 4.2655 3.6553 0.4387  8.5140 6.5858 0.0000 0.0000 0.3923 0.6075 0.000 0.218  0.000 0.000 0.000 0.873 0.182 0.190 0.003 0.425 0.095 
203 9.749704e+07 4.3062 3.6532 0.3896  8.4838 6.6639 0.0000 0.0000 0.3923 0.6075 0.000 0.211  0.000 0.000 0.000 0.855 0.184 0.191 0.005 0.448 0.105 
204 9.750153e+07 4.3443 3.6510 0.3427  8.4433 6.7579 0.0000 0.0000 0.3923 0.6075 0.000 0.206  0.000 0.000 0.000 0.850 0.186 0.191 0.009 0.473 0.115 
205 9.750528e+07 4.3766 3.6491 0.3028  8.4052 6.8421 0.0000 0.0000 0.3923 0.6075 0.000 0.200  0.000 0.000 0.000 0.837 0.188 0.192 0.015 0.485 0.126 
206 9.750908e+07 4.4137 3.6470 0.2573  8.3643 6.9320 0.0000 0.0000 0.3923 0.6075 0.000 0.198  0.000 0.000 0.000 0.827 0.189 0.193 0.022 0.474 0.133 
207 9.751380e+07 4.4477 3.6446 0.2137  8.3218 7.0331 0.0000 0.0000 0.3923 0.6075 0.000 0.196  0.000 0.000 0.000 0.818 0.192 0.194 0.030 0.446 0.142 
208 9.751735e+07 4.4146 3.6470 0.2564  8.2961 7.1023 0.0000 0.0000 0.3923 0.6075 0.000 0.196  0.000 0.196 0.196 0.803 0.193 0.195 0.038 0.466 0.149 
209 9.751836e+07 4.3763 3.6496 0.3051  8.2888 7.1219 0.0000 0.0000 0.3923 0.6075 0.000 0.196  0.000 0.196 0.196 0.792 0.193 0.195 0.043 0.500 0.150 
210 9.751904e+07 4.3340 3.6522 0.3578  8.2836 7.1356 0.0000 0.0000 0.3923 0.6075 0.000 0.196  0.000 0.196 0.196 0.757 0.194 0.195 0.048 0.542 0.150 
211 9.751943e+07 4.2951 3.6547 0.4067  8.2810 7.1427 0.0000 0.0000 0.3923 0.6075 0.000 0.196  0.000 0.196 0.196 0.733 0.194 0.195 0.052 0.588 0.151 
212 9.751981e+07 4.2526 3.6572 0.4592  8.2783 7.1500 0.0000 0.0000 0.3923 0.6075 0.000 0.196  0.014 0.196 0.196 0.695 0.194 0.195 0.058 0.643 0.151 
213 9.752074e+07 4.2562 3.6569 0.4544  8.2725 7.1653 0.0000 0.0000 0.3923 0.6075 0.000 0.196  0.304 0.196 0.196 0.390 0.194 0.195 0.057 0.622 0.152 
214 9.752208e+07 4.2958 3.6545 0.4052  8.2636 7.1871 0.0000 0.0000 0.3923 0.6075 0.000 0.196  0.489 0.196 0.196 0.216 0.194 0.196 0.047 0.539 0.153 1sttp
