#n   age/yr      logL   logTef grav    logTc  logrho Xc     Yc     Xc_C   Xc_O   Q_conv Q_disc L_H/L Q1_H Q2_H L_He/L Q1_He Q2_He L_C/L L_nu/L Q_Tmax phase
#(1) (2)         (3)    (4)    (5)     (6)    (7)    (8)    (9)    (10)   (11)   (12)   (13)   (14) (15)  (16) (17)   (18)  (19)  (20)  (21)   (22)   (23) 
  1 -2.796762e-05 3.0794 4.4002 4.6836  7.5550 1.5589 0.7683 0.2316 0.0000 0.0000 0.368 0.370  1.010 0.000 0.500 0.000 0.000 0.000 0.000 0.000 0.000 bms
  2 9.497665e+06 3.1171 4.3990 4.6411  7.5603 1.5535 0.7128 0.2871 0.0000 0.0000 0.350 0.417  1.002 0.000 0.470 0.000 0.000 0.000 0.000 0.000 0.000 
  3 1.825497e+07 3.1583 4.3972 4.5927  7.5676 1.5520 0.6494 0.3505 0.0000 0.0000 0.330 0.500  1.002 0.000 0.437 0.000 0.000 0.000 0.000 0.000 0.000 
  4 2.585049e+07 3.1949 4.3949 4.5469  7.5743 1.5523 0.5920 0.4079 0.0000 0.0000 0.309 0.528  1.002 0.000 0.412 0.000 0.000 0.000 0.000 0.000 0.000 
  5 3.241205e+07 3.2332 4.3913 4.4942  7.5818 1.5541 0.5298 0.4701 0.0000 0.0000 0.290 0.552  1.002 0.298 0.381 0.000 0.000 0.000 0.000 0.000 0.000 
  6 3.804467e+07 3.2716 4.3863 4.4358  7.5899 1.5577 0.4641 0.5358 0.0000 0.0000 0.274 0.562  1.002 0.281 0.347 0.000 0.000 0.000 0.000 0.000 0.000 
  7 4.275446e+07 3.3057 4.3808 4.3797  7.5976 1.5638 0.4043 0.5956 0.0000 0.0000 0.257 0.572  1.002 0.260 0.302 0.000 0.000 0.000 0.000 0.000 0.000 
  8 4.669279e+07 3.3374 4.3743 4.3220  7.6056 1.5726 0.3469 0.6530 0.0000 0.0000 0.240 0.572  1.002 0.244 0.265 0.000 0.000 0.000 0.000 0.000 0.000 
  9 5.000883e+07 3.3680 4.3666 4.2606  7.6145 1.5848 0.2888 0.7111 0.0000 0.0000 0.226 0.572  1.003 0.229 0.232 0.000 0.000 0.000 0.000 0.000 0.000 
 10 5.273283e+07 3.3929 4.3592 4.2061  7.6226 1.5990 0.2404 0.7595 0.0000 0.0000 0.212 0.582  1.003 0.000 0.215 0.000 0.000 0.000 0.000 0.000 0.000 
 11 5.499905e+07 3.4172 4.3508 4.1482  7.6320 1.6178 0.1913 0.8086 0.0000 0.0000 0.199 0.582  1.003 0.000 0.201 0.000 0.000 0.000 0.000 0.000 0.000 
 12 5.692577e+07 3.4403 4.3418 4.0891  7.6429 1.6429 0.1433 0.8566 0.0000 0.0000 0.185 0.582  1.003 0.000 0.187 0.000 0.000 0.000 0.000 0.000 0.000 
 13 5.860523e+07 3.4615 4.3330 4.0327  7.6562 1.6766 0.0978 0.9021 0.0000 0.0000 0.173 0.582  1.003 0.000 0.175 0.000 0.000 0.000 0.000 0.000 0.000 
 14 6.031229e+07 3.4853 4.3250 3.9769  7.6789 1.7398 0.0472 0.9527 0.0000 0.0000 0.159 0.582  1.002 0.000 0.185 0.000 0.000 0.000 0.000 0.000 0.000 
 15 6.065494e+07 3.4911 4.3245 3.9691  7.6874 1.7645 0.0353 0.9646 0.0000 0.0000 0.156 0.582  1.001 0.000 0.193 0.000 0.000 0.000 0.000 0.000 0.000 tminms
 16 6.138257e+07 3.5082 4.3329 3.9856  7.7259 1.8812 0.0089 0.9911 0.0000 0.0000 0.146 0.582  0.985 0.000 0.231 0.000 0.000 0.000 0.000 0.000 0.000 
 17 6.152282e+07 3.5176 4.3430 4.0166  7.7508 1.9613 0.0035 0.9964 0.0000 0.0000 0.141 0.582  0.957 0.000 0.260 0.000 0.000 0.000 0.000 0.000 0.000 
 18 6.158211e+07 3.5279 4.3521 4.0427  7.7733 2.0405 0.0014 0.9985 0.0000 0.0000 0.132 0.582  0.902 0.000 0.293 0.000 0.000 0.000 0.000 0.000 0.000 
 19 6.161247e+07 3.5443 4.3623 4.0671  7.8053 2.1815 0.0003 0.9996 0.0000 0.0000 0.101 0.582  0.770 0.000 0.344 0.000 0.000 0.000 0.000 0.000 0.000 
 20 6.162550e+07 3.5477 4.3646 4.0729  7.8228 2.3776 0.0000 0.9999 0.0000 0.0000 0.000 0.582  0.946 0.000 0.399 0.000 0.000 0.000 0.000 0.000 0.000 tmaxlms
 21 6.163550e+07 3.5274 4.3564 4.0604  7.8102 2.5360 0.0000 0.9999 0.0000 0.0000 0.000 0.582  1.231 0.026 0.360 0.000 0.000 0.000 0.000 0.000 0.000 
 22 6.164283e+07 3.5156 4.3465 4.0326  7.8102 2.6260 0.0000 0.9999 0.0000 0.0000 0.000 0.582  1.244 0.038 0.344 0.000 0.000 0.000 0.000 0.000 0.000 
 23 6.164378e+07 3.5156 4.3465 4.0326  7.8102 2.6260 0.0000 0.9999 0.0000 0.0000 0.000 0.582  1.244 0.038 0.344 0.000 0.000 0.000 0.000 0.000 0.000 lminsgb
 24 6.165168e+07 3.5203 4.3374 3.9915  7.8138 2.7005 0.0000 0.9999 0.0000 0.0000 0.000 0.582  1.236 0.047 0.329 0.000 0.000 0.000 0.000 0.000 0.000 
 25 6.166001e+07 3.5343 4.3288 3.9431  7.8189 2.7692 0.0000 0.9999 0.0000 0.0000 0.000 0.582  1.214 0.057 0.323 0.000 0.000 0.000 0.000 0.000 0.000 
 26 6.166896e+07 3.5536 4.3184 3.8822  7.8266 2.8501 0.0000 0.9999 0.0000 0.0000 0.000 0.582  1.184 0.064 0.308 0.000 0.000 0.000 0.000 0.000 0.000 
 27 6.167851e+07 3.5659 4.3105 3.8383  7.8331 2.9077 0.0000 0.9999 0.0000 0.0000 0.000 0.582  1.166 0.071 0.298 0.000 0.000 0.000 0.000 0.000 0.000 
 28 6.168855e+07 3.5815 4.2979 3.7723  7.8445 2.9947 0.0000 0.9999 0.0000 0.0000 0.000 0.577  1.144 0.081 0.287 0.000 0.000 0.000 0.000 0.000 0.000 
 29 6.169874e+07 3.5903 4.2888 3.7271  7.8534 3.0530 0.0000 0.9999 0.0000 0.0000 0.000 0.577  1.134 0.084 0.279 0.000 0.000 0.000 0.000 0.000 0.000 
 30 6.170908e+07 3.5982 4.2793 3.6812  7.8632 3.1114 0.0000 0.9999 0.0000 0.0000 0.000 0.577  1.125 0.091 0.274 0.000 0.000 0.000 0.000 0.000 0.000 
 31 6.171926e+07 3.6052 4.2691 3.6334  7.8741 3.1701 0.0000 0.9999 0.0000 0.0000 0.000 0.577  1.119 0.097 0.265 0.000 0.000 0.000 0.000 0.000 0.000 
 32 6.172920e+07 3.6116 4.2582 3.5834  7.8859 3.2290 0.0000 0.9999 0.0000 0.0000 0.000 0.577  1.113 0.101 0.260 0.000 0.000 0.000 0.000 0.000 0.000 
 33 6.173894e+07 3.6175 4.2466 3.5311  7.8987 3.2881 0.0000 0.9999 0.0000 0.0000 0.000 0.577  1.109 0.106 0.251 0.000 0.000 0.000 0.000 0.000 0.000 
 34 6.174823e+07 3.6203 4.2404 3.5035  7.9055 3.3177 0.0000 0.9999 0.0000 0.0000 0.000 0.577  1.107 0.109 0.249 0.000 0.000 0.000 0.000 0.000 0.000 
 35 6.175717e+07 3.6256 4.2273 3.4458  7.9199 3.3771 0.0000 0.9999 0.0000 0.0000 0.000 0.577  1.104 0.114 0.244 0.000 0.000 0.000 0.000 0.000 0.000 
 36 6.176578e+07 3.6290 4.2177 3.4040  7.9303 3.4181 0.0000 0.9999 0.0000 0.0000 0.000 0.577  1.103 0.118 0.240 0.000 0.000 0.000 0.000 0.000 0.000 
 37 6.177392e+07 3.6323 4.2068 3.3571  7.9418 3.4619 0.0000 0.9999 0.0000 0.0000 0.000 0.577  1.103 0.122 0.237 0.000 0.000 0.000 0.000 0.000 0.000 
 38 6.178161e+07 3.6352 4.1958 3.3102  7.9532 3.5035 0.0000 0.9999 0.0000 0.0000 0.000 0.577  1.102 0.125 0.233 0.000 0.000 0.000 0.000 0.000 0.000 
 39 6.178886e+07 3.6374 4.1865 3.2708  7.9624 3.5362 0.0000 0.9999 0.0000 0.0000 0.000 0.577  1.102 0.128 0.229 0.000 0.000 0.000 0.000 0.000 0.000 
 40 6.179569e+07 3.6395 4.1768 3.2299  7.9717 3.5684 0.0000 0.9999 0.0000 0.0000 0.000 0.577  1.103 0.129 0.228 0.000 0.000 0.000 0.000 0.000 0.000 
 41 6.180209e+07 3.6414 4.1665 3.1868  7.9812 3.6004 0.0000 0.9999 0.0000 0.0000 0.000 0.577  1.103 0.133 0.226 0.000 0.000 0.000 0.000 0.000 0.000 
 42 6.180813e+07 3.6433 4.1556 3.1413  7.9909 3.6323 0.0000 0.9999 0.0000 0.0000 0.000 0.577  1.105 0.134 0.223 0.000 0.000 0.000 0.000 0.000 0.000 
 43 6.181377e+07 3.6447 4.1462 3.1023  7.9988 3.6578 0.0000 0.9999 0.0000 0.0000 0.000 0.577  1.106 0.136 0.221 0.000 0.000 0.000 0.000 0.000 0.000 
 44 6.181909e+07 3.6460 4.1363 3.0614  8.0068 3.6834 0.0000 0.9999 0.0000 0.0000 0.000 0.577  1.106 0.138 0.220 0.000 0.000 0.001 0.000 0.000 0.000 
 45 6.182412e+07 3.6472 4.1258 3.0182  8.0150 3.7091 0.0000 0.9999 0.0000 0.0000 0.000 0.577  1.107 0.139 0.218 0.000 0.000 0.003 0.000 0.000 0.000 
 46 6.182881e+07 3.6483 4.1144 2.9715  8.0234 3.7348 0.0000 0.9999 0.0000 0.0000 0.000 0.577  1.110 0.140 0.216 0.000 0.000 0.006 0.000 0.000 0.000 
 47 6.183326e+07 3.6490 4.1053 2.9344  8.0297 3.7542 0.0000 0.9999 0.0000 0.0000 0.000 0.577  1.111 0.142 0.215 0.000 0.000 0.008 0.000 0.000 0.000 
 48 6.183744e+07 3.6497 4.0957 2.8953  8.0362 3.7736 0.0000 0.9999 0.0000 0.0000 0.000 0.577  1.113 0.144 0.215 0.000 0.000 0.010 0.000 0.000 0.000 
 49 6.184136e+07 3.6503 4.0855 2.8539  8.0428 3.7930 0.0000 0.9999 0.0000 0.0000 0.000 0.577  1.115 0.145 0.213 0.000 0.000 0.012 0.000 0.000 0.000 
 50 6.184504e+07 3.6508 4.0745 2.8094  8.0496 3.8123 0.0000 0.9999 0.0000 0.0000 0.000 0.577  1.117 0.145 0.212 0.000 0.000 0.015 0.000 0.000 0.000 
 51 6.184852e+07 3.6512 4.0628 2.7622  8.0566 3.8312 0.0000 0.9998 0.0001 0.0000 0.000 0.577  1.119 0.146 0.211 0.000 0.000 0.017 0.000 0.000 0.000 
 52 6.185181e+07 3.6514 4.0546 2.7292  8.0615 3.8436 0.0000 0.9998 0.0001 0.0000 0.000 0.577  1.121 0.148 0.210 0.001 0.000 0.020 0.000 0.000 0.000 
 53 6.185492e+07 3.6516 4.0417 2.6774  8.0693 3.8611 0.0000 0.9996 0.0003 0.0000 0.000 0.577  1.124 0.149 0.209 0.001 0.000 0.023 0.000 0.000 0.000 
 54 6.185779e+07 3.6516 4.0327 2.6414  8.0751 3.8716 0.0000 0.9995 0.0004 0.0000 0.000 0.577  1.125 0.150 0.208 0.002 0.000 0.023 0.000 0.000 0.000 
 55 6.186057e+07 3.6516 4.0234 2.6042  8.0812 3.8806 0.0000 0.9993 0.0006 0.0000 0.000 0.577  1.129 0.150 0.207 0.003 0.000 0.022 0.000 0.000 0.000 
 56 6.186320e+07 3.6515 4.0142 2.5675  8.0876 3.8883 0.0000 0.9991 0.0008 0.0000 0.001 0.577  1.129 0.150 0.207 0.005 0.000 0.021 0.000 0.000 0.000 
 57 6.186570e+07 3.6513 4.0052 2.5317  8.0938 3.8945 0.0000 0.9989 0.0010 0.0000 0.002 0.577  1.130 0.151 0.206 0.007 0.000 0.021 0.000 0.000 0.000 
 58 6.186807e+07 3.6510 3.9919 2.4788  8.1025 3.9009 0.0000 0.9987 0.0012 0.0000 0.005 0.577  1.130 0.151 0.205 0.015 0.000 0.019 0.000 0.000 0.000 
 59 6.187033e+07 3.6509 3.9827 2.4421  8.1082 3.9031 0.0000 0.9985 0.0014 0.0000 0.008 0.577  1.130 0.152 0.205 0.023 0.000 0.019 0.000 0.000 0.000 
 60 6.187249e+07 3.6507 3.9728 2.4027  8.1137 3.9031 0.0000 0.9984 0.0015 0.0000 0.011 0.577  1.127 0.153 0.205 0.035 0.000 0.018 0.000 0.000 0.000 
 61 6.187456e+07 3.6507 3.9616 2.3579  8.1193 3.9000 0.0000 0.9982 0.0017 0.0000 0.015 0.577  1.122 0.153 0.205 0.053 0.000 0.017 0.000 0.000 0.000 
 62 6.187657e+07 3.6507 3.9552 2.3323  8.1221 3.8968 0.0000 0.9981 0.0018 0.0000 0.017 0.577  1.118 0.154 0.204 0.064 0.000 0.018 0.000 0.000 0.000 
 63 6.187853e+07 3.6512 3.9401 2.2714  8.1273 3.8859 0.0000 0.9977 0.0022 0.0000 0.024 0.577  1.106 0.155 0.204 0.091 0.000 0.019 0.000 0.000 0.000 
 64 6.188044e+07 3.6519 3.9311 2.2347  8.1295 3.8781 0.0000 0.9974 0.0025 0.0000 0.027 0.577  1.098 0.155 0.204 0.105 0.000 0.019 0.000 0.000 0.000 
 65 6.188234e+07 3.6528 3.9211 2.1938  8.1313 3.8689 0.0000 0.9972 0.0027 0.0000 0.030 0.577  1.088 0.156 0.203 0.116 0.000 0.019 0.000 0.000 0.000 
 66 6.188423e+07 3.6544 3.9091 2.1442  8.1328 3.8576 0.0000 0.9971 0.0028 0.0000 0.035 0.577  1.077 0.156 0.203 0.124 0.000 0.020 0.000 0.000 0.000 
 67 6.188610e+07 3.6558 3.8986 2.1008  8.1338 3.8481 0.0000 0.9967 0.0032 0.0000 0.038 0.577  1.069 0.157 0.203 0.129 0.000 0.020 0.000 0.000 0.000 
 68 6.188798e+07 3.6574 3.8886 2.0592  8.1344 3.8393 0.0000 0.9963 0.0036 0.0000 0.041 0.577  1.059 0.157 0.203 0.130 0.000 0.021 0.000 0.000 0.000 
 69 6.188987e+07 3.6592 3.8782 2.0158  8.1348 3.8306 0.0000 0.9959 0.0040 0.0000 0.043 0.577  1.051 0.158 0.203 0.129 0.000 0.021 0.000 0.000 0.000 
 70 6.189180e+07 3.6607 3.8696 1.9799  8.1350 3.8238 0.0000 0.9956 0.0043 0.0000 0.045 0.577  1.043 0.158 0.203 0.127 0.000 0.021 0.000 0.000 0.000 
 71 6.189378e+07 3.6626 3.8595 1.9376  8.1351 3.8162 0.0000 0.9953 0.0046 0.0000 0.046 0.577  1.035 0.158 0.203 0.124 0.000 0.022 0.000 0.000 0.000 
 72 6.189580e+07 3.6648 3.8475 1.8874  8.1351 3.8079 0.0000 0.9949 0.0050 0.0000 0.048 0.577  1.026 0.159 0.203 0.120 0.000 0.022 0.000 0.000 0.000 
 73 6.189791e+07 3.6660 3.8408 1.8594  8.1351 3.8035 0.0000 0.9946 0.0053 0.0000 0.049 0.577  1.020 0.159 0.203 0.118 0.000 0.022 0.000 0.000 0.000 
 74 6.190010e+07 3.6672 3.8337 1.8298  8.1351 3.7990 0.0000 0.9944 0.0055 0.0000 0.049 0.577  1.016 0.159 0.204 0.115 0.000 0.022 0.000 0.000 0.000 
 75 6.190239e+07 3.6698 3.8179 1.7640  8.1349 3.7898 0.0000 0.9938 0.0061 0.0000 0.050 0.577  1.004 0.160 0.204 0.109 0.000 0.022 0.000 0.000 0.000 
 76 6.190480e+07 3.6711 3.8093 1.7283  8.1348 3.7851 0.0000 0.9935 0.0064 0.0000 0.050 0.577  0.999 0.160 0.204 0.106 0.000 0.022 0.000 0.000 0.000 
 77 6.190733e+07 3.6724 3.8002 1.6906  8.1347 3.7805 0.0000 0.9931 0.0068 0.0000 0.051 0.577  0.993 0.160 0.204 0.103 0.000 0.022 0.000 0.000 0.000 
 78 6.191006e+07 3.6737 3.7908 1.6517  8.1346 3.7759 0.0000 0.9927 0.0072 0.0000 0.051 0.577  0.987 0.161 0.204 0.100 0.000 0.022 0.000 0.000 0.000 
 79 6.191296e+07 3.6750 3.7812 1.6120  8.1344 3.7715 0.0000 0.9923 0.0076 0.0000 0.051 0.577  0.980 0.161 0.205 0.097 0.000 0.022 0.000 0.000 0.000 
 80 6.191599e+07 3.6768 3.7665 1.5514  8.1342 3.7653 0.0000 0.9916 0.0083 0.0000 0.051 0.577  0.972 0.162 0.205 0.093 0.000 0.022 0.000 0.000 0.000 
 81 6.191947e+07 3.6780 3.7568 1.5114  8.1341 3.7611 0.0000 0.9911 0.0088 0.0000 0.051 0.577  0.964 0.163 0.205 0.090 0.000 0.022 0.000 0.000 0.000 
 82 6.192369e+07 3.6796 3.7453 1.4638  8.1339 3.7562 0.0000 0.9905 0.0094 0.0000 0.050 0.577  0.956 0.163 0.205 0.087 0.000 0.023 0.000 0.000 0.000 
 83 6.192915e+07 3.6813 3.7346 1.4193  8.1339 3.7516 0.0000 0.9897 0.0102 0.0000 0.050 0.577  0.947 0.163 0.205 0.085 0.000 0.023 0.000 0.000 0.000 
 84 6.194249e+07 3.6844 3.7255 1.3798  8.1338 3.7447 0.0000 0.9881 0.0118 0.0000 0.050 0.577  0.930 0.165 0.206 0.082 0.000 0.023 0.000 0.000 0.000 
 85 6.195405e+07 3.6886 3.7213 1.3588  8.1340 3.7389 0.0000 0.9863 0.0136 0.0000 0.050 0.577  0.915 0.166 0.207 0.080 0.000 0.023 0.000 0.000 0.000 brgb
 86 6.198530e+07 3.6981 3.7266 1.3705  8.1347 3.7308 0.0000 0.9827 0.0171 0.0000 0.049 0.577  0.893 0.168 0.209 0.079 0.000 0.024 0.000 0.000 0.000 
 87 6.199601e+07 3.7029 3.7372 1.4081  8.1351 3.7269 0.0000 0.9808 0.0191 0.0001 0.050 0.577  0.887 0.169 0.210 0.079 0.000 0.024 0.000 0.000 0.000 
 88 6.200450e+07 3.7052 3.7466 1.4434  8.1353 3.7248 0.0000 0.9796 0.0202 0.0001 0.050 0.577  0.885 0.170 0.211 0.079 0.000 0.024 0.000 0.000 0.000 
 89 6.201234e+07 3.7077 3.7603 1.4957  8.1357 3.7222 0.0000 0.9781 0.0217 0.0001 0.050 0.577  0.883 0.171 0.211 0.080 0.000 0.024 0.000 0.000 0.000 
 90 6.201988e+07 3.7091 3.7702 1.5339  8.1359 3.7205 0.0000 0.9771 0.0227 0.0001 0.050 0.577  0.883 0.171 0.212 0.080 0.000 0.024 0.000 0.000 0.000 
 91 6.202765e+07 3.7103 3.7804 1.5735  8.1361 3.7187 0.0000 0.9760 0.0238 0.0001 0.050 0.577  0.884 0.171 0.212 0.080 0.000 0.024 0.000 0.000 0.000 
 92 6.203577e+07 3.7113 3.7907 1.6137  8.1363 3.7169 0.0000 0.9748 0.0250 0.0001 0.050 0.577  0.885 0.172 0.213 0.081 0.000 0.024 0.000 0.000 0.000 
 93 6.204451e+07 3.7121 3.7988 1.6453  8.1365 3.7155 0.0000 0.9738 0.0260 0.0001 0.050 0.577  0.885 0.173 0.213 0.081 0.000 0.024 0.000 0.000 0.000 
 94 6.205402e+07 3.7128 3.8080 1.6814  8.1368 3.7137 0.0000 0.9727 0.0271 0.0001 0.050 0.577  0.886 0.173 0.214 0.082 0.000 0.024 0.000 0.000 0.000 
 95 6.206440e+07 3.7136 3.8181 1.7210  8.1371 3.7116 0.0000 0.9712 0.0285 0.0001 0.050 0.577  0.887 0.174 0.215 0.082 0.000 0.024 0.000 0.000 0.000 
 96 6.207624e+07 3.7144 3.8291 1.7642  8.1374 3.7092 0.0000 0.9695 0.0303 0.0001 0.050 0.577  0.889 0.174 0.216 0.083 0.000 0.024 0.000 0.000 0.000 
 97 6.208948e+07 3.7153 3.8408 1.8101  8.1379 3.7063 0.0000 0.9673 0.0324 0.0002 0.050 0.577  0.890 0.176 0.216 0.084 0.000 0.025 0.000 0.000 0.000 
 98 6.210446e+07 3.7164 3.8530 1.8578  8.1384 3.7029 0.0000 0.9648 0.0349 0.0002 0.051 0.577  0.891 0.177 0.217 0.086 0.000 0.025 0.000 0.000 0.000 
 99 6.212130e+07 3.7169 3.8594 1.8829  8.1387 3.7010 0.0000 0.9633 0.0364 0.0002 0.051 0.577  0.891 0.177 0.218 0.086 0.000 0.025 0.000 0.000 0.000 
100 6.213952e+07 3.7183 3.8726 1.9343  8.1394 3.6967 0.0000 0.9600 0.0397 0.0003 0.052 0.577  0.891 0.178 0.220 0.088 0.000 0.025 0.000 0.000 0.000 
101 6.215981e+07 3.7190 3.8795 1.9612  8.1398 3.6930 0.0000 0.9579 0.0417 0.0003 0.064 0.577  0.891 0.179 0.220 0.089 0.000 0.026 0.000 0.000 0.000 
102 6.218271e+07 3.7203 3.8912 2.0067  8.1401 3.6885 0.0000 0.9619 0.0377 0.0003 0.053 0.577  0.891 0.180 0.222 0.090 0.000 0.026 0.000 0.000 0.000 
103 6.220795e+07 3.7215 3.9013 2.0459  8.1409 3.6835 0.0000 0.9581 0.0414 0.0003 0.065 0.577  0.890 0.181 0.223 0.092 0.000 0.026 0.000 0.000 0.000 
104 6.223553e+07 3.7229 3.9124 2.0889  8.1415 3.6764 0.0000 0.9573 0.0422 0.0003 0.069 0.577  0.890 0.183 0.224 0.094 0.000 0.027 0.000 0.000 0.000 
105 6.226495e+07 3.7237 3.9184 2.1121  8.1419 3.6732 0.0000 0.9555 0.0440 0.0004 0.070 0.577  0.889 0.184 0.225 0.095 0.000 0.027 0.000 0.000 0.000 
106 6.229706e+07 3.7254 3.9314 2.1624  8.1428 3.6671 0.0000 0.9509 0.0486 0.0004 0.070 0.577  0.887 0.185 0.227 0.097 0.000 0.027 0.000 0.000 0.000 
107 6.233033e+07 3.7264 3.9384 2.1894  8.1433 3.6637 0.0000 0.9483 0.0511 0.0005 0.070 0.577  0.886 0.186 0.229 0.099 0.000 0.027 0.000 0.000 0.000 
108 6.236730e+07 3.7284 3.9533 2.2470  8.1445 3.6562 0.0000 0.9419 0.0574 0.0006 0.072 0.577  0.884 0.188 0.231 0.102 0.000 0.027 0.000 0.000 0.000 
109 6.240738e+07 3.7295 3.9611 2.2771  8.1452 3.6519 0.0000 0.9383 0.0609 0.0007 0.073 0.577  0.882 0.190 0.232 0.104 0.000 0.028 0.000 0.000 0.000 
110 6.245006e+07 3.7307 3.9693 2.3087  8.1459 3.6476 0.0000 0.9343 0.0648 0.0008 0.074 0.577  0.881 0.191 0.234 0.106 0.000 0.028 0.000 0.000 0.000 
111 6.249628e+07 3.7329 3.9840 2.3653  8.1474 3.6396 0.0000 0.9260 0.0730 0.0009 0.075 0.577  0.877 0.194 0.236 0.111 0.000 0.029 0.000 0.000 0.000 
112 6.254567e+07 3.7338 3.9901 2.3888  8.1479 3.6361 0.0000 0.9229 0.0760 0.0010 0.076 0.577  0.876 0.194 0.238 0.113 0.000 0.029 0.000 0.000 0.000 
113 6.259861e+07 3.7357 4.0023 2.4357  8.1492 3.6290 0.0000 0.9151 0.0836 0.0012 0.077 0.577  0.872 0.197 0.240 0.117 0.000 0.029 0.000 0.000 0.000 
114 6.265737e+07 3.7375 4.0135 2.4787  8.1505 3.6220 0.0000 0.9069 0.0915 0.0015 0.078 0.577  0.869 0.199 0.243 0.121 0.000 0.029 0.000 0.000 0.000 
115 6.272039e+07 3.7392 4.0237 2.5178  8.1517 3.6156 0.0000 0.8989 0.0993 0.0018 0.079 0.577  0.865 0.201 0.245 0.125 0.000 0.030 0.000 0.000 0.000 
116 6.278898e+07 3.7414 4.0362 2.5656  8.1533 3.6074 0.0000 0.8884 0.1093 0.0021 0.081 0.577  0.860 0.203 0.248 0.131 0.000 0.031 0.000 0.000 0.000 
117 6.286429e+07 3.7428 4.0437 2.5942  8.1543 3.6022 0.0000 0.8811 0.1164 0.0024 0.082 0.577  0.857 0.205 0.250 0.135 0.000 0.031 0.000 0.000 0.000 
118 6.294647e+07 3.7448 4.0544 2.6350  8.1559 3.5948 0.0000 0.8696 0.1273 0.0029 0.083 0.577  0.852 0.208 0.253 0.140 0.000 0.032 0.000 0.000 0.000 
119 6.303522e+07 3.7473 4.0669 2.6825  8.1579 3.5857 0.0000 0.8541 0.1422 0.0037 0.086 0.577  0.845 0.211 0.257 0.147 0.000 0.033 0.000 0.000 0.000 
120 6.313140e+07 3.7496 4.0776 2.7230  8.1597 3.5778 0.0000 0.8401 0.1554 0.0044 0.087 0.577  0.839 0.213 0.260 0.154 0.000 0.033 0.000 0.000 0.000 
121 6.323771e+07 3.7516 4.0870 2.7586  8.1615 3.5706 0.0000 0.8255 0.1690 0.0053 0.089 0.577  0.833 0.216 0.263 0.161 0.000 0.034 0.000 0.000 0.000 
122 6.335674e+07 3.7542 4.0979 2.7996  8.1638 3.5620 0.0000 0.8060 0.1872 0.0066 0.091 0.577  0.825 0.220 0.267 0.170 0.000 0.035 0.000 0.000 0.000 
123 6.348810e+07 3.7565 4.1069 2.8333  8.1658 3.5547 0.0000 0.7881 0.2038 0.0079 0.093 0.577  0.817 0.222 0.271 0.178 0.000 0.036 0.000 0.000 0.000 
124 6.363627e+07 3.7596 4.1182 2.8754  8.1688 3.5452 0.0000 0.7619 0.2279 0.0101 0.096 0.577  0.806 0.226 0.275 0.190 0.000 0.037 0.000 0.000 0.000 
125 6.379636e+07 3.7622 4.1276 2.9104  8.1715 3.5374 0.0000 0.7363 0.2510 0.0125 0.098 0.577  0.795 0.229 0.280 0.201 0.000 0.038 0.000 0.000 0.000 
126 6.397383e+07 3.7655 4.1382 2.9495  8.1750 3.5287 0.0000 0.7041 0.2798 0.0160 0.101 0.577  0.782 0.233 0.284 0.215 0.000 0.039 0.000 0.000 0.000 
127 6.417097e+07 3.7687 4.1482 2.9863  8.1787 3.5205 0.0000 0.6692 0.3103 0.0204 0.104 0.577  0.767 0.236 0.290 0.230 0.000 0.041 0.000 0.000 0.000 
128 6.440239e+07 3.7726 4.1591 3.0260  8.1835 3.5115 0.0000 0.6246 0.3482 0.0271 0.108 0.577  0.748 0.241 0.295 0.250 0.000 0.043 0.000 0.000 0.000 
129 6.468620e+07 3.7772 4.1695 3.0630  8.1897 3.5038 0.0000 0.5666 0.3957 0.0375 0.112 0.577  0.725 0.247 0.301 0.275 0.000 0.045 0.000 0.000 0.000 
130 6.502640e+07 3.7824 4.1796 3.0982  8.1977 3.4983 0.0000 0.4954 0.4508 0.0537 0.117 0.577  0.694 0.252 0.308 0.305 0.000 0.048 0.000 0.000 0.000 
131 6.545363e+07 3.7887 4.1896 3.1319  8.2092 3.4973 0.0000 0.4016 0.5157 0.0825 0.123 0.577  0.653 0.258 0.316 0.348 0.000 0.053 0.000 0.000 0.000 
132 6.613567e+07 3.7997 4.1967 3.1493  8.2334 3.5158 0.0000 0.2449 0.5915 0.1635 0.134 0.577  0.579 0.268 0.326 0.423 0.000 0.064 0.000 0.000 0.000 tmaxcheb
133 6.676492e+07 3.8123 4.1876 3.1003  8.2647 3.5680 0.0000 0.1173 0.5815 0.3011 0.144 0.577  0.513 0.276 0.331 0.489 0.000 0.072 0.000 0.000 0.000 
134 6.700279e+07 3.8181 4.1781 3.0565  8.2806 3.6035 0.0000 0.0767 0.5478 0.3754 0.146 0.577  0.494 0.279 0.331 0.510 0.000 0.074 0.000 0.000 0.000 
135 6.715109e+07 3.8231 4.1676 3.0095  8.2943 3.6375 0.0000 0.0517 0.5107 0.4375 0.147 0.577  0.481 0.281 0.331 0.522 0.000 0.078 0.000 0.000 0.000 
136 6.724450e+07 3.8263 4.1574 2.9655  8.3062 3.6706 0.0000 0.0349 0.4831 0.4819 0.147 0.577  0.479 0.282 0.329 0.523 0.000 0.080 0.000 0.001 0.000 
137 6.730689e+07 3.8290 4.1476 2.9236  8.3158 3.6985 0.0000 0.0248 0.4624 0.5127 0.147 0.577  0.478 0.283 0.329 0.523 0.000 0.080 0.000 0.001 0.000 
138 6.735213e+07 3.8312 4.1375 2.8810  8.3249 3.7255 0.0000 0.0176 0.4453 0.5370 0.144 0.577  0.480 0.284 0.328 0.520 0.000 0.081 0.000 0.001 0.000 
139 6.738430e+07 3.8327 4.1274 2.8391  8.3335 3.7517 0.0000 0.0125 0.4319 0.5555 0.141 0.577  0.485 0.284 0.327 0.515 0.000 0.082 0.000 0.001 0.000 
140 6.740781e+07 3.8339 4.1160 2.7923  8.3424 3.7794 0.0000 0.0086 0.4210 0.5703 0.137 0.577  0.491 0.285 0.325 0.507 0.000 0.083 0.000 0.001 0.000 
141 6.742433e+07 3.8342 4.1089 2.7636  8.3479 3.7968 0.0000 0.0067 0.4158 0.5773 0.135 0.577  0.496 0.285 0.325 0.501 0.000 0.083 0.000 0.001 0.000 
142 6.743279e+07 3.8344 4.0999 2.7274  8.3545 3.8182 0.0000 0.0050 0.4107 0.5842 0.132 0.577  0.504 0.285 0.324 0.490 0.000 0.083 0.000 0.001 0.000 lmaxcheb
143 6.744335e+07 3.8341 4.0914 2.6937  8.3610 3.8390 0.0000 0.0037 0.4068 0.5894 0.129 0.577  0.513 0.285 0.323 0.476 0.000 0.084 0.000 0.001 0.000 
144 6.745136e+07 3.8331 4.0810 2.6531  8.3690 3.8658 0.0000 0.0024 0.4032 0.5942 0.125 0.577  0.526 0.285 0.322 0.451 0.000 0.084 0.000 0.001 0.000 
145 6.745747e+07 3.8311 4.0697 2.6099  8.3783 3.8973 0.0000 0.0015 0.4003 0.5981 0.117 0.577  0.546 0.286 0.321 0.409 0.148 0.152 0.000 0.002 0.000 
146 6.746222e+07 3.8286 4.0601 2.5740  8.3869 3.9271 0.0000 0.0009 0.3985 0.6005 0.110 0.577  0.566 0.286 0.320 0.355 0.148 0.157 0.000 0.002 0.000 
147 6.746586e+07 3.8251 4.0495 2.5351  8.3970 3.9635 0.0000 0.0004 0.3972 0.6022 0.099 0.577  0.593 0.286 0.319 0.279 0.148 0.163 0.000 0.002 0.000 
148 6.746877e+07 3.8204 4.0382 2.4946  8.4087 4.0074 0.0000 0.0001 0.3963 0.6034 0.074 0.577  0.628 0.286 0.318 0.157 0.147 0.171 0.000 0.003 0.000 
149 6.747112e+07 3.8157 4.0282 2.4593  8.4192 4.0514 0.0000 0.0000 0.3960 0.6039 0.035 0.577  0.658 0.286 0.317 0.051 0.000 0.185 0.000 0.003 0.000 
150 6.747305e+07 3.8105 4.0183 2.4249  8.4268 4.0945 0.0000 0.0000 0.3959 0.6040 0.000 0.577  0.681 0.286 0.316 0.046 0.021 0.186 0.000 0.004 0.000 
151 6.747467e+07 3.8055 4.0092 2.3935  8.4328 4.1280 0.0000 0.0000 0.3959 0.6040 0.000 0.577  0.684 0.286 0.315 0.084 0.027 0.186 0.000 0.004 0.000 
152 6.747603e+07 3.8009 3.9999 2.3609  8.4376 4.1556 0.0000 0.0000 0.3959 0.6040 0.000 0.577  0.681 0.286 0.315 0.141 0.035 0.186 0.000 0.005 0.000 
153 6.747724e+07 3.7964 3.9889 2.3214  8.4419 4.1821 0.0000 0.0000 0.3959 0.6040 0.000 0.577  0.670 0.286 0.314 0.242 0.042 0.186 0.000 0.005 0.000 
154 6.747834e+07 3.7935 3.9785 2.2827  8.4445 4.2019 0.0000 0.0000 0.3959 0.6040 0.000 0.577  0.647 0.286 0.314 0.369 0.048 0.186 0.000 0.005 0.000 
155 6.747935e+07 3.7924 3.9721 2.2582  8.4454 4.2120 0.0000 0.0000 0.3959 0.6040 0.000 0.577  0.629 0.286 0.314 0.459 0.054 0.186 0.000 0.006 0.000 
156 6.747966e+07 3.7918 3.9646 2.2288  8.4459 4.2219 0.0000 0.0000 0.3959 0.6040 0.000 0.577  0.603 0.286 0.314 0.568 0.059 0.185 0.000 0.006 0.000 lmin1cheb
157 6.748063e+07 3.7921 3.9563 2.1953  8.4459 4.2313 0.0000 0.0000 0.3959 0.6040 0.000 0.577  0.569 0.286 0.314 0.686 0.127 0.185 0.000 0.006 0.000 
158 6.748159e+07 3.7937 3.9471 2.1569  8.4452 4.2403 0.0000 0.0000 0.3959 0.6040 0.000 0.577  0.529 0.286 0.314 0.788 0.132 0.185 0.000 0.006 0.000 
159 6.748255e+07 3.7983 3.9337 2.0987  8.4438 4.2521 0.0000 0.0000 0.3959 0.6040 0.000 0.577  0.470 0.286 0.314 0.866 0.135 0.185 0.000 0.005 0.000 
160 6.748354e+07 3.8033 3.9236 2.0533  8.4426 4.2608 0.0000 0.0000 0.3959 0.6040 0.000 0.577  0.429 0.286 0.314 0.872 0.135 0.185 0.000 0.005 0.000 
161 6.748459e+07 3.8103 3.9135 2.0059  8.4417 4.2703 0.0000 0.0000 0.3959 0.6040 0.000 0.577  0.390 0.286 0.314 0.834 0.135 0.185 0.000 0.005 0.000 
162 6.748576e+07 3.8191 3.9041 1.9595  8.4412 4.2809 0.0000 0.0000 0.3959 0.6040 0.000 0.577  0.355 0.286 0.314 0.784 0.132 0.185 0.000 0.005 0.000 
163 6.748726e+07 3.8314 3.8942 1.9076  8.4412 4.2957 0.0000 0.0000 0.3959 0.6040 0.000 0.577  0.315 0.286 0.315 0.738 0.131 0.186 0.000 0.005 0.000 
164 6.749052e+07 3.8502 3.8849 1.8516  8.4422 4.3240 0.0000 0.0000 0.3959 0.6040 0.000 0.577  0.253 0.286 0.315 0.724 0.127 0.186 0.000 0.004 0.000 
165 6.749556e+07 3.8621 3.8888 1.8553  8.4446 4.3750 0.0000 0.0000 0.3959 0.6040 0.000 0.577  0.168 0.287 0.315 0.794 0.123 0.186 0.000 0.004 0.000 lmaxeagb
166 6.750162e+07 3.8575 3.8998 1.9039  8.4482 4.4325 0.0000 0.0000 0.3959 0.6040 0.000 0.577  0.104 0.287 0.316 0.876 0.110 0.186 0.000 0.005 0.000 
167 6.751131e+07 3.8404 3.8988 1.9170  8.4554 4.5108 0.0000 0.0000 0.3959 0.6040 0.000 0.577  0.046 0.287 0.315 1.002 0.093 0.186 0.000 0.005 0.000 
168 6.751457e+07 3.8334 3.8914 1.8944  8.4580 4.5343 0.0000 0.0000 0.3959 0.6040 0.000 0.577  0.034 0.287 0.315 1.043 0.093 0.186 0.000 0.006 0.000 
169 6.751701e+07 3.8243 3.8771 1.8463  8.4612 4.5614 0.0000 0.0000 0.3959 0.6040 0.000 0.577  0.023 0.286 0.315 1.091 0.093 0.186 0.000 0.006 0.000 
170 6.751902e+07 3.8184 3.8669 1.8114  8.4632 4.5775 0.0000 0.0000 0.3959 0.6040 0.000 0.577  0.018 0.286 0.315 1.119 0.093 0.186 0.000 0.006 0.000 
171 6.752064e+07 3.8135 3.8572 1.7775  8.4648 4.5896 0.0000 0.0000 0.3959 0.6040 0.000 0.577  0.014 0.286 0.314 1.144 0.093 0.186 0.000 0.007 0.000 
172 6.752200e+07 3.8091 3.8476 1.7435  8.4661 4.5997 0.0000 0.0000 0.3959 0.6040 0.000 0.577  0.012 0.286 0.314 1.165 0.093 0.186 0.000 0.007 0.000 
173 6.752319e+07 3.8063 3.8414 1.7215  8.4669 4.6055 0.0000 0.0000 0.3959 0.6040 0.000 0.577  0.011 0.286 0.314 1.179 0.093 0.186 0.000 0.007 0.000 
174 6.752420e+07 3.8032 3.8338 1.6942  8.4678 4.6118 0.0000 0.0000 0.3959 0.6040 0.000 0.577  0.009 0.286 0.314 1.193 0.093 0.186 0.000 0.007 0.000 
175 6.752513e+07 3.7994 3.8246 1.6612  8.4688 4.6188 0.0000 0.0000 0.3959 0.6040 0.000 0.577  0.008 0.286 0.314 1.210 0.093 0.186 0.000 0.007 0.000 
176 6.752601e+07 3.7925 3.8071 1.5981  8.4704 4.6305 0.0000 0.0000 0.3959 0.6040 0.000 0.577  0.006 0.286 0.314 1.239 0.093 0.186 0.000 0.008 0.000 
177 6.752681e+07 3.7888 3.7975 1.5634  8.4712 4.6361 0.0000 0.0000 0.3959 0.6040 0.000 0.577  0.006 0.286 0.313 1.255 0.093 0.186 0.000 0.008 0.000 
178 6.752755e+07 3.7844 3.7863 1.5230  8.4721 4.6423 0.0000 0.0000 0.3959 0.6040 0.000 0.577  0.005 0.286 0.313 1.273 0.093 0.186 0.000 0.008 0.000 
179 6.752825e+07 3.7813 3.7784 1.4945  8.4728 4.6464 0.0000 0.0000 0.3959 0.6040 0.000 0.577  0.004 0.286 0.313 1.287 0.093 0.186 0.000 0.008 0.000 
180 6.752889e+07 3.7771 3.7681 1.4575  8.4735 4.6514 0.0000 0.0000 0.3959 0.6040 0.000 0.577  0.004 0.286 0.313 1.304 0.093 0.186 0.000 0.008 0.000 
181 6.752951e+07 3.7716 3.7549 1.4102  8.4744 4.6573 0.0000 0.0000 0.3959 0.6040 0.000 0.577  0.003 0.286 0.313 1.325 0.093 0.186 0.000 0.009 0.000 
182 6.753011e+07 3.7680 3.7470 1.3822  8.4749 4.6607 0.0000 0.0000 0.3959 0.6040 0.000 0.577  0.003 0.286 0.312 1.339 0.093 0.186 0.000 0.009 0.000 
183 6.753073e+07 3.7637 3.7383 1.3517  8.4755 4.6645 0.0000 0.0000 0.3959 0.6040 0.000 0.577  0.003 0.286 0.312 1.356 0.093 0.186 0.000 0.009 0.000 
184 6.753147e+07 3.7585 3.7297 1.3225  8.4761 4.6686 0.0000 0.0000 0.3959 0.6040 0.000 0.577  0.003 0.286 0.311 1.376 0.093 0.186 0.000 0.009 0.000 
185 6.753258e+07 3.7436 3.7162 1.2834  8.4776 4.6781 0.0000 0.0000 0.3959 0.6040 0.000 0.577  0.002 0.286 0.310 1.431 0.093 0.186 0.000 0.010 0.000 
186 6.753416e+07 3.7201 3.7072 1.2709  8.4794 4.6895 0.0000 0.0000 0.3959 0.6040 0.000 0.577  0.001 0.287 0.309 1.520 0.093 0.186 0.000 0.011 0.000 
187 6.753634e+07 3.6946 3.7003 1.2688  8.4817 4.7033 0.0000 0.0000 0.3959 0.6040 0.000 0.577  0.001 0.287 0.307 1.621 0.095 0.186 0.000 0.011 0.000 lmineagb
188 6.753802e+07 3.6943 3.6964 1.2535  8.4830 4.7111 0.0000 0.0000 0.3959 0.6040 0.000 0.577  0.001 0.287 0.306 1.627 0.095 0.186 0.000 0.012 0.000 
189 6.753880e+07 3.7253 3.6921 1.2053  8.4844 4.7198 0.0000 0.0000 0.3959 0.6040 0.000 0.577  0.000 0.287 0.305 1.521 0.095 0.186 0.000 0.011 0.000 
190 6.753957e+07 3.7919 3.6873 1.1195  8.4860 4.7288 0.0000 0.0000 0.3959 0.6040 0.000 0.570  0.000 0.287 0.304 1.316 0.095 0.186 0.000 0.010 0.000 
191 6.754041e+07 3.7919 3.6873 1.1195  8.4860 4.7288 0.0000 0.0000 0.3959 0.6040 0.000 0.570  0.000 0.287 0.304 1.316 0.095 0.186 0.000 0.010 0.000 
192 6.754157e+07 3.8520 3.6833 1.0434  8.4875 4.7378 0.0000 0.0000 0.3959 0.6040 0.000 0.557  0.000 0.287 0.303 1.157 0.095 0.186 0.000 0.009 0.000 
193 6.754377e+07 3.9148 3.6798 0.9666  8.4905 4.7554 0.0000 0.0000 0.3959 0.6040 0.000 0.467  0.000 0.287 0.302 1.025 0.097 0.186 0.000 0.008 0.000 
194 6.755211e+07 3.9601 3.6773 0.9113  8.5005 4.8132 0.0000 0.0000 0.3959 0.6040 0.000 0.410  0.000 0.288 0.300 0.976 0.099 0.186 0.000 0.009 0.000 
195 6.756724e+07 3.9964 3.6749 0.8654  8.5170 4.9035 0.0000 0.0000 0.3959 0.6040 0.000 0.386  0.000 0.290 0.297 0.969 0.103 0.186 0.000 0.010 0.000 
196 6.758490e+07 4.0349 3.6730 0.8193  8.5373 5.0109 0.0000 0.0000 0.3959 0.6040 0.000 0.366  0.000 0.000 0.000 0.964 0.110 0.186 0.000 0.013 0.000 
197 6.760424e+07 4.0734 3.6706 0.7712  8.5601 5.1316 0.0000 0.0000 0.3959 0.6040 0.000 0.350  0.000 0.000 0.000 0.961 0.118 0.186 0.000 0.018 0.000 
198 6.762441e+07 4.1171 3.6684 0.7187  8.5880 5.2846 0.0000 0.0000 0.3959 0.6040 0.000 0.335  0.000 0.000 0.000 0.955 0.128 0.186 0.000 0.029 0.000 
199 6.764297e+07 4.1589 3.6660 0.6673  8.6151 5.4441 0.0000 0.0000 0.3959 0.6040 0.000 0.324  0.000 0.000 0.000 0.945 0.137 0.186 0.000 0.047 0.000 
200 6.765888e+07 4.1991 3.6638 0.6183  8.6402 5.6065 0.0000 0.0000 0.3959 0.6040 0.000 0.315  0.000 0.000 0.000 0.933 0.147 0.186 0.000 0.078 0.000 
201 6.767248e+07 4.2385 3.6614 0.5693  8.6570 5.7902 0.0000 0.0000 0.3959 0.6040 0.000 0.309  0.000 0.000 0.000 0.926 0.155 0.186 0.000 0.138 0.007 
202 6.768501e+07 4.2800 3.6591 0.5186  8.6733 6.0384 0.0000 0.0000 0.3959 0.6040 0.000 0.304  0.000 0.000 0.000 0.922 0.162 0.185 0.002 0.283 0.027 
203 6.769637e+07 4.3183 3.6572 0.4727  8.6733 6.3507 0.0000 0.0000 0.3959 0.6040 0.000 0.295  0.000 0.000 0.000 0.909 0.169 0.184 0.058 0.642 0.052 
204 6.770046e+07 4.3292 3.6574 0.4626  8.6397 6.4977 0.0000 0.0000 0.3959 0.6040 0.000 0.268  0.000 0.000 0.000 0.861 0.173 0.184 1.037 0.984 0.050 
205 6.770055e+07 4.3272 3.6576 0.4654  8.6380 6.4976 0.0000 0.0000 0.3959 0.6040 0.000 0.267  0.000 0.000 0.000 0.857 0.173 0.184 1.327 0.990 0.049 1sttp
