#age/yr        logL   logTef lgrav  logTc  logrho Xc      Yc     Xc_C     Xc_O     Q_conv Q_disc  L_H/L Q1_H   Q2_H   f_pp      L_He/L Q1_He  Q2_He  L_C/L  L_nu/L Q_Tmax  stage
 0.000000E+00  0.990  4.024  4.666  7.303  2.018  0.7688  0.2312 0.00E+00 0.00E+00 0.2023 0.1997  0.991 0.0000 0.5418 1.00E+00  0.000 0.0000 0.0000  0.000  0.000  0.0000  ZAMS                
 1.021990E+08  1.009  4.025  4.652  7.308  2.026  0.7413  0.2587 0.00E+00 0.00E+00 0.1997 0.5584  1.000 0.0000 0.5972 1.00E+00  0.000 0.0000 0.0000  0.000  0.000  0.0000          
 1.912731E+08  1.026  4.027  4.644  7.315  2.039  0.7174  0.2826 0.00E+00 0.00E+00 0.1970 0.6259  1.000 0.0000 0.6046 1.00E+00  0.000 0.0000 0.0000  0.000  0.000  0.0000          
 2.797833E+08  1.043  4.029  4.636  7.322  2.053  0.6922  0.3078 0.00E+00 0.00E+00 0.1944 0.6689  1.000 0.0000 0.6046 1.00E+00  0.000 0.0000 0.0000  0.000  0.000  0.0000          
 3.670576E+08  1.061  4.032  4.627  7.329  2.068  0.6660  0.3340 0.00E+00 0.00E+00 0.1908 0.6920  1.000 0.0000 0.6118 1.00E+00  0.000 0.0000 0.0000  0.000  0.000  0.0000          
 4.440906E+08  1.078  4.034  4.618  7.336  2.082  0.6414  0.3586 0.00E+00 0.00E+00 0.1880 0.7135  1.000 0.0000 0.6118 1.00E+00  0.000 0.0000 0.0000  0.000  0.000  0.0000          
 5.192359E+08  1.095  4.036  4.609  7.343  2.098  0.6160  0.3840 0.00E+00 0.00E+00 0.1837 0.7270  1.000 0.0000 0.6118 1.00E+00  0.000 0.0000 0.0000  0.000  0.000  0.0000          
 5.837728E+08  1.111  4.038  4.600  7.350  2.114  0.5927  0.4073 0.00E+00 0.00E+00 0.1775 0.7335  1.000 0.0000 0.6118 1.00E+00  0.000 0.0000 0.0000  0.000  0.000  0.0000          
 6.456102E+08  1.128  4.040  4.592  7.358  2.132  0.5688  0.4312 0.00E+00 0.00E+00 0.1702 0.7399  1.000 0.0000 0.6118 1.00E+00  0.000 0.0000 0.0000  0.000  0.000  0.0000          
 7.047847E+08  1.144  4.042  4.584  7.366  2.151  0.5443  0.4557 0.00E+00 0.00E+00 0.1670 0.7461  1.000 0.0000 0.6189 1.00E+00  0.000 0.0000 0.0000  0.000  0.000  0.0000          
 7.619962E+08  1.161  4.044  4.577  7.375  2.172  0.5192  0.4808 0.00E+00 0.00E+00 0.1638 0.7522  1.000 0.0000 0.6189 1.00E+00  0.000 0.0000 0.0000  0.000  0.000  0.0000          
 8.103211E+08  1.177  4.047  4.570  7.383  2.193  0.4968  0.5032 0.00E+00 0.00E+00 0.1585 0.7581  1.000 0.0000 0.6259 1.00E+00  0.000 0.0000 0.0000  0.000  0.000  0.0000          
 8.560683E+08  1.194  4.049  4.564  7.392  2.218  0.4739  0.5261 0.00E+00 0.00E+00 0.1484 0.7581  1.000 0.0000 0.6259 1.00E+00  0.000 0.0000 0.0000  0.000  0.000  0.0000          
 8.996571E+08  1.210  4.052  4.558  7.401  2.244  0.4507  0.5493 0.00E+00 0.00E+00 0.1451 0.7639  1.000 0.0000 0.6327 1.00E+00  0.000 0.0000 0.0000  0.000  0.000  0.0000          
 9.356994E+08  1.226  4.055  4.553  7.410  2.270  0.4305  0.5695 0.00E+00 0.00E+00 0.1337 0.7639  1.000 0.0000 0.6327 1.00E+00  0.000 0.0000 0.0000  0.000  0.000  0.0000          
 9.753220E+08  1.243  4.057  4.548  7.420  2.300  0.4066  0.5934 0.00E+00 0.00E+00 0.1287 0.7686  1.000 0.0000 0.6394 1.00E+00  0.000 0.0000 0.0000  0.000  0.000  0.0000          
 1.008094E+09  1.259  4.060  4.542  7.429  2.331  0.3857  0.6143 0.00E+00 0.00E+00 0.1160 0.7732  1.000 0.0000 0.6394 1.00E+00  0.000 0.0000 0.0000  0.000  0.000  0.0000          
 1.044256E+09  1.277  4.063  4.536  7.440  2.365  0.3612  0.6388 0.00E+00 0.00E+00 0.1110 0.7732  1.000 0.0000 0.6460 1.00E+00  0.000 0.0000 0.0000  0.000  0.000  0.0000          
 1.074254E+09  1.293  4.065  4.530  7.450  2.397  0.3399  0.6601 0.00E+00 0.00E+00 0.1021 0.7777  1.000 0.0000 0.6460 1.00E+00  0.000 0.0000 0.0000  0.000  0.000  0.0000          
 1.103080E+09  1.309  4.068  4.523  7.460  2.432  0.3184  0.6816 0.00E+00 0.00E+00 0.0927 0.7777  1.000 0.0000 0.6525 1.00E+00  0.000 0.0000 0.0000  0.000  0.000  0.0000          
 1.130854E+09  1.326  4.070  4.515  7.470  2.469  0.2966  0.7034 0.00E+00 0.00E+00 0.0829 0.7777  1.000 0.0000 0.6525 1.00E+00  0.000 0.0000 0.0000  0.000  0.000  0.0000          
 1.157805E+09  1.343  4.073  4.508  7.480  2.509  0.2747  0.7253 0.00E+00 0.00E+00 0.0744 0.7821  1.000 0.0000 0.6608 1.00E+00  0.000 0.0000 0.0000  0.000  0.000  0.0000          
 1.184001E+09  1.361  4.075  4.500  7.490  2.551  0.2526  0.7474 0.00E+00 0.00E+00 0.0657 0.7821  1.000 0.0000 0.6608 1.00E+00  0.000 0.0000 0.0000  0.000  0.000  0.0000          
 1.209015E+09  1.379  4.077  4.491  7.501  2.598  0.2307  0.7693 0.00E+00 0.00E+00 0.0554 0.7865  1.000 0.0000 0.6608 1.00E+00  0.000 0.0000 0.0000  0.000  0.000  0.0000          
 1.230827E+09  1.397  4.079  4.482  7.509  2.646  0.2104  0.7896 0.00E+00 0.00E+00 0.0384 0.7865  1.000 0.0000 0.6689 1.00E+00  0.000 0.0000 0.0000  0.000  0.000  0.0000          
 1.251477E+09  1.415  4.081  4.472  7.514  2.707  0.1888  0.8112 0.00E+00 0.00E+00 0.0080 0.7865  1.000 0.0000 0.6689 1.00E+00  0.000 0.0000 0.0000  0.000  0.000  0.0000          
 1.270663E+09  1.431  4.083  4.464  7.519  2.766  0.1643  0.8357 0.00E+00 0.00E+00 0.0000 0.7865  0.998 0.0000 0.6689 1.00E+00  0.000 0.0000 0.0000  0.000  0.000  0.0000          
 1.290561E+09  1.449  4.085  4.454  7.528  2.822  0.1409  0.8591 0.00E+00 0.00E+00 0.0000 0.7907  1.000 0.0000 0.6689 1.00E+00  0.000 0.0000 0.0000  0.000  0.000  0.0000          
 1.309208E+09  1.466  4.087  4.443  7.537  2.877  0.1214  0.8786 0.00E+00 0.00E+00 0.0000 0.7907  1.000 0.0000 0.6768 1.00E+00  0.000 0.0000 0.0000  0.000  0.000  0.0000          
 1.327152E+09  1.484  4.089  4.432  7.546  2.933  0.1045  0.8955 0.00E+00 0.00E+00 0.0000 0.7907  1.000 0.0000 0.6768 1.00E+00  0.000 0.0000 0.0000  0.000  0.000  0.0000          
 1.345201E+09  1.502  4.090  4.418  7.555  2.985  0.0895  0.9106 0.00E+00 0.00E+00 0.0000 0.7907  1.000 0.0000 0.6768 1.00E+00  0.000 0.0000 0.0000  0.000  0.000  0.0000          
 1.365609E+09  1.524  4.091  4.402  7.566  3.050  0.0746  0.9254 0.00E+00 0.00E+00 0.0000 0.7949  1.000 0.0000 0.6768 1.00E+00  0.000 0.0000 0.0000  0.000  0.000  0.0000          
 1.380672E+09  1.541  4.092  4.389  7.576  3.102  0.0649  0.9351 0.00E+00 0.00E+00 0.0000 0.7949  1.000 0.0000 0.6768 1.00E+00  0.000 0.0000 0.0000  0.000  0.000  0.0000          
 1.399747E+09  1.564  4.094  4.371  7.590  3.172  0.0538  0.9462 0.00E+00 0.00E+00 0.0000 0.7949  1.000 0.0000 0.6768 1.00E+00  0.000 0.0000 0.0000  0.000  0.000  0.0000          
 1.417689E+09  1.588  4.095  4.352  7.604  3.241  0.0446  0.9554 0.00E+00 0.00E+00 0.0000 0.7949  1.000 0.0000 0.6768 1.00E+00  0.000 0.0000 0.0000  0.000  0.000  0.0000          
 1.434502E+09  1.611  4.096  4.331  7.618  3.312  0.0370  0.9630 0.00E+00 0.00E+00 0.0000 0.7949  1.000 0.0000 0.6768 1.00E+00  0.000 0.0000 0.0000  0.000  0.000  0.0000          
 1.450200E+09  1.635  4.096  4.309  7.634  3.383  0.0307  0.9693 0.00E+00 0.00E+00 0.0000 0.7990  1.000 0.0000 0.6768 1.00E+00  0.000 0.0000 0.0000  0.000  0.000  0.0000          
 1.453953E+09  1.641  4.096  4.303  7.638  3.400  0.0293  0.9707 0.00E+00 0.00E+00 0.0000 0.7990  1.000 0.0000 0.6768 1.00E+00  0.000 0.0000 0.0000  0.000  0.000  0.0000  Tmax    
 1.468294E+09  1.665  4.096  4.279  7.653  3.473  0.0243  0.9757 0.00E+00 0.00E+00 0.0000 0.7990  1.000 0.0000 0.6768 1.00E+00  0.000 0.0000 0.0000  0.000  0.000  0.0000          
 1.481588E+09  1.688  4.095  4.252  7.669  3.545  0.0201  0.9799 0.00E+00 0.00E+00 0.0000 0.7990  1.000 0.0000 0.6689 1.00E+00  0.000 0.0000 0.0000  0.000  0.000  0.0000          
 1.490898E+09  1.706  4.094  4.231  7.682  3.601  0.0175  0.9825 0.00E+00 0.00E+00 0.0000 0.7990  1.000 0.0000 0.6689 1.00E+00  0.000 0.0000 0.0000  0.000  0.000  0.0000          
 1.499649E+09  1.723  4.093  4.208  7.694  3.657  0.0152  0.9848 0.00E+00 0.00E+00 0.0000 0.7990  1.000 0.0000 0.6689 1.00E+00  0.000 0.0000 0.0000  0.000  0.000  0.0000          
 1.507866E+09  1.741  4.091  4.184  7.707  3.714  0.0132  0.9868 0.00E+00 0.00E+00 0.0000 0.7990  1.000 0.0000 0.6608 1.00E+00  0.000 0.0000 0.0000  0.000  0.000  0.0000          
 1.515558E+09  1.758  4.089  4.159  7.721  3.772  0.0114  0.9886 0.00E+00 0.00E+00 0.0000 0.7990  1.000 0.0000 0.6566 1.00E+00  0.000 0.0000 0.0000  0.000  0.000  0.0000          
 1.522745E+09  1.775  4.087  4.132  7.734  3.830  0.0099  0.9901 0.00E+00 0.00E+00 0.0000 0.7990  1.000 0.0000 0.6525 1.00E+00  0.000 0.0000 0.0000  0.000  0.000  0.0000          
 1.530421E+09  1.793  4.082  4.098  7.747  3.888  0.0085  0.9915 2.83E-20 1.34E-20 0.0000 0.7990  1.000 0.0000 0.6460 1.00E+00  0.000 0.0000 0.0000  0.000  0.000  0.0000          
 1.535625E+09  1.811  4.082  4.077  7.765  3.960  0.0075  0.9925 1.29E-18 5.54E-19 0.0000 0.7990  1.000 0.0000 0.6525 1.00E+00  0.000 0.0000 0.0000  0.000  0.000  0.0000          
 1.540161E+09  1.824  4.078  4.050  7.776  4.008  0.0067  0.9933 1.24E-17 5.01E-18 0.0000 0.7990  1.000 0.0000 0.6460 1.00E+00  0.000 0.0000 0.0000  0.000  0.000  0.0000          
 1.544287E+09  1.837  4.075  4.023  7.788  4.054  0.0060  0.9940 9.52E-17 3.61E-17 0.0000 0.7990  0.999 0.0000 0.6394 1.00E+00  0.000 0.0000 0.0000  0.000  0.000  0.0000          
 1.547883E+09  1.848  4.071  3.998  7.798  4.097  0.0054  0.9946 6.04E-16 2.16E-16 0.0000 0.7990  0.999 0.0000 0.6327 1.00E+00  0.000 0.0000 0.0000  0.000  0.000  0.0000          
 1.551149E+09  1.859  4.068  3.972  7.808  4.138  0.0049  0.9951 3.48E-15 1.18E-15 0.0000 0.7990  0.999 0.0000 0.6259 1.00E+00  0.000 0.0000 0.0000  0.000  0.000  0.0000          
 1.554103E+09  1.869  4.064  3.946  7.819  4.177  0.0044  0.9956 1.83E-14 5.87E-15 0.0000 0.7990  0.999 0.0000 0.6259 1.00E+00  0.000 0.0000 0.0000  0.000  0.000  0.0000          
 1.556867E+09  1.879  4.060  3.920  7.830  4.213  0.0040  0.9960 9.78E-14 2.97E-14 0.0000 0.7990  0.999 0.0000 0.6189 1.00E+00  0.000 0.0000 0.0000  0.000  0.000  0.0000          
 1.559482E+09  1.889  4.056  3.895  7.854  4.234  0.0034  0.9966 8.88E-13 2.41E-13 0.0010 0.7990  1.000 0.0000 0.6118 9.98E-01  0.000 0.0000 0.0000  0.000  0.000  0.0000          
 1.560123E+09  1.891  4.055  3.889  7.874  4.215  0.0039  0.9961 8.36E-13 2.23E-13 0.0094 0.7990  1.000 0.0000 0.6118 9.94E-01  0.000 0.0000 0.0000  0.000  0.000  0.0000  T1min   
 1.560751E+09  1.898  4.060  3.901  7.905  4.015  0.0071  0.9929 3.44E-12 8.96E-13 0.0685 0.7990  1.052 0.0000 0.6009 8.46E-01  0.000 0.0000 0.0000  0.000  0.000  0.0000          
 1.560874E+09  1.901  4.064  3.918  7.901  3.943  0.0076  0.9924 3.82E-12 1.02E-12 0.0760 0.7990  1.015 0.0000 0.6154 8.47E-01  0.000 0.0000 0.0000  0.000  0.000  0.0000          
 1.560982E+09  1.900  4.070  3.940  7.896  3.901  0.0075  0.9925 4.05E-12 1.11E-12 0.0724 0.7990  0.984 0.0000 0.6327 8.64E-01  0.000 0.0000 0.0000  0.000  0.000  0.0000          
 1.561092E+09  1.895  4.075  3.966  7.892  3.875  0.0074  0.9926 4.18E-12 1.17E-12 0.0691 0.7990  0.973 0.0000 0.6525 8.78E-01  0.000 0.0000 0.0000  0.000  0.000  0.0000          
 1.561260E+09  1.884  4.081  4.000  7.887  3.856  0.0072  0.9928 4.28E-12 1.22E-12 0.0626 0.7990  0.978 0.0000 0.6648 8.93E-01  0.000 0.0000 0.0000  0.000  0.000  0.0000          
 1.561516E+09  1.873  4.084  4.025  7.885  3.849  0.0070  0.9930 4.38E-12 1.27E-12 0.0574 0.7990  0.991 0.0000 0.6728 9.02E-01  0.000 0.0000 0.0000  0.000  0.000  0.0000          
 1.562193E+09  1.867  4.085  4.035  7.885  3.851  0.0064  0.9936 4.66E-12 1.34E-12 0.0562 0.7990  0.999 0.0000 0.6768 9.04E-01  0.000 0.0000 0.0000  0.000  0.000  0.0000  T1max   
 1.566787E+09  1.880  4.082  4.009  7.898  3.896  0.0021  0.9979 9.97E-12 2.68E-12 0.0551 0.7990  0.998 0.0000 0.6648 9.00E-01  0.000 0.0000 0.0000  0.000  0.000  0.0000          
 1.568543E+09  1.888  4.077  3.982  7.906  3.961  0.0006  0.9994 2.04E-11 5.23E-12 0.0456 0.7990  0.996 0.0000 0.6525 9.24E-01  0.000 0.0000 0.0000  0.000  0.000  0.0000          
 1.569117E+09  1.893  4.073  3.960  7.910  4.026  0.0002  0.9998 3.31E-11 8.18E-12 0.0327 0.7990  0.990 0.0000 0.6460 9.52E-01  0.000 0.0000 0.0000  0.000  0.000  0.0000          
 1.569444E+09  1.896  4.069  3.938  7.901  4.105  0.0000  1.0000 6.74E-11 1.46E-11 0.0000 0.7990  0.984 0.0000 0.6327 9.74E-01  0.000 0.0000 0.0000  0.000  0.000  0.0000          
 1.569730E+09  1.900  4.063  3.914  7.886  4.184  0.0000  1.0000 3.29E-10 2.78E-11 0.0000 0.7990  0.999 0.0004 0.6189 9.76E-01  0.000 0.0000 0.0000  0.000  0.000  0.0000          
 1.570103E+09  1.907  4.056  3.880  7.879  4.251  0.0000  1.0000 1.22E-09 2.78E-11 0.0000 0.7990  1.003 0.0034 0.6082 9.75E-01  0.000 0.0000 0.0000  0.000  0.000  0.0000          
 1.570511E+09  1.913  4.051  3.850  7.875  4.302  0.0000  1.0000 1.86E-09 2.78E-11 0.0000 0.7990  1.002 0.0072 0.5972 9.73E-01  0.000 0.0000 0.0000  0.000  0.000  0.0000          
 1.571078E+09  1.919  4.044  3.819  7.869  4.352  0.0000  1.0000 2.47E-09 2.78E-11 0.0000 0.7990  1.001 0.0149 0.5897 9.71E-01  0.000 0.0000 0.0000  0.000  0.000  0.0000          
 1.571901E+09  1.925  4.038  3.788  7.864  4.402  0.0000  1.0000 3.03E-09 2.79E-11 0.0000 0.7990  1.001 0.0219 0.5821 9.70E-01  0.000 0.0000 0.0000  0.000  0.000  0.0000          
 1.573120E+09  1.933  4.031  3.752  7.860  4.452  0.0000  1.0000 3.58E-09 2.79E-11 0.0000 0.7990  1.000 0.0319 0.5782 9.71E-01  0.000 0.0000 0.0000  0.000  0.000  0.0000          
 1.574596E+09  1.940  4.023  3.712  7.862  4.499  0.0000  1.0000 4.24E-09 2.79E-11 0.0000 0.7990  0.999 0.0374 0.5704 9.73E-01  0.000 0.0000 0.0000  0.000  0.000  0.0000          
 1.575638E+09  1.947  4.018  3.686  7.867  4.532  0.0000  1.0000 5.20E-09 2.79E-11 0.0000 0.7990  0.995 0.0445 0.5664 9.75E-01  0.000 0.0000 0.0000  0.000  0.000  0.0000          
 1.576812E+09  1.953  4.012  3.657  7.874  4.567  0.0000  1.0000 8.00E-09 2.80E-11 0.0000 0.7990  0.998 0.0505 0.5624 9.78E-01  0.000 0.0000 0.0000  0.000  0.000  0.0000          
 1.577630E+09  1.958  4.008  3.634  7.878  4.590  0.0000  1.0000 1.24E-08 2.82E-11 0.0000 0.7990  0.998 0.0505 0.5584 9.78E-01  0.000 0.0000 0.0000  0.000  0.000  0.0000          
 1.578555E+09  1.963  4.002  3.608  7.882  4.614  0.0000  1.0000 2.20E-08 2.85E-11 0.0000 0.7990  0.999 0.0517 0.5543 9.76E-01  0.000 0.0000 0.0000  0.000  0.000  0.0000          
 1.579462E+09  1.968  4.000  3.592  7.881  4.629  0.0000  1.0000 3.68E-08 2.92E-11 0.0000 0.7990  0.998 0.0562 0.5543 9.58E-01  0.000 0.0000 0.0000  0.000  0.000  0.0000  T2min   
 1.580352E+09  1.970  4.005  3.609  7.865  4.617  0.0000  1.0000 4.47E-08 2.99E-11 0.0000 0.7990  1.001 0.0572 0.5624 9.12E-01  0.000 0.0000 0.0000  0.000  0.000  0.0809          
 1.581008E+09  1.968  4.008  3.626  7.858  4.611  0.0000  1.0000 4.54E-08 3.01E-11 0.0000 0.7990  0.992 0.0609 0.5664 9.16E-01  0.000 0.0000 0.0000  0.000  0.000  0.0795  T2max   
 1.581989E+09  1.972  4.003  3.601  7.875  4.631  0.0000  1.0000 4.74E-08 3.06E-11 0.0000 0.7990  0.997 0.0719 0.5624 9.33E-01  0.000 0.0000 0.0000  0.000  0.000  0.0128          
 1.582698E+09  1.976  3.998  3.575  7.887  4.647  0.0000  1.0000 5.88E-08 3.16E-11 0.0000 0.7990  1.000 0.0780 0.5543 9.29E-01  0.000 0.0000 0.0000  0.000  0.000  0.0000          
 1.583866E+09  1.982  3.992  3.546  7.894  4.668  0.0000  1.0000 1.24E-07 3.63E-11 0.0000 0.7990  1.000 0.0848 0.5501 9.15E-01  0.000 0.0000 0.0000  0.000  0.000  0.0000          
 1.584806E+09  1.986  3.987  3.522  7.899  4.688  0.0000  1.0000 2.33E-07 4.67E-11 0.0000 0.7990  0.999 0.0897 0.5460 9.07E-01  0.000 0.0000 0.0000  0.000  0.000  0.0000          
 1.585825E+09  1.991  3.981  3.495  7.905  4.711  0.0000  1.0000 4.88E-07 7.88E-11 0.0000 0.7990  0.999 0.0974 0.5375 8.92E-01  0.000 0.0000 0.0000  0.000  0.000  0.0000          
 1.586609E+09  1.995  3.975  3.468  7.910  4.731  0.0000  1.0000 8.77E-07 1.43E-10 0.0000 0.7990  0.997 0.1029 0.5270 8.83E-01  0.000 0.0000 0.0000  0.000  0.000  0.0000          
 1.587316E+09  1.998  3.970  3.444  7.914  4.750  0.0000  1.0000 1.57E-06 2.86E-10 0.0000 0.7990  0.999 0.1089 0.5206 8.74E-01  0.000 0.0000 0.0000  0.000  0.000  0.0000          
 1.587973E+09  2.001  3.965  3.417  7.919  4.769  0.0000  1.0000 2.78E-06 6.02E-10 0.0000 0.7990  0.999 0.1149 0.5110 8.66E-01  0.000 0.0000 0.0000  0.000  0.000  0.0000          
 1.588500E+09  2.004  3.959  3.394  7.923  4.784  0.0000  1.0000 4.60E-06 1.18E-09 0.0000 0.7990  0.998 0.1204 0.5044 8.55E-01  0.000 0.0000 0.0000  0.000  0.000  0.0000          
 1.589096E+09  2.007  3.953  3.366  7.928  4.802  0.0000  1.0000 8.22E-06 2.66E-09 0.0000 0.7990  1.000 0.1235 0.4944 8.44E-01  0.000 0.0000 0.0000  0.000  0.000  0.0000          
 1.589623E+09  2.010  3.947  3.339  7.932  4.818  0.0000  1.0000 1.38E-05 5.57E-09 0.0000 0.7990  0.998 0.1296 0.4876 8.34E-01  0.000 0.0000 0.0000  0.000  0.000  0.0000          
 1.590141E+09  2.013  3.940  3.309  7.936  4.835  0.0000  1.0000 2.33E-05 1.19E-08 0.0000 0.7990  1.000 0.1356 0.4807 8.25E-01  0.000 0.0000 0.0000  0.000  0.000  0.0000          
 1.590553E+09  2.015  3.935  3.284  7.940  4.849  0.0000  1.0000 3.64E-05 2.24E-08 0.0000 0.7990  1.000 0.1386 0.4738 8.15E-01  0.000 0.0000 0.0000  0.000  0.000  0.0000          
 1.590863E+09  2.017  3.930  3.264  7.943  4.860  0.0000  0.9999 5.10E-05 3.64E-08 0.0000 0.7990  1.000 0.1419 0.4703 8.09E-01  0.000 0.0000 0.0004  0.000  0.000  0.0000          
 1.591250E+09  2.019  3.924  3.236  7.947  4.873  0.0000  0.9999 7.96E-05 6.89E-08 0.0000 0.7990  1.000 0.1451 0.4667 8.02E-01  0.000 0.0000 0.0034  0.000  0.000  0.0000          
 1.591532E+09  2.021  3.919  3.214  7.950  4.883  0.0000  0.9999 1.12E-04 1.12E-07 0.0000 0.7990  1.000 0.1481 0.4596 7.96E-01  0.000 0.0000 0.0055  0.000  0.000  0.0000          
 1.591805E+09  2.023  3.914  3.192  7.954  4.893  0.0000  0.9998 1.58E-04 1.82E-07 0.0000 0.7990  1.000 0.1511 0.4560 7.90E-01  0.000 0.0000 0.0089  0.000  0.000  0.0000          
 1.592069E+09  2.025  3.908  3.170  7.957  4.902  0.0000  0.9998 2.25E-04 3.01E-07 0.0000 0.7990  1.000 0.1543 0.4523 7.84E-01  0.000 0.0000 0.0108  0.000  0.000  0.0000          
 1.592399E+09  2.027  3.901  3.140  7.963  4.914  0.0000  0.9996 3.68E-04 5.97E-07 0.0000 0.7990  1.001 0.1575 0.4487 7.75E-01  0.000 0.0000 0.0149  0.000  0.000  0.0000          
 1.592628E+09  2.028  3.897  3.119  7.968  4.921  0.0000  0.9995 5.42E-04 1.01E-06 0.0000 0.7990  1.001 0.1588 0.4413 7.68E-01  0.001 0.0000 0.0195  0.000  0.000  0.0000          
 1.592893E+09  2.030  3.890  3.092  7.979  4.927  0.0000  0.9990 9.78E-04 2.17E-06 0.0002 0.7990  1.002 0.1615 0.4375 7.58E-01  0.001 0.0000 0.0219  0.000  0.000  0.0000          
 1.593119E+09  2.031  3.885  3.070  7.994  4.927  0.0000  0.9988 1.21E-03 2.63E-06 0.0034 0.7990  0.997 0.1641 0.4356 7.55E-01  0.003 0.0000 0.0258  0.000  0.000  0.0000          
 1.593320E+09  2.033  3.881  3.050  8.022  4.911  0.0000  0.9986 1.42E-03 2.54E-06 0.0195 0.7990  0.981 0.1654 0.4338 7.58E-01  0.038 0.0000 0.0189  0.000  0.000  0.0000          
 1.593419E+09  2.036  3.879  3.040  8.075  4.687  0.0000  0.9955 4.46E-03 3.45E-06 0.0928 0.7990  0.699 0.1668 0.4667 9.15E-01  1.386 0.0000 0.0264  0.000  0.000  0.0000  Blp     
 1.593476E+09  2.051  3.882  3.036  8.073  4.528  0.0000  0.9926 7.40E-03 8.12E-06 0.1119 0.7990  0.612 0.1668 0.4738 9.76E-01  0.540 0.0000 0.0310  0.000  0.000  0.0000          
 1.593505E+09  2.062  3.886  3.043  8.071  4.490  0.0000  0.9916 8.40E-03 1.07E-05 0.1126 0.7990  0.609 0.1668 0.4773 9.83E-01  0.391 0.0000 0.0310  0.000  0.000  0.0000          
 1.593543E+09  2.073  3.894  3.065  8.069  4.457  0.0000  0.9906 9.39E-03 1.41E-05 0.1112 0.7990  0.617 0.1668 0.4876 9.87E-01  0.283 0.0000 0.0310  0.000  0.000  0.0000          
 1.593566E+09  2.078  3.901  3.085  8.068  4.442  0.0000  0.9901 9.88E-03 1.60E-05 0.1089 0.7990  0.625 0.1668 0.4944 9.89E-01  0.240 0.0000 0.0310  0.000  0.000  0.0000          
 1.593592E+09  2.082  3.909  3.113  8.067  4.429  0.0000  0.9896 1.04E-02 1.82E-05 0.1061 0.7990  0.637 0.1668 0.5011 9.90E-01  0.208 0.0000 0.0310  0.000  0.000  0.0000          
 1.593626E+09  2.084  3.919  3.153  8.066  4.416  0.0000  0.9890 1.09E-02 2.11E-05 0.1016 0.7990  0.655 0.1668 0.5110 9.91E-01  0.174 0.0000 0.0310  0.000  0.000  0.0000          
 1.593660E+09  2.083  3.930  3.197  8.064  4.407  0.0000  0.9885 1.14E-02 2.40E-05 0.0967 0.7990  0.675 0.1668 0.5174 9.91E-01  0.149 0.0000 0.0310  0.000  0.000  0.0000          
 1.593701E+09  2.080  3.942  3.249  8.063  4.398  0.0000  0.9880 1.20E-02 2.75E-05 0.0909 0.7990  0.700 0.1668 0.5270 9.92E-01  0.128 0.0000 0.0310  0.000  0.000  0.0000          
 1.593751E+09  2.074  3.955  3.308  8.062  4.392  0.0000  0.9874 1.26E-02 3.20E-05 0.0843 0.7990  0.731 0.1668 0.5418 9.92E-01  0.111 0.0000 0.0310  0.000  0.000  0.0000          
 1.593816E+09  2.064  3.969  3.373  8.060  4.388  0.0000  0.9867 1.33E-02 3.79E-05 0.0778 0.7990  0.768 0.1668 0.5501 9.92E-01  0.098 0.0000 0.0310  0.000  0.000  0.0000          
 1.593910E+09  2.051  3.983  3.440  8.059  4.387  0.0000  0.9857 1.43E-02 4.71E-05 0.0714 0.7990  0.810 0.1668 0.5624 9.92E-01  0.088 0.0000 0.0310  0.000  0.000  0.0000          
 1.594085E+09  2.035  3.996  3.509  8.058  4.389  0.0000  0.9840 1.60E-02 6.58E-05 0.0668 0.7990  0.856 0.1668 0.5743 9.91E-01  0.085 0.0000 0.0310  0.000  0.000  0.0000          
 1.594301E+09  2.025  4.003  3.548  8.058  4.391  0.0000  0.9819 1.80E-02 9.24E-05 0.0660 0.7990  0.880 0.1668 0.5821 9.91E-01  0.088 0.0000 0.0310  0.000  0.000  0.0000          
 1.595020E+09  2.019  4.008  3.576  8.059  4.387  0.0000  0.9746 2.52E-02 2.09E-04 0.0668 0.7990  0.901 0.1668 0.5860 9.91E-01  0.097 0.0000 0.0310  0.000  0.000  0.0000          
 1.595406E+09  2.019  4.009  3.577  8.060  4.385  0.0000  0.9704 2.93E-02 2.90E-04 0.0676 0.7990  0.903 0.1668 0.5860 9.92E-01  0.098 0.0000 0.0310  0.000  0.000  0.0000  Helmin  
 1.598951E+09  2.026  4.014  3.591  8.064  4.351  0.0000  0.9458 5.31E-02 1.05E-03 0.0954 0.7990  0.885 0.1681 0.5935 9.94E-01  0.114 0.0000 0.0361  0.000  0.000  0.0000          
 1.601386E+09  2.031  4.019  3.606  8.067  4.332  0.0000  0.9263 7.17E-02 1.93E-03 0.1005 0.7990  0.875 0.1694 0.6009 9.94E-01  0.125 0.0000 0.0361  0.000  0.000  0.0000          
 1.604026E+09  2.035  4.024  3.621  8.070  4.314  0.0000  0.9028 9.39E-02 3.31E-03 0.1044 0.7990  0.861 0.1694 0.6118 9.95E-01  0.139 0.0000 0.0361  0.000  0.000  0.0000          
 1.606805E+09  2.040  4.028  3.634  8.073  4.296  0.0000  0.8784 1.16E-01 5.13E-03 0.1084 0.7990  0.846 0.1707 0.6189 9.95E-01  0.154 0.0000 0.0361  0.000  0.000  0.0000          
 1.609702E+09  2.045  4.033  3.647  8.076  4.278  0.0000  0.8523 1.40E-01 7.56E-03 0.1152 0.7990  0.831 0.1720 0.6259 9.96E-01  0.170 0.0000 0.0406  0.000  0.000  0.0000          
 1.612843E+09  2.050  4.037  3.660  8.079  4.260  0.0000  0.8214 1.68E-01 1.09E-02 0.1197 0.7990  0.812 0.1720 0.6327 9.96E-01  0.189 0.0000 0.0406  0.000  0.000  0.0000          
 1.616374E+09  2.055  4.042  3.673  8.083  4.240  0.0000  0.7866 1.98E-01 1.55E-02 0.1258 0.7990  0.790 0.1733 0.6427 9.97E-01  0.211 0.0000 0.0452  0.000  0.000  0.0000          
 1.620468E+09  2.062  4.046  3.685  8.088  4.220  0.0000  0.7448 2.33E-01 2.21E-02 0.1332 0.7990  0.764 0.1733 0.6493 9.97E-01  0.237 0.0000 0.0452  0.000  0.000  0.0000          
 1.625334E+09  2.068  4.051  3.696  8.093  4.196  0.0000  0.6929 2.75E-01 3.20E-02 0.1429 0.7990  0.731 0.1749 0.6566 9.97E-01  0.271 0.0000 0.0501  0.000  0.000  0.0000          
 1.631559E+09  2.076  4.055  3.704  8.101  4.169  0.0000  0.6241 3.28E-01 4.82E-02 0.1549 0.7990  0.685 0.1764 0.6648 9.98E-01  0.317 0.0000 0.0501  0.000  0.000  0.0000          
 1.643080E+09  2.091  4.058  3.701  8.115  4.127  0.0000  0.4890 4.19E-01 9.18E-02 0.1790 0.7990  0.593 0.1786 0.6648 9.98E-01  0.409 0.0000 0.0568  0.000  0.000  0.0000          
 1.651199E+09  2.103  4.059  3.695  8.119  4.116  0.0000  0.4720 4.30E-01 9.75E-02 0.1790 0.7990  0.554 0.1793 0.6648 9.98E-01  0.449 0.0000 0.0636  0.000  0.000  0.0000  Lpt     
 1.655767E+09  2.108  4.055  3.672  8.128  4.117  0.0000  0.3818 4.85E-01 1.33E-01 0.1796 0.8030  0.501 0.1798 0.6566 9.98E-01  0.503 0.0000 0.0636  0.000  0.000  0.0000          
 1.658666E+09  2.113  4.051  3.650  8.135  4.121  0.0000  0.3216 5.16E-01 1.62E-01 0.1803 0.8030  0.467 0.1804 0.6493 9.98E-01  0.537 0.0000 0.0706  0.000  0.000  0.0000          
 1.661008E+09  2.117  4.046  3.628  8.142  4.128  0.0000  0.2713 5.37E-01 1.91E-01 0.1806 0.8030  0.441 0.1807 0.6427 9.97E-01  0.564 0.0000 0.0706  0.000  0.001  0.0000          
 1.662987E+09  2.121  4.042  3.606  8.149  4.136  0.0000  0.2297 5.50E-01 2.20E-01 0.1813 0.8030  0.420 0.1813 0.6394 9.97E-01  0.585 0.0000 0.0706  0.000  0.001  0.0000          
 1.664721E+09  2.125  4.037  3.584  8.155  4.147  0.0000  0.1923 5.58E-01 2.50E-01 0.1815 0.8030  0.403 0.1815 0.6361 9.96E-01  0.601 0.0000 0.0706  0.000  0.001  0.0000          
 1.666257E+09  2.129  4.032  3.562  8.161  4.159  0.0000  0.1606 5.59E-01 2.80E-01 0.1819 0.8030  0.391 0.1820 0.6327 9.95E-01  0.613 0.0000 0.0778  0.000  0.001  0.0000          
 1.667660E+09  2.132  4.028  3.541  8.168  4.171  0.0000  0.1323 5.56E-01 3.11E-01 0.1823 0.8030  0.380 0.1823 0.6293 9.93E-01  0.624 0.0000 0.0778  0.000  0.001  0.0000          
 1.668990E+09  2.137  4.024  3.519  8.174  4.185  0.0000  0.1079 5.48E-01 3.44E-01 0.1830 0.8030  0.373 0.1831 0.6259 9.90E-01  0.629 0.0000 0.0778  0.000  0.001  0.0000          
 1.670125E+09  2.141  4.019  3.497  8.181  4.200  0.0000  0.0876 5.37E-01 3.75E-01 0.1835 0.8030  0.371 0.1835 0.6224 9.85E-01  0.632 0.0000 0.0778  0.000  0.001  0.0000          
 1.671420E+09  2.146  4.014  3.472  8.189  4.220  0.0000  0.0673 5.20E-01 4.13E-01 0.1844 0.8030  0.372 0.1844 0.6189 9.74E-01  0.628 0.0000 0.0852  0.000  0.001  0.0000          
 1.672599E+09  2.151  4.010  3.448  8.196  4.239  0.0000  0.0527 4.99E-01 4.48E-01 0.1860 0.8030  0.376 0.1860 0.6154 9.62E-01  0.626 0.0000 0.0852  0.000  0.001  0.0000          
 1.673739E+09  2.156  4.005  3.424  8.203  4.256  0.0000  0.0410 4.76E-01 4.83E-01 0.1886 0.8030  0.380 0.1886 0.6118 9.52E-01  0.622 0.0000 0.0852  0.000  0.001  0.0000          
 1.674912E+09  2.161  4.000  3.401  8.210  4.270  0.0000  0.0333 4.49E-01 5.18E-01 0.1923 0.8030  0.384 0.1923 0.6118 9.39E-01  0.618 0.0000 0.0925  0.000  0.002  0.0000          
 1.676071E+09  2.166  3.996  3.377  8.216  4.283  0.0000  0.0270 4.21E-01 5.51E-01 0.1960 0.8030  0.385 0.1961 0.6082 9.37E-01  0.618 0.0000 0.0925  0.000  0.002  0.0000          
 1.677168E+09  2.170  3.991  3.355  8.222  4.296  0.0000  0.0222 3.95E-01 5.83E-01 0.2001 0.8030  0.388 0.2001 0.6046 9.34E-01  0.613 0.0000 0.0925  0.000  0.002  0.0000          
 1.678148E+09  2.175  3.986  3.331  8.229  4.312  0.0000  0.0174 3.71E-01 6.11E-01 0.2037 0.8030  0.394 0.2039 0.6046 9.29E-01  0.607 0.0000 0.0925  0.000  0.002  0.0000          
 1.679183E+09  2.180  3.982  3.306  8.236  4.328  0.0000  0.0135 3.46E-01 6.40E-01 0.2075 0.8030  0.404 0.2079 0.6009 9.24E-01  0.591 0.0000 0.0998  0.000  0.002  0.0000          
 1.680339E+09  2.186  3.977  3.282  8.242  4.340  0.0000  0.0113 3.19E-01 6.70E-01 0.2129 0.8030  0.405 0.2129 0.5972 9.21E-01  0.597 0.0000 0.0998  0.000  0.003  0.0000          
 1.681045E+09  2.191  3.972  3.259  8.249  4.357  0.0000  0.0088 3.02E-01 6.89E-01 0.2157 0.8030  0.417 0.2157 0.5972 9.12E-01  0.583 0.0000 0.0998  0.000  0.003  0.0000          
 1.681754E+09  2.196  3.967  3.234  8.256  4.376  0.0000  0.0065 2.87E-01 7.07E-01 0.2190 0.8030  0.435 0.2192 0.5935 8.96E-01  0.564 0.0000 0.0998  0.000  0.003  0.0000          
 1.682446E+09  2.200  3.963  3.212  8.262  4.390  0.0000  0.0052 2.73E-01 7.22E-01 0.2228 0.8030  0.448 0.2230 0.5897 8.87E-01  0.552 0.0000 0.0998  0.000  0.004  0.0000          
 1.683479E+09  2.205  3.958  3.189  8.267  4.400  0.0000  0.0044 2.51E-01 7.44E-01 0.2281 0.8010  0.447 0.2281 0.5897 8.99E-01  0.550 0.0000 0.0998  0.000  0.004  0.0000          
 1.684069E+09  2.210  3.954  3.166  8.273  4.415  0.0000  0.0035 2.40E-01 7.56E-01 0.2311 0.8010  0.460 0.2314 0.5860 8.87E-01  0.544 0.0000 0.1075  0.000  0.004  0.0000          
 1.685084E+09  2.213  3.949  3.144  8.283  4.448  0.0000  0.0019 2.18E-01 7.81E-01 0.1097 0.8010  0.487 0.2361 0.5821 8.83E-01  0.412 0.0000 0.1009  0.000  0.005  0.0000          
 1.685163E+09  2.212  3.944  3.124  8.292  4.500  0.0000  0.0008 2.14E-01 7.85E-01 0.0796 0.8010  0.553 0.2367 0.5624 8.23E-01  0.276 0.0000 0.1183  0.000  0.007  0.0000          
 1.685206E+09  2.212  3.939  3.105  8.296  4.548  0.0000  0.0003 2.13E-01 7.87E-01 0.0505 0.8010  0.670 0.2372 0.5396 6.97E-01  0.143 0.0000 0.1487  0.000  0.008  0.0000          
 1.685236E+09  2.211  3.935  3.088  8.290  4.593  0.0000  0.0000 2.12E-01 7.88E-01 0.0000 0.8010  1.140 0.2380 0.5060 3.95E-01  0.036 0.0027 0.1688  0.000  0.010  0.0000          
 1.685265E+09  2.208  3.931  3.076  8.241  4.576  0.0000  0.0000 2.12E-01 7.88E-01 0.0000 0.8010  2.951 0.2412 0.4431 8.08E-02  0.003 0.0134 0.1183  0.000  0.005  0.0000  Yc=0    
 1.685289E+09  2.189  3.933  3.103  8.239  4.607  0.0000  0.0000 2.12E-01 7.88E-01 0.0000 0.8010  1.069 0.2433 0.4667 1.73E-01  0.003 0.0149 0.1214  0.000  0.005  0.0000          
 1.685306E+09  2.147  3.929  3.129  8.243  4.635  0.0000  0.0000 2.12E-01 7.88E-01 0.0000 0.8010  1.014 0.2448 0.4649 1.86E-01  0.005 0.0149 0.1315  0.000  0.006  0.0000          
 1.685314E+09  2.121  3.923  3.130  8.246  4.650  0.0000  0.0000 2.12E-01 7.88E-01 0.0000 0.8010  1.051 0.2448 0.4614 1.87E-01  0.006 0.0164 0.1348  0.000  0.007  0.0000          
 1.685319E+09  2.106  3.918  3.126  8.247  4.658  0.0000  0.0000 2.12E-01 7.88E-01 0.0000 0.8010  1.085 0.2469 0.4596 1.87E-01  0.006 0.0164 0.1455  0.000  0.007  0.0000          
 1.685328E+09  2.085  3.908  3.106  8.249  4.671  0.0000  0.0000 2.12E-01 7.88E-01 0.0000 0.8010  1.137 0.2480 0.4578 1.85E-01  0.008 0.0164 0.1487  0.000  0.008  0.0000          
 1.685337E+09  2.070  3.894  3.065  8.251  4.686  0.0000  0.0000 2.12E-01 7.88E-01 0.0000 0.8010  1.184 0.2488 0.4541 1.83E-01  0.009 0.0187 0.1525  0.000  0.009  0.0000          
 1.685342E+09  2.065  3.885  3.034  8.253  4.694  0.0000  0.0000 2.12E-01 7.88E-01 0.0000 0.8010  1.208 0.2496 0.4523 1.82E-01  0.010 0.0187 0.1525  0.000  0.009  0.0000  Lmin    
 1.685354E+09  2.066  3.864  2.951  8.255  4.711  0.0000  0.0000 2.12E-01 7.88E-01 0.0000 0.8010  1.223 0.2503 0.4487 1.78E-01  0.012 0.0210 0.1563  0.000  0.009  0.0000          
 1.685361E+09  2.070  3.851  2.896  8.257  4.720  0.0000  0.0000 2.12E-01 7.88E-01 0.0000 0.8010  1.230 0.2509 0.4468 1.75E-01  0.013 0.0210 0.1599  0.000  0.010  0.0000          
 1.685376E+09  2.089  3.822  2.760  8.259  4.740  0.0000  0.0000 2.12E-01 7.88E-01 0.0000 0.8010  1.211 0.2519 0.4431 1.69E-01  0.014 0.0224 0.1636  0.000  0.010  0.0000          
 1.685385E+09  2.101  3.805  2.678  8.261  4.752  0.0000  0.0000 2.12E-01 7.88E-01 0.0000 0.8010  1.210 0.2524 0.4413 1.64E-01  0.015 0.0224 0.1636  0.000  0.010  0.0000          
 1.685405E+09  2.128  3.778  2.544  8.263  4.775  0.0000  0.0000 2.12E-01 7.88E-01 0.0000 0.8010  1.208 0.2532 0.4356 1.49E-01  0.016 0.0251 0.1688  0.000  0.010  0.0000          
 1.685416E+09  2.141  3.769  2.495  8.265  4.787  0.0000  0.0000 2.12E-01 7.88E-01 0.0000 0.8010  1.246 0.2537 0.4328 1.37E-01  0.017 0.0251 0.1688  0.000  0.010  0.0000          
 1.685429E+09  2.152  3.762  2.457  8.265  4.800  0.0000  0.0000 2.12E-01 7.88E-01 0.0000 0.8010  1.299 0.2543 0.4290 1.22E-01  0.016 0.0284 0.1688  0.000  0.010  0.0000          
 1.685452E+09  2.167  3.753  2.407  8.265  4.820  0.0000  0.0000 2.12E-01 7.88E-01 0.0000 0.8010  1.381 0.2545 0.4223 9.91E-02  0.015 0.0317 0.1688  0.000  0.009  0.0000          
 1.685472E+09  2.174  3.748  2.379  8.266  4.836  0.0000  0.0000 2.12E-01 7.88E-01 0.0000 0.8010  1.375 0.2546 0.4185 8.99E-02  0.015 0.0317 0.1723  0.000  0.009  0.0000          
 1.685501E+09  2.178  3.742  2.349  8.268  4.861  0.0000  0.0000 2.12E-01 7.88E-01 0.0000 0.8010  1.265 0.2553 0.4121 8.84E-02  0.017 0.0354 0.1792  0.000  0.010  0.0000          
 1.685522E+09  2.188  3.737  2.322  8.271  4.881  0.0000  0.0000 2.12E-01 7.88E-01 0.0000 0.8010  1.178 0.2562 0.4083 9.03E-02  0.019 0.0390 0.1825  0.000  0.010  0.0000  Bagb    
 1.685556E+09  2.235  3.731  2.251  8.276  4.913  0.0000  0.0000 2.12E-01 7.88E-01 0.0000 0.7990  1.046 0.2576 0.4044 9.10E-02  0.022 0.0426 0.1862  0.000  0.010  0.0000          
 1.685569E+09  2.259  3.729  2.219  8.277  4.925  0.0000  0.0000 2.12E-01 7.88E-01 0.0000 0.7970  1.016 0.2582 0.4031 8.81E-02  0.023 0.0426 0.1924  0.000  0.010  0.0000          
 1.685589E+09  2.291  3.727  2.178  8.280  4.942  0.0000  0.0000 2.12E-01 7.88E-01 0.0000 0.7949  0.967 0.2594 0.4004 8.59E-02  0.024 0.0426 0.1982  0.000  0.009  0.0000          
 1.685607E+09  2.313  3.725  2.149  8.281  4.956  0.0000  0.0000 2.12E-01 7.88E-01 0.0000 0.7886  0.945 0.2608 0.3985 8.28E-02  0.025 0.0488 0.2012  0.000  0.009  0.0000          
 1.685623E+09  2.333  3.724  2.122  8.283  4.969  0.0000  0.0000 2.12E-01 7.88E-01 0.0000 0.7551  0.939 0.2620 0.3971 7.81E-02  0.025 0.0505 0.2012  0.000  0.009  0.0000          
 1.685649E+09  2.354  3.722  2.096  8.285  4.989  0.0000  0.0000 2.12E-01 7.88E-01 0.0000 0.7367  0.889 0.2643 0.3952 7.92E-02  0.027 0.0505 0.2042  0.000  0.009  0.0000          
 1.685674E+09  2.372  3.722  2.075  8.288  5.008  0.0000  0.0000 2.12E-01 7.88E-01 0.0000 0.7100  0.845 0.2663 0.3938 8.16E-02  0.029 0.0568 0.2098  0.000  0.009  0.0000          
 1.685707E+09  2.391  3.720  2.050  8.292  5.034  0.0000  0.0000 2.12E-01 7.88E-01 0.0000 0.6922  0.815 0.2692 0.3932 8.57E-02  0.033 0.0611 0.2125  0.000  0.010  0.0000          
 1.685753E+09  2.410  3.719  2.028  8.297  5.067  0.0000  0.0000 2.12E-01 7.88E-01 0.0000 0.6728  0.807 0.2732 0.3918 8.86E-02  0.041 0.0655 0.2396  0.000  0.010  0.0000          
 1.685825E+09  2.430  3.718  2.004  8.304  5.118  0.0000  0.0000 2.12E-01 7.88E-01 0.0000 0.6566  0.772 0.2797 0.3918 1.05E-01  0.054 0.0734 0.2485  0.000  0.012  0.0000          
 1.685923E+09  2.451  3.717  1.978  8.308  5.173  0.0000  0.0000 2.12E-01 7.88E-01 0.0000 0.6361  0.877 0.2873 0.3811 7.89E-02  0.052 0.0911 0.2519  0.000  0.012  0.0000          
 1.685951E+09  2.472  3.716  1.953  8.310  5.189  0.0000  0.0000 2.12E-01 7.88E-01 0.0000 0.6118  0.834 0.2889 0.3818 8.06E-02  0.054 0.0930 0.2550  0.000  0.012  0.0000          
 1.686017E+09  2.491  3.715  1.930  8.314  5.225  0.0000  0.0000 2.12E-01 7.88E-01 0.0000 0.5991  0.863 0.2926 0.3791 7.52E-02  0.058 0.1017 0.2594  0.000  0.013  0.0000          
 1.686081E+09  2.511  3.714  1.906  8.317  5.259  0.0000  0.0000 2.12E-01 7.88E-01 0.0000 0.5840  0.859 0.2958 0.3777 7.36E-02  0.062 0.1097 0.2635  0.000  0.013  0.0000          
 1.686150E+09  2.531  3.713  1.883  8.320  5.293  0.0000  0.0000 2.12E-01 7.88E-01 0.0000 0.5739  0.850 0.2993 0.3763 7.27E-02  0.067 0.1167 0.2686  0.000  0.014  0.0000          
 1.686222E+09  2.549  3.712  1.861  8.323  5.328  0.0000  0.0000 2.12E-01 7.88E-01 0.0000 0.5640  0.838 0.3028 0.3756 7.24E-02  0.077 0.1252 0.2738  0.000  0.015  0.0000          
 1.686340E+09  2.566  3.712  1.842  8.324  5.379  0.0000  0.0000 2.12E-01 7.88E-01 0.0000 0.5522  0.714 0.3080 0.3811 1.12E-01  0.240 0.1370 0.2712  0.000  0.016  0.0000  1tp
