#age/yr        logL   logTef lgrav  logTc  logrho Xc      Yc     Xc_C     Xc_O     Q_conv Q_disc  L_H/L Q1_H   Q2_H   f_pp      L_He/L Q1_He  Q2_He  L_C/L  L_nu/L Q_Tmax  stage
 0.000000E+00  3.688  4.619  5.129  7.849  2.134  0.7616  0.2384 6.55E-20 9.52E-31 0.3144 0.5459  1.005 0.0000 0.8538 1.00E+00  0.000 0.0000 0.0000  0.000  0.000  0.0000  ZAMS                
 6.885197E+05  3.704  4.622  5.122  7.856  2.149  0.7372  0.2628 2.37E-20 8.12E-21 0.3135 0.7176  1.001 0.0000 0.8538 1.00E+00  0.000 0.0000 0.0000  0.000  0.000  0.0000          
 1.640172E+06  3.718  4.625  5.119  7.864  2.168  0.7184  0.2816 1.01E-19 3.31E-20 0.3004 0.7572  1.002 0.0000 0.8569 1.00E+00  0.000 0.0000 0.0000  0.000  0.000  0.0000          
 2.600236E+06  3.733  4.628  5.117  7.873  2.188  0.6986  0.3014 4.28E-19 1.35E-19 0.2928 0.7797  1.001 0.0000 0.8569 1.00E+00  0.000 0.0000 0.0000  0.000  0.000  0.0000          
 3.466272E+06  3.746  4.631  5.115  7.881  2.208  0.6798  0.3202 1.68E-18 5.06E-19 0.2809 0.7935  1.001 0.0000 0.8569 1.00E+00  0.000 0.0000 0.0000  0.000  0.000  0.0000          
 4.374923E+06  3.761  4.634  5.113  7.890  2.230  0.6592  0.3408 7.19E-18 2.07E-18 0.2745 0.8064  1.001 0.0000 0.8569 1.00E+00  0.000 0.0000 0.0000  0.000  0.000  0.0000          
 5.185860E+06  3.775  4.636  5.110  7.899  2.252  0.6398  0.3602 2.83E-17 7.80E-18 0.2615 0.8186  1.002 0.0000 0.8599 1.00E+00  0.000 0.0000 0.0000  0.000  0.000  0.0000          
 6.031740E+06  3.790  4.640  5.107  7.909  2.275  0.6187  0.3813 1.21E-16 3.18E-17 0.2553 0.8262  1.001 0.0000 0.8599 1.00E+00  0.000 0.0000 0.0000  0.000  0.000  0.0000          
 6.786698E+06  3.805  4.642  5.104  7.918  2.299  0.5989  0.4011 4.77E-16 1.20E-16 0.2411 0.8336  1.002 0.0000 0.8599 1.00E+00  0.000 0.0000 0.0000  0.000  0.000  0.0000          
 7.570185E+06  3.819  4.645  5.101  7.928  2.324  0.5774  0.4226 2.04E-15 4.89E-16 0.2366 0.8371  1.001 0.0000 0.8629 1.00E+00  0.000 0.0000 0.0000  0.000  0.000  0.0000          
 8.271970E+06  3.835  4.648  5.097  7.937  2.350  0.5570  0.4430 8.04E-15 1.84E-15 0.2205 0.8440  1.002 0.0000 0.8629 1.00E+00  0.000 0.0000 0.0000  0.000  0.000  0.0000          
 9.000499E+06  3.850  4.651  5.094  7.948  2.377  0.5349  0.4651 3.44E-14 7.49E-15 0.2175 0.8473  1.001 0.0000 0.8629 9.98E-01  0.000 0.0000 0.0000  0.000  0.000  0.0000          
 9.662341E+06  3.865  4.654  5.089  7.958  2.405  0.5139  0.4861 1.35E-13 2.80E-14 0.2015 0.8506  1.002 0.0000 0.8629 9.92E-01  0.000 0.0000 0.0000  0.000  0.000  0.0000          
 1.052196E+07  3.882  4.656  5.079  7.969  2.431  0.4848  0.5152 7.36E-13 1.45E-13 0.1962 0.8569  1.005 0.0000 0.8599 9.50E-01  0.000 0.0000 0.0000  0.000  0.000  0.0000  Tmax    
 1.162696E+07  3.898  4.653  5.052  7.974  2.430  0.4473  0.5527 2.89E-12 5.58E-13 0.2131 0.8629  1.008 0.0000 0.8406 8.05E-01  0.000 0.0000 0.0000  0.000  0.000  0.0000          
 1.244716E+07  3.909  4.649  5.026  7.975  2.421  0.4204  0.5796 5.05E-12 9.74E-13 0.2215 0.8629  1.008 0.0000 0.8262 6.87E-01  0.000 0.0000 0.0000  0.000  0.000  0.0000          
 1.325790E+07  3.921  4.645  4.997  7.976  2.411  0.3934  0.6066 7.55E-12 1.45E-12 0.2335 0.8658  1.008 0.0000 0.8064 5.80E-01  0.000 0.0000 0.0000  0.000  0.000  0.0000          
 1.395365E+07  3.932  4.641  4.970  7.977  2.405  0.3685  0.6315 1.01E-11 1.94E-12 0.2310 0.8687  1.008 0.0000 0.7890 4.94E-01  0.000 0.0000 0.0000  0.000  0.000  0.0000          
 1.459215E+07  3.942  4.636  4.943  7.978  2.399  0.3438  0.6562 1.29E-11 2.47E-12 0.2287 0.8687  1.008 0.0000 0.7749 4.21E-01  0.000 0.0000 0.0000  0.000  0.000  0.0000          
 1.517581E+07  3.951  4.632  4.918  7.978  2.394  0.3203  0.6797 1.59E-11 3.03E-12 0.2263 0.8687  1.008 0.0000 0.7572 3.60E-01  0.000 0.0000 0.0000  0.000  0.000  0.0000          
 1.569932E+07  3.960  4.628  4.893  7.979  2.390  0.2985  0.7015 1.90E-11 3.61E-12 0.2231 0.8715  1.008 0.0000 0.7447 3.10E-01  0.000 0.0000 0.0000  0.000  0.000  0.0000          
 1.623267E+07  3.970  4.624  4.865  7.980  2.387  0.2753  0.7247 2.27E-11 4.30E-12 0.2207 0.8715  1.008 0.0000 0.7247 2.63E-01  0.000 0.0000 0.0000  0.000  0.000  0.0000          
 1.670937E+07  3.978  4.620  4.840  7.981  2.382  0.2539  0.7461 2.66E-11 5.02E-12 0.2199 0.8715  1.008 0.0000 0.7104 2.25E-01  0.000 0.0000 0.0000  0.000  0.000  0.0000          
 1.713150E+07  3.987  4.616  4.815  7.982  2.381  0.2342  0.7658 3.06E-11 5.75E-12 0.2157 0.8715  1.008 0.0000 0.6955 1.94E-01  0.000 0.0000 0.0000  0.000  0.000  0.0000          
 1.754972E+07  3.995  4.611  4.789  7.983  2.380  0.2139  0.7861 3.54E-11 6.62E-12 0.2123 0.8715  1.008 0.0000 0.6716 1.66E-01  0.000 0.0000 0.0000  0.000  0.000  0.0000          
 1.791753E+07  4.003  4.607  4.764  7.984  2.379  0.1953  0.8047 4.04E-11 7.52E-12 0.2100 0.8715  1.008 0.0000 0.6569 1.43E-01  0.000 0.0000 0.0000  0.000  0.000  0.0000          
 1.827600E+07  4.011  4.603  4.739  7.985  2.379  0.1766  0.8234 4.62E-11 8.55E-12 0.2076 0.8715  1.009 0.0000 0.6371 1.22E-01  0.000 0.0000 0.0000  0.000  0.000  0.0000          
 1.861789E+07  4.019  4.598  4.714  7.987  2.380  0.1580  0.8420 5.30E-11 9.74E-12 0.2034 0.8715  1.009 0.0000 0.6233 1.04E-01  0.000 0.0000 0.0000  0.000  0.000  0.0000          
 1.893558E+07  4.026  4.594  4.688  7.988  2.383  0.1400  0.8600 6.09E-11 1.11E-11 0.1983 0.8715  1.009 0.0000 0.6016 8.90E-02  0.000 0.0000 0.0000  0.000  0.000  0.0000          
 1.922578E+07  4.033  4.589  4.663  7.990  2.386  0.1228  0.8772 7.01E-11 1.27E-11 0.1938 0.8715  1.009 0.0000 0.5864 7.62E-02  0.000 0.0000 0.0000  0.000  0.000  0.0000          
 1.948705E+07  4.039  4.585  4.640  7.992  2.389  0.1066  0.8934 8.07E-11 1.45E-11 0.1900 0.8715  1.009 0.0000 0.5707 6.58E-02  0.000 0.0000 0.0000  0.000  0.000  0.0000          
 1.974650E+07  4.046  4.581  4.616  7.994  2.394  0.0901  0.9099 9.44E-11 1.68E-11 0.1877 0.8715  1.009 0.0000 0.5543 5.67E-02  0.000 0.0000 0.0000  0.000  0.000  0.0000          
 2.003468E+07  4.053  4.576  4.588  7.997  2.402  0.0710  0.9290 1.16E-10 2.03E-11 0.1835 0.8715  1.009 0.0000 0.5266 4.78E-02  0.000 0.0000 0.0000  0.000  0.000  0.0000          
 2.029399E+07  4.061  4.571  4.562  8.001  2.412  0.0530  0.9470 1.46E-10 2.52E-11 0.1777 0.8715  1.009 0.0000 0.5133 4.09E-02  0.000 0.0000 0.0000  0.000  0.000  0.0000          
 2.055019E+07  4.069  4.567  4.537  8.007  2.430  0.0342  0.9658 2.01E-10 3.38E-11 0.1722 0.8715  1.007 0.0000 0.4927 3.57E-02  0.000 0.0000 0.0000  0.000  0.000  0.0000          
 2.080171E+07  4.078  4.564  4.519  8.018  2.464  0.0150  0.9850 3.46E-10 5.55E-11 0.1681 0.8715  1.002 0.0000 0.4856 3.35E-02  0.000 0.0000 0.0000  0.000  0.000  0.0000  Tmin    
 2.094472E+07  4.088  4.568  4.524  8.038  2.529  0.0037  0.9963 7.92E-10 1.17E-10 0.1599 0.8715  0.970 0.0000 0.4997 3.88E-02  0.000 0.0000 0.0000  0.000  0.000  0.0000          
 2.097501E+07  4.096  4.573  4.534  8.052  2.578  0.0013  0.9987 1.41E-09 1.96E-10 0.1539 0.8715  0.908 0.0000 0.5200 4.66E-02  0.000 0.0000 0.0000  0.000  0.000  0.0000          
 2.098723E+07  4.104  4.577  4.542  8.067  2.634  0.0004  0.9996 2.59E-09 3.39E-10 0.1436 0.8715  0.768 0.0000 0.5543 6.21E-02  0.000 0.0000 0.0036  0.000  0.000  0.0000          
 2.099274E+07  4.113  4.581  4.549  8.084  2.710  0.0001  0.9999 5.86E-09 7.11E-10 0.1159 0.8715  0.444 0.0000 0.6303 1.21E-01  0.000 0.0000 0.0154  0.000  0.000  0.0000          
 2.099612E+07  4.124  4.585  4.555  8.105  2.825  0.0000  1.0000 4.86E-06 1.99E-09 0.0000 0.8715  0.179 0.0383 0.8064 3.50E-01  0.000 0.0000 0.0344  0.000  0.000  0.0000          
 2.099953E+07  4.135  4.589  4.560  8.126  2.946  0.0000  0.9999 6.66E-05 5.37E-09 0.0000 0.8715  0.275 0.0726 0.7797 2.65E-01  0.001 0.0000 0.0506  0.000  0.000  0.0000          
 2.100358E+07  4.146  4.593  4.565  8.147  3.064  0.0000  0.9994 5.56E-04 1.17E-07 0.0006 0.8715  0.436 0.0950 0.7247 1.91E-01  0.009 0.0000 0.0555  0.000  0.000  0.0000          
 2.101202E+07  4.157  4.597  4.569  8.178  3.199  0.0000  0.9973 2.66E-03 1.79E-06 0.0289 0.8715  0.757 0.1195 0.6438 1.25E-01  0.109 0.0000 0.0506  0.000  0.000  0.0000          
 2.101329E+07  4.157  4.597  4.570  8.180  3.208  0.0000  0.9968 3.15E-03 2.39E-06 0.0334 0.8715  0.779 0.1195 0.6438 1.22E-01  0.130 0.0000 0.0465  0.000  0.000  0.0000  T2max   
 2.104292E+07  4.158  4.594  4.558  8.192  3.221  0.0000  0.9780 2.19E-02 7.86E-05 0.0587 0.8715  0.716 0.1436 0.6303 1.32E-01  0.281 0.0000 0.0531  0.000  0.000  0.0000  Blp     
 2.108938E+07  4.165  4.599  4.568  8.196  3.195  0.0000  0.9567 4.30E-02 3.26E-04 0.0871 0.8715  0.672 0.1554 0.6504 1.51E-01  0.310 0.0000 0.0546  0.000  0.000  0.0000          
 2.114549E+07  4.162  4.603  4.590  8.200  3.183  0.0000  0.9248 7.42E-02 9.34E-04 0.0926 0.8715  0.637 0.1605 0.6632 1.72E-01  0.354 0.0000 0.0615  0.000  0.000  0.0000          
 2.123876E+07  4.160  4.608  4.610  8.206  3.170  0.0000  0.8707 1.26E-01 2.82E-03 0.1024 0.8715  0.575 0.1668 0.6716 2.06E-01  0.422 0.0000 0.0615  0.000  0.000  0.0000          
 2.143263E+07  4.160  4.612  4.625  8.217  3.162  0.0000  0.7518 2.37E-01 1.11E-02 0.1174 0.8715  0.468 0.1772 0.7031 2.68E-01  0.538 0.0000 0.0688  0.000  0.000  0.0000  Lpt     
 2.184956E+07  4.168  4.607  4.600  8.242  3.194  0.0000  0.4693 4.68E-01 6.28E-02 0.1377 0.8715  0.303 0.1913 0.7104 3.81E-01  0.709 0.0000 0.0762  0.000  0.000  0.0000          
 2.201461E+07  4.174  4.603  4.577  8.255  3.223  0.0000  0.3547 5.40E-01 1.06E-01 0.1431 0.8715  0.268 0.1950 0.7104 4.02E-01  0.745 0.0000 0.0800  0.000  0.000  0.0000          
 2.216068E+07  4.181  4.599  4.554  8.269  3.263  0.0000  0.2506 5.86E-01 1.64E-01 0.1436 0.8715  0.249 0.1981 0.6955 4.06E-01  0.761 0.0000 0.0838  0.000  0.000  0.0000          
 2.230381E+07  4.188  4.595  4.530  8.287  3.319  0.0000  0.1566 5.96E-01 2.47E-01 0.1436 0.8715  0.246 0.2011 0.6798 3.90E-01  0.761 0.0000 0.0875  0.000  0.000  0.0000          
 2.243826E+07  4.197  4.591  4.505  8.309  3.389  0.0000  0.0836 5.59E-01 3.57E-01 0.1436 0.8715  0.267 0.2043 0.6504 3.49E-01  0.737 0.0000 0.0912  0.000  0.000  0.0000          
 2.253529E+07  4.204  4.587  4.481  8.330  3.460  0.0000  0.0423 5.02E-01 4.55E-01 0.1391 0.8715  0.307 0.2068 0.6162 2.96E-01  0.696 0.0000 0.0912  0.000  0.001  0.0000          
 2.259446E+07  4.210  4.582  4.458  8.347  3.525  0.0000  0.0214 4.57E-01 5.22E-01 0.1327 0.8715  0.358 0.2092 0.5786 2.46E-01  0.646 0.0000 0.0912  0.000  0.001  0.0000          
 2.262900E+07  4.213  4.578  4.437  8.363  3.586  0.0000  0.0107 4.28E-01 5.61E-01 0.1266 0.8715  0.417 0.2108 0.5396 2.02E-01  0.589 0.0000 0.0912  0.000  0.001  0.0000          
 2.265039E+07  4.216  4.573  4.416  8.379  3.649  0.0000  0.0049 4.11E-01 5.84E-01 0.1186 0.8715  0.486 0.2119 0.4997 1.66E-01  0.516 0.0000 0.1497  0.000  0.001  0.0000          
 2.265656E+07  4.216  4.571  4.408  8.386  3.680  0.0000  0.0033 4.06E-01 5.90E-01 0.1150 0.8715  0.529 0.2123 0.4784 1.49E-01  0.472 0.0000 0.1554  0.000  0.001  0.0000  Yc=0    
 2.266715E+07  4.215  4.566  4.389  8.408  3.770  0.0000  0.0008 3.99E-01 6.00E-01 0.0989 0.8715  0.685 0.2131 0.4332 1.08E-01  0.302 0.0000 0.1642  0.000  0.002  0.0000          
 2.267259E+07  4.211  4.562  4.375  8.430  3.868  0.0000  0.0001 3.97E-01 6.03E-01 0.0582 0.8715  0.889 0.2136 0.3900 7.76E-02  0.081 0.0000 0.1792  0.000  0.002  0.0000          
 2.267615E+07  4.204  4.557  4.362  8.447  3.971  0.0000  0.0000 3.97E-01 6.03E-01 0.0000 0.8715  1.062 0.2142 0.3554 5.78E-02  0.034 0.0551 0.1854  0.000  0.003  0.0000          
 2.267903E+07  4.197  4.552  4.349  8.461  4.051  0.0000  0.0000 3.97E-01 6.03E-01 0.0000 0.8715  1.035 0.2147 0.3494 1.18E-01  0.068 0.0582 0.1823  0.000  0.004  0.0000          
 2.268118E+07  4.190  4.547  4.337  8.473  4.109  0.0000  0.0000 3.97E-01 6.03E-01 0.0000 0.8715  0.992 0.2152 0.3494 1.07E-01  0.133 0.0620 0.1808  0.000  0.005  0.0000          
 2.268329E+07  4.185  4.542  4.323  8.483  4.162  0.0000  0.0000 3.97E-01 6.03E-01 0.0000 0.8715  0.898 0.2155 0.3434 7.05E-02  0.261 0.0670 0.1808  0.000  0.006  0.0000          
 2.268546E+07  4.181  4.537  4.306  8.490  4.209  0.0000  0.0000 3.97E-01 6.03E-01 0.0000 0.8715  0.782 0.2158 0.3399 5.89E-02  0.490 0.0691 0.1792  0.000  0.007  0.0000          
 2.268724E+07  4.179  4.532  4.289  8.494  4.240  0.0000  0.0000 3.97E-01 6.03E-01 0.0000 0.8715  0.661 0.2158 0.3494 6.49E-02  0.702 0.0717 0.1777  0.000  0.007  0.0000          
 2.268842E+07  4.178  4.529  4.277  8.495  4.259  0.0000  0.0000 3.97E-01 6.03E-01 0.0000 0.8715  0.583 0.2163 0.3554 7.02E-02  0.807 0.0754 0.1777  0.000  0.007  0.0000  Lmin    
 2.269100E+07  4.181  4.523  4.249  8.498  4.298  0.0000  0.0000 3.97E-01 6.03E-01 0.0000 0.8715  0.446 0.2166 0.3613 8.30E-02  0.921 0.0769 0.1777  0.000  0.007  0.0000          
 2.269365E+07  4.186  4.516  4.218  8.502  4.338  0.0000  0.0000 3.97E-01 6.03E-01 0.0000 0.8715  0.350 0.2168 0.3729 9.53E-02  0.963 0.0783 0.1777  0.000  0.008  0.0000          
 2.269627E+07  4.192  4.510  4.189  8.507  4.378  0.0000  0.0000 3.97E-01 6.03E-01 0.0000 0.8715  0.282 0.2168 0.3843 1.06E-01  0.995 0.0801 0.1777  0.000  0.008  0.0000          
 2.269890E+07  4.197  4.505  4.161  8.513  4.418  0.0000  0.0000 3.97E-01 6.03E-01 0.0000 0.8715  0.229 0.2168 0.3900 1.17E-01  1.024 0.0834 0.1777  0.000  0.009  0.0000          
 2.270155E+07  4.202  4.499  4.134  8.519  4.458  0.0000  0.0000 3.97E-01 6.03E-01 0.0000 0.8715  0.186 0.2168 0.3956 1.28E-01  1.053 0.0848 0.1777  0.000  0.010  0.0000          
 2.270423E+07  4.205  4.494  4.108  8.525  4.498  0.0000  0.0000 3.97E-01 6.03E-01 0.0000 0.8715  0.151 0.2168 0.4011 1.40E-01  1.081 0.0864 0.1777  0.000  0.011  0.0000          
 2.270695E+07  4.207  4.488  4.084  8.532  4.537  0.0000  0.0000 3.97E-01 6.03E-01 0.0000 0.8715  0.123 0.2174 0.4066 1.53E-01  1.109 0.0879 0.1777  0.000  0.012  0.0000          
 2.270969E+07  4.207  4.482  4.060  8.539  4.577  0.0000  0.0000 3.97E-01 6.03E-01 0.0000 0.8715  0.099 0.2174 0.4120 1.68E-01  1.137 0.0912 0.1762  0.000  0.013  0.0000  L3max   
 2.271246E+07  4.206  4.476  4.035  8.547  4.617  0.0000  0.0000 3.97E-01 6.03E-01 0.0000 0.8715  0.079 0.2174 0.4174 1.84E-01  1.167 0.0928 0.1762  0.000  0.015  0.0000          
 2.271524E+07  4.205  4.469  4.010  8.554  4.657  0.0000  0.0000 3.97E-01 6.03E-01 0.0000 0.8715  0.062 0.2174 0.4227 2.01E-01  1.195 0.0951 0.1762  0.000  0.017  0.0000          
 2.271805E+07  4.203  4.461  3.982  8.562  4.697  0.0000  0.0000 3.97E-01 6.03E-01 0.0000 0.8715  0.048 0.2174 0.4280 2.22E-01  1.223 0.0970 0.1762  0.000  0.019  0.0000          
 2.272085E+07  4.201  4.453  3.951  8.570  4.737  0.0000  0.0000 3.97E-01 6.03E-01 0.0000 0.8715  0.037 0.2174 0.4332 2.45E-01  1.250 0.0995 0.1762  0.000  0.022  0.0000          
 2.272367E+07  4.198  4.445  3.919  8.579  4.777  0.0000  0.0000 3.97E-01 6.03E-01 0.0000 0.8715  0.028 0.2174 0.4372 2.72E-01  1.274 0.1004 0.1762  0.000  0.025  0.0000          
 2.272507E+07  4.197  4.440  3.901  8.583  4.797  0.0000  0.0000 3.97E-01 6.03E-01 0.0000 0.8715  0.024 0.2174 0.4372 2.86E-01  1.287 0.1021 0.1762  0.000  0.027  0.0000          
 2.272647E+07  4.196  4.435  3.883  8.587  4.817  0.0000  0.0000 3.97E-01 6.03E-01 0.0000 0.8715  0.021 0.2174 0.4410 3.02E-01  1.300 0.1037 0.1762  0.000  0.029  0.0000          
 2.272787E+07  4.195  4.430  3.864  8.591  4.837  0.0000  0.0000 3.97E-01 6.03E-01 0.0000 0.8715  0.018 0.2174 0.4410 3.19E-01  1.311 0.1052 0.1762  0.000  0.032  0.0000          
 2.272926E+07  4.194  4.425  3.844  8.595  4.857  0.0000  0.0000 3.97E-01 6.03E-01 0.0000 0.8715  0.015 0.2174 0.4410 3.38E-01  1.323 0.1060 0.1747  0.000  0.034  0.0000          
 2.273064E+07  4.193  4.419  3.824  8.599  4.877  0.0000  0.0000 3.97E-01 6.03E-01 0.0000 0.8715  0.013 0.2174 0.4410 3.58E-01  1.334 0.1075 0.1747  0.000  0.037  0.0000          
 2.273201E+07  4.191  4.414  3.802  8.603  4.897  0.0000  0.0000 3.97E-01 6.03E-01 0.0000 0.8715  0.011 0.2174 0.4410 3.79E-01  1.345 0.1082 0.1747  0.000  0.040  0.0000          
 2.273338E+07  4.190  4.408  3.780  8.608  4.918  0.0000  0.0000 3.97E-01 6.03E-01 0.0000 0.8715  0.009 0.2177 0.4410 4.01E-01  1.356 0.1090 0.1747  0.000  0.043  0.0000          
 2.273473E+07  4.189  4.402  3.756  8.612  4.938  0.0000  0.0000 3.97E-01 6.03E-01 0.0000 0.8715  0.007 0.2177 0.4410 4.25E-01  1.367 0.1100 0.1740  0.000  0.046  0.0000          
 2.273608E+07  4.188  4.395  3.732  8.616  4.958  0.0000  0.0000 3.97E-01 6.03E-01 0.0000 0.8715  0.006 0.2177 0.4372 4.50E-01  1.378 0.1118 0.1740  0.000  0.050  0.0000          
 2.273740E+07  4.187  4.389  3.707  8.620  4.978  0.0000  0.0000 3.97E-01 6.03E-01 0.0000 0.8715  0.005 0.2177 0.4372 4.77E-01  1.387 0.1125 0.1740  0.000  0.054  0.0000          
 2.273872E+07  4.186  4.382  3.681  8.624  4.998  0.0000  0.0000 3.97E-01 6.03E-01 0.0000 0.8715  0.004 0.2177 0.4372 5.05E-01  1.398 0.1140 0.1740  0.000  0.058  0.0000          
 2.274001E+07  4.185  4.375  3.654  8.628  5.019  0.0000  0.0000 3.97E-01 6.03E-01 0.0000 0.8715  0.003 0.2177 0.4372 5.34E-01  1.407 0.1150 0.1740  0.000  0.063  0.0000          
 2.274129E+07  4.183  4.368  3.626  8.632  5.039  0.0000  0.0000 3.97E-01 6.03E-01 0.0000 0.8715  0.003 0.2177 0.4280 5.64E-01  1.419 0.1160 0.1732  0.000  0.068  0.0000          
 2.274255E+07  4.182  4.360  3.598  8.636  5.059  0.0000  0.0000 3.97E-01 6.03E-01 0.0000 0.8715  0.002 0.2177 0.4120 5.95E-01  1.428 0.1169 0.1732  0.000  0.073  0.0000          
 2.274379E+07  4.181  4.353  3.568  8.640  5.080  0.0000  0.0000 3.97E-01 6.03E-01 0.0000 0.8715  0.002 0.2177 0.4011 6.26E-01  1.438 0.1183 0.1732  0.000  0.079  0.0000          
 2.274500E+07  4.180  4.345  3.537  8.644  5.100  0.0000  0.0000 3.97E-01 6.03E-01 0.0000 0.8715  0.001 0.2177 0.3900 6.57E-01  1.448 0.1193 0.1732  0.000  0.085  0.0000          
 2.274619E+07  4.178  4.336  3.505  8.648  5.121  0.0000  0.0000 3.97E-01 6.03E-01 0.0000 0.8715  0.001 0.2177 0.3729 6.89E-01  1.457 0.1200 0.1724  0.000  0.092  0.0000          
 2.274736E+07  4.177  4.328  3.472  8.652  5.141  0.0000  0.0000 3.97E-01 6.03E-01 0.0000 0.8715  0.001 0.2177 0.3613 7.19E-01  1.468 0.1208 0.1724  0.000  0.100  0.0000          
 2.274850E+07  4.176  4.319  3.439  8.656  5.162  0.0000  0.0000 3.97E-01 6.03E-01 0.0000 0.8715  0.001 0.2177 0.3494 7.49E-01  1.477 0.1219 0.1724  0.000  0.107  0.0000          
 2.274961E+07  4.175  4.310  3.404  8.660  5.182  0.0000  0.0000 3.97E-01 6.03E-01 0.0000 0.8715  0.001 0.2177 0.3399 7.78E-01  1.488 0.1231 0.1724  0.000  0.116  0.0000          
 2.275070E+07  4.173  4.301  3.368  8.663  5.203  0.0000  0.0000 3.97E-01 6.03E-01 0.0000 0.8715  0.001 0.2177 0.3227 8.05E-01  1.499 0.1238 0.1716  0.000  0.126  0.0000          
 2.275176E+07  4.171  4.291  3.331  8.667  5.223  0.0000  0.0000 3.97E-01 6.03E-01 0.0000 0.8715  0.000 0.2177 0.3130 8.30E-01  1.508 0.1246 0.1716  0.000  0.136  0.0000          
 2.275279E+07  4.170  4.281  3.293  8.671  5.244  0.0000  0.0000 3.97E-01 6.03E-01 0.0000 0.8715  0.000 0.2177 0.3032 8.54E-01  1.520 0.1255 0.1716  0.000  0.147  0.0000          
 2.275364E+07  4.169  4.272  3.260  8.674  5.261  0.0000  0.0000 3.97E-01 6.03E-01 0.0000 0.8715  0.000 0.2177 0.2966 8.74E-01  1.529 0.1261 0.1716  0.000  0.157  0.0000          
 2.275462E+07  4.167  4.262  3.219  8.677  5.282  0.0000  0.0000 3.97E-01 6.03E-01 0.0000 0.8715  0.000 0.2177 0.2899 8.92E-01  1.542 0.1269 0.1708  0.000  0.170  0.0000          
 2.275557E+07  4.165  4.251  3.178  8.681  5.302  0.0000  0.0000 3.97E-01 6.03E-01 0.0000 0.8715  0.000 0.2177 0.2791 9.09E-01  1.552 0.1275 0.1708  0.000  0.184  0.0000          
 2.275649E+07  4.163  4.240  3.135  8.684  5.323  0.0000  0.0000 3.97E-01 6.03E-01 0.0000 0.8715  0.000 0.2177 0.2742 9.24E-01  1.566 0.1283 0.1708  0.000  0.199  0.0000          
 2.275738E+07  4.161  4.228  3.090  8.688  5.344  0.0000  0.0000 3.97E-01 6.03E-01 0.0000 0.8715  0.000 0.2177 0.2692 9.37E-01  1.580 0.1292 0.1708  0.000  0.215  0.0000          
 2.275825E+07  4.159  4.216  3.043  8.691  5.364  0.0000  0.0000 3.97E-01 6.03E-01 0.0000 0.8715  0.000 0.2177 0.2643 9.48E-01  1.593 0.1301 0.1708  0.000  0.232  0.0000          
 2.275909E+07  4.157  4.203  2.994  8.694  5.385  0.0000  0.0000 3.97E-01 6.03E-01 0.0000 0.8715  0.000 0.2177 0.2595 9.58E-01  1.605 0.1307 0.1700  0.000  0.251  0.0000          
 2.275990E+07  4.155  4.190  2.944  8.698  5.406  0.0000  0.0000 3.97E-01 6.03E-01 0.0000 0.8715  0.000 0.2177 0.2548 9.66E-01  1.619 0.1314 0.1700  0.000  0.271  0.0000          
 2.276068E+07  4.152  4.176  2.892  8.701  5.426  0.0000  0.0000 3.97E-01 6.03E-01 0.0000 0.8715  0.000 0.2177 0.2494 9.72E-01  1.634 0.1321 0.1700  0.000  0.293  0.0000          
 2.276144E+07  4.150  4.162  2.837  8.704  5.447  0.0000  0.0000 3.97E-01 6.03E-01 0.0000 0.8715  0.000 0.2177 0.2455 9.78E-01  1.649 0.1327 0.1700  0.001  0.317  0.0000          
 2.276218E+07  4.147  4.147  2.780  8.707  5.468  0.0000  0.0000 3.97E-01 6.03E-01 0.0000 0.8715  0.000 0.2177 0.2424 9.82E-01  1.665 0.1335 0.1692  0.001  0.342  0.0000          
 2.276289E+07  4.145  4.131  2.720  8.710  5.488  0.0000  0.0000 3.97E-01 6.03E-01 0.0000 0.8715  0.000 0.2177 0.2401 9.86E-01  1.681 0.1339 0.1692  0.001  0.370  0.0000          
 2.276357E+07  4.141  4.115  2.656  8.714  5.509  0.0000  0.0000 3.97E-01 6.03E-01 0.0000 0.8715  0.000 0.2177 0.2360 9.89E-01  1.699 0.1347 0.1692  0.001  0.400  0.0000          
 2.276424E+07  4.138  4.097  2.589  8.717  5.530  0.0000  0.0000 3.97E-01 6.03E-01 0.0000 0.8715  0.000 0.2177 0.0000 9.92E-01  1.718 0.1353 0.1688  0.002  0.433  0.0000          
 2.276488E+07  4.135  4.079  2.518  8.720  5.550  0.0000  0.0000 3.97E-01 6.03E-01 0.0000 0.8715  0.000 0.2177 0.0000 9.94E-01  1.739 0.1357 0.1688  0.003  0.468  0.0000          
 2.276550E+07  4.131  4.059  2.443  8.723  5.571  0.0000  0.0000 3.97E-01 6.03E-01 0.0000 0.8715  0.000 0.2177 0.0000 9.95E-01  1.759 0.1363 0.1684  0.004  0.507  0.0000          
 2.276609E+07  4.126  4.037  2.362  8.726  5.592  0.0000  0.0000 3.97E-01 6.03E-01 0.0000 0.8715  0.000 0.2177 0.0000 9.96E-01  1.784 0.1368 0.1684  0.005  0.550  0.0000          
 2.276667E+07  4.121  4.014  2.274  8.729  5.612  0.0000  0.0000 3.97E-01 6.03E-01 0.0000 0.8715  0.000 0.2177 0.0000 9.97E-01  1.812 0.1374 0.1684  0.007  0.597  0.0000          
 2.276723E+07  4.115  3.989  2.178  8.732  5.633  0.0000  0.0000 3.97E-01 6.03E-01 0.0000 0.8715  0.000 0.2177 0.0000 9.98E-01  1.843 0.1378 0.1680  0.010  0.649  0.0000          
 2.276778E+07  4.108  3.961  2.073  8.736  5.654  0.0000  0.0000 3.97E-01 6.03E-01 0.0000 0.8715  0.000 0.2177 0.0000 9.98E-01  1.882 0.1385 0.1680  0.015  0.708  0.0000          
 2.276831E+07  4.099  3.930  1.958  8.739  5.674  0.0000  0.0000 3.97E-01 6.03E-01 0.0000 0.8715  0.000 0.2177 0.0000 9.99E-01  1.924 0.1389 0.1676  0.021  0.774  0.0000          
 2.276882E+07  4.088  3.896  1.833  8.743  5.695  0.0000  0.0000 3.97E-01 6.03E-01 0.0000 0.8715  0.000 0.2177 0.0000 9.99E-01  1.978 0.1394 0.1676  0.030  0.853  0.0000          
 2.276932E+07  4.073  3.856  1.689  8.747  5.715  0.0000  0.0000 3.97E-01 6.03E-01 0.0000 0.8715  0.000 0.2177 0.0000 9.99E-01  2.054 0.1398 0.1676  0.044  0.948  0.0000          
 2.276981E+07  4.051  3.807  1.518  8.751  5.735  0.0000  0.0000 3.97E-01 6.03E-01 0.0000 0.8715  0.000 0.2177 0.0000 1.00E+00  2.167 0.1403 0.1672  0.065  1.074  0.0000          
 2.277028E+07  4.014  3.752  1.334  8.757  5.754  0.0000  0.0000 3.97E-01 6.03E-01 0.0000 0.8715  0.000 0.2177 0.0000 1.00E+00  2.363 0.1407 0.1672  0.101  1.255  0.0000          
 2.277069E+07  3.952  3.720  1.269  8.763  5.769  0.0000  0.0000 3.97E-01 6.03E-01 0.0000 0.8715  0.000 0.2177 0.0000 1.00E+00  2.721 0.1412 0.1672  0.163  1.543  0.0000          
 2.277105E+07  3.908  3.710  1.272  8.772  5.781  0.0000  0.0000 3.97E-01 6.03E-01 0.0002 0.8715  0.000 0.2177 0.0000 1.00E+00  3.006 0.1415 0.1668  0.254  1.810  0.0000  Bagb    
 2.277138E+07  4.013  3.702  1.133  8.782  5.788  0.0000  0.0000 3.97E-01 6.03E-01 0.0015 0.8715  0.000 0.2177 0.0000 1.00E+00  2.355 0.1419 0.1668  0.297  1.500  0.0000          
 2.277167E+07  4.219  3.693  0.891  8.793  5.792  0.0000  0.0000 3.97E-01 6.03E-01 0.0036 0.8715  0.000 0.2177 0.0000 1.00E+00  1.464 0.1420 0.1668  0.308  0.983  0.0000          
 2.277179E+07  4.295  3.689  0.801  8.797  5.793  0.0000  0.0000 3.97E-01 6.03E-01 0.0047 0.8715  0.000 0.2177 0.0000 1.00E+00  1.226 0.1422 0.1668  0.325  0.842  0.0000          
 2.277195E+07  4.367  3.686  0.718  8.803  5.791  0.0000  0.0000 3.97E-01 6.03E-01 0.0066 0.8715  0.000 0.2177 0.0000 1.00E+00  1.034 0.1423 0.1668  0.407  0.736  0.0000          
 2.277216E+07  4.412  3.684  0.665  8.813  5.783  0.0000  0.0000 3.97E-01 6.03E-01 0.0105 0.8715  0.000 0.2177 0.0000 1.00E+00  0.914 0.1426 0.1665  0.671  0.693  0.0000          
 2.277237E+07  4.434  3.683  0.639  8.822  5.764  0.0000  0.0000 3.97E-01 6.03E-01 0.0153 0.8715  0.000 0.2177 0.0000 1.00E+00  0.834 0.1428 0.1665  1.151  0.692  0.0000          
 2.277272E+07  4.452  3.683  0.619  8.832  5.714  0.0000  0.0000 3.97E-01 6.03E-01 0.0242 0.8715  0.000 0.2177 0.0000 1.00E+00  0.717 0.1431 0.1665  1.976  0.717  0.0000  Cb      
