#age/yr        logL   logTef lgrav  logTc  logrho Xc      Yc     Xc_C     Xc_O     Q_conv Q_disc  L_H/L Q1_H   Q2_H   f_pp      L_He/L Q1_He  Q2_He  L_C/L  L_nu/L Q_Tmax  stage
 0.000000E+00  1.407  4.117  4.725  7.377  2.027  0.7677  0.2323 0.00E+00 0.00E+00 0.2169 0.2133  0.994 0.0000 0.6259 1.00E+00  0.000 0.0000 0.0000  0.000  0.000  0.0000  ZAMS                
 5.246696E+07  1.425  4.117  4.705  7.380  2.027  0.7368  0.2632 0.00E+00 0.00E+00 0.2187 0.5584  1.001 0.0000 0.6689 1.00E+00  0.000 0.0000 0.0000  0.000  0.000  0.0000          
 1.000545E+08  1.442  4.119  4.696  7.387  2.041  0.7102  0.2898 0.00E+00 0.00E+00 0.2151 0.6259  1.001 0.0000 0.6768 1.00E+00  0.000 0.0000 0.0000  0.000  0.000  0.0000          
 1.383165E+08  1.458  4.121  4.688  7.394  2.055  0.6872  0.3128 0.00E+00 0.00E+00 0.2078 0.6608  1.001 0.0000 0.6768 1.00E+00  0.000 0.0000 0.0000  0.000  0.000  0.0000          
 1.751558E+08  1.475  4.123  4.681  7.401  2.071  0.6634  0.3366 0.00E+00 0.00E+00 0.2006 0.6845  1.000 0.0000 0.6845 1.00E+00  0.000 0.0000 0.0000  0.000  0.000  0.0000          
 2.109512E+08  1.491  4.125  4.674  7.409  2.089  0.6388  0.3612 0.00E+00 0.00E+00 0.1970 0.6993  1.000 0.0000 0.6845 1.00E+00  0.000 0.0000 0.0000  0.000  0.000  0.0000          
 2.417096E+08  1.507  4.128  4.668  7.417  2.108  0.6161  0.3839 0.00E+00 0.00E+00 0.1868 0.7135  1.000 0.0000 0.6845 1.00E+00  0.000 0.0000 0.0000  0.000  0.000  0.0000          
 2.710535E+08  1.523  4.131  4.663  7.425  2.128  0.5928  0.4072 0.00E+00 0.00E+00 0.1829 0.7204  1.000 0.0000 0.6920 1.00E+00  0.000 0.0000 0.0000  0.000  0.000  0.0000          
 2.960001E+08  1.538  4.133  4.658  7.433  2.148  0.5719  0.4281 0.00E+00 0.00E+00 0.1749 0.7270  1.000 0.0000 0.6920 1.00E+00  0.000 0.0000 0.0000  0.000  0.000  0.0000          
 3.197796E+08  1.553  4.136  4.653  7.441  2.170  0.5505  0.4495 0.00E+00 0.00E+00 0.1681 0.7399  1.000 0.0000 0.6920 1.00E+00  0.000 0.0000 0.0000  0.000  0.000  0.0000          
 3.428777E+08  1.569  4.138  4.648  7.449  2.193  0.5287  0.4713 0.00E+00 0.00E+00 0.1596 0.7461  1.000 0.0000 0.6993 1.00E+00  0.000 0.0000 0.0000  0.000  0.000  0.0000          
 3.651580E+08  1.585  4.141  4.644  7.458  2.219  0.5062  0.4938 0.00E+00 0.00E+00 0.1516 0.7461  1.000 0.0000 0.6993 1.00E+00  0.000 0.0000 0.0000  0.000  0.000  0.0000          
 3.864165E+08  1.601  4.144  4.637  7.467  2.245  0.4835  0.5165 0.00E+00 0.00E+00 0.1402 0.7522  1.000 0.0000 0.7065 1.00E+00  0.000 0.0000 0.0000  0.000  0.000  0.0000          
 4.067481E+08  1.617  4.146  4.632  7.477  2.272  0.4605  0.5395 0.00E+00 0.00E+00 0.1355 0.7581  1.000 0.0000 0.7065 1.00E+00  0.000 0.0000 0.0000  0.000  0.000  0.0000          
 4.265291E+08  1.634  4.149  4.626  7.486  2.303  0.4371  0.5629 0.00E+00 0.00E+00 0.1220 0.7639  1.000 0.0000 0.7065 1.00E+00  0.000 0.0000 0.0000  0.000  0.000  0.0000          
 4.453824E+08  1.650  4.152  4.620  7.496  2.332  0.4133  0.5867 0.00E+00 0.00E+00 0.1180 0.7639  1.000 0.0000 0.7135 1.00E+00  0.000 0.0000 0.0000  0.000  0.000  0.0000          
 4.638188E+08  1.667  4.154  4.613  7.506  2.366  0.3892  0.6108 0.00E+00 0.00E+00 0.1083 0.7686  1.000 0.0000 0.7135 1.00E+00  0.000 0.0000 0.0000  0.000  0.000  0.0000          
 4.816001E+08  1.685  4.157  4.606  7.517  2.402  0.3647  0.6353 0.00E+00 0.00E+00 0.0991 0.7732  1.000 0.0000 0.7204 1.00E+00  0.000 0.0000 0.0000  0.000  0.000  0.0000          
 4.987870E+08  1.703  4.160  4.598  7.529  2.440  0.3400  0.6600 0.00E+00 0.00E+00 0.0928 0.7732  1.000 0.0000 0.7204 1.00E+00  0.000 0.0000 0.0000  0.000  0.000  0.0000          
 5.130477E+08  1.719  4.162  4.592  7.539  2.475  0.3185  0.6815 0.00E+00 0.00E+00 0.0849 0.7777  1.000 0.0000 0.7204 1.00E+00  0.000 0.0000 0.0000  0.000  0.000  0.0000          
 5.270024E+08  1.736  4.164  4.584  7.549  2.512  0.2968  0.7032 0.00E+00 0.00E+00 0.0781 0.7777  1.000 0.0000 0.7270 1.00E+00  0.000 0.0000 0.0000  0.000  0.000  0.0000          
 5.405649E+08  1.752  4.167  4.577  7.560  2.552  0.2748  0.7252 0.00E+00 0.00E+00 0.0711 0.7821  1.000 0.0000 0.7270 1.00E+00  0.000 0.0000 0.0000  0.000  0.000  0.0000          
 5.538067E+08  1.770  4.169  4.569  7.571  2.596  0.2527  0.7473 0.00E+00 0.00E+00 0.0625 0.7821  1.000 0.0000 0.7270 1.00E+00  0.000 0.0000 0.0000  0.000  0.000  0.0000          
 5.663890E+08  1.788  4.171  4.560  7.582  2.645  0.2307  0.7693 0.00E+00 0.00E+00 0.0490 0.7821  1.000 0.0000 0.7270 1.00E+00  0.000 0.0000 0.0000  0.000  0.000  0.0000          
 5.771342E+08  1.805  4.173  4.551  7.590  2.698  0.2104  0.7896 0.00E+00 0.00E+00 0.0281 0.7865  1.000 0.0000 0.7335 1.00E+00  0.000 0.0000 0.0000  0.000  0.000  0.0000          
 5.879724E+08  1.823  4.175  4.542  7.594  2.764  0.1857  0.8143 0.00E+00 0.00E+00 0.0000 0.7865  1.000 0.0000 0.7335 1.00E+00  0.000 0.0000 0.0000  0.000  0.000  0.0000          
 5.979897E+08  1.839  4.177  4.534  7.604  2.820  0.1610  0.8390 0.00E+00 0.00E+00 0.0000 0.7865  1.000 0.0000 0.7335 1.00E+00  0.000 0.0000 0.0000  0.000  0.000  0.0000          
 6.078087E+08  1.857  4.179  4.523  7.613  2.876  0.1392  0.8608 0.00E+00 0.00E+00 0.0000 0.7907  1.000 0.0000 0.7335 1.00E+00  0.000 0.0000 0.0000  0.000  0.000  0.0000          
 6.174419E+08  1.874  4.181  4.513  7.623  2.934  0.1198  0.8802 0.00E+00 0.00E+00 0.0000 0.7907  1.000 0.0000 0.7399 1.00E+00  0.000 0.0000 0.0000  0.000  0.000  0.0000          
 6.266328E+08  1.892  4.183  4.501  7.633  2.991  0.1032  0.8968 0.00E+00 0.00E+00 0.0000 0.7907  1.000 0.0000 0.7399 1.00E+00  0.000 0.0000 0.0000  0.000  0.000  0.0000          
 6.358840E+08  1.910  4.183  4.487  7.643  3.046  0.0882  0.9118 0.00E+00 0.00E+00 0.0000 0.7907  1.001 0.0000 0.7335 1.00E+00  0.000 0.0000 0.0000  0.000  0.000  0.0000          
 6.462800E+08  1.932  4.184  4.469  7.656  3.114  0.0734  0.9266 0.00E+00 0.00E+00 0.0000 0.7949  1.000 0.0000 0.7335 1.00E+00  0.000 0.0000 0.0000  0.000  0.000  0.0000          
 6.562842E+08  1.955  4.186  4.452  7.671  3.187  0.0609  0.9391 0.00E+00 0.00E+00 0.0000 0.7949  1.000 0.0000 0.7335 1.00E+00  0.000 0.0000 0.0000  0.000  0.000  0.0000          
 6.656446E+08  1.978  4.187  4.433  7.685  3.259  0.0505  0.9495 0.00E+00 0.00E+00 0.0000 0.7949  1.000 0.0000 0.7335 1.00E+00  0.000 0.0000 0.0000  0.000  0.000  0.0000          
 6.743821E+08  2.000  4.187  4.413  7.701  3.332  0.0419  0.9581 0.00E+00 0.00E+00 0.0000 0.7949  1.000 0.0000 0.7335 1.00E+00  0.000 0.0000 0.0000  0.000  0.000  0.0000          
 6.805354E+08  2.017  4.188  4.396  7.713  3.388  0.0364  0.9636 0.00E+00 0.00E+00 0.0000 0.7949  1.000 0.0000 0.7335 1.00E+00  0.000 0.0000 0.0000  0.000  0.000  0.0000  Tmax    
 6.882180E+08  2.040  4.187  4.372  7.729  3.463  0.0301  0.9699 0.00E+00 0.00E+00 0.0000 0.7990  1.000 0.0000 0.7335 1.00E+00  0.000 0.0000 0.0000  0.000  0.000  0.0000          
 6.953226E+08  2.063  4.187  4.347  7.745  3.538  0.0250  0.9750 0.00E+00 0.00E+00 0.0000 0.7990  1.000 0.0000 0.7270 1.00E+00  0.000 0.0000 0.0000  0.000  0.000  0.0000          
 7.001290E+08  2.081  4.187  4.330  7.760  3.604  0.0218  0.9782 5.83E-20 2.61E-20 0.0000 0.7990  0.996 0.0000 0.7270 1.00E+00  0.000 0.0000 0.0000  0.000  0.000  0.0000          
 7.049504E+08  2.099  4.186  4.308  7.775  3.669  0.0187  0.9813 1.56E-18 6.42E-19 0.0000 0.7990  1.000 0.0000 0.7270 1.00E+00  0.000 0.0000 0.0000  0.000  0.000  0.0000          
 7.091851E+08  2.116  4.184  4.284  7.789  3.729  0.0162  0.9838 1.93E-17 7.36E-18 0.0000 0.7990  1.000 0.0000 0.7204 1.00E+00  0.000 0.0000 0.0000  0.000  0.000  0.0000          
 7.130814E+08  2.132  4.182  4.259  7.803  3.788  0.0140  0.9860 2.19E-16 7.78E-17 0.0000 0.7990  1.000 0.0000 0.7135 1.00E+00  0.000 0.0000 0.0000  0.000  0.000  0.0000          
 7.166135E+08  2.148  4.180  4.234  7.817  3.847  0.0122  0.9878 2.27E-15 7.47E-16 0.0000 0.7990  1.000 0.0000 0.7135 1.00E+00  0.000 0.0000 0.0000  0.000  0.000  0.0000          
 7.197976E+08  2.163  4.177  4.208  7.831  3.903  0.0107  0.9893 2.14E-14 6.55E-15 0.0000 0.7990  1.000 0.0000 0.7065 1.00E+00  0.000 0.0000 0.0000  0.000  0.000  0.0000          
 7.227028E+08  2.177  4.174  4.182  7.846  3.955  0.0093  0.9907 2.08E-13 5.88E-14 0.0000 0.7990  0.999 0.0000 0.6993 1.00E+00  0.000 0.0000 0.0000  0.000  0.000  0.0000          
 7.245867E+08  2.187  4.172  4.165  7.876  3.962  0.0084  0.9916 1.20E-12 3.07E-13 0.0034 0.7990  1.000 0.0000 0.6957 9.96E-01  0.000 0.0000 0.0000  0.000  0.000  0.0000  T1min   
 7.254440E+08  2.191  4.177  4.180  7.908  3.787  0.0133  0.9868 2.65E-12 6.74E-13 0.0478 0.7990  1.012 0.0000 0.6845 9.11E-01  0.000 0.0000 0.0000  0.000  0.000  0.0000          
 7.256562E+08  2.186  4.181  4.202  7.904  3.724  0.0134  0.9866 3.46E-12 9.04E-13 0.0500 0.7990  1.001 0.0000 0.6957 9.01E-01  0.000 0.0000 0.0000  0.000  0.000  0.0000          
 7.260093E+08  2.175  4.185  4.229  7.900  3.688  0.0127  0.9873 4.21E-12 1.12E-12 0.0500 0.7990  1.000 0.0000 0.7100 9.00E-01  0.000 0.0000 0.0000  0.000  0.000  0.0000          
 7.284396E+08  2.174  4.187  4.239  7.904  3.662  0.0081  0.9919 8.06E-12 2.11E-12 0.0542 0.7990  1.001 0.0000 0.6993 8.69E-01  0.000 0.0000 0.0000  0.000  0.000  0.0000  T1max   
 7.320240E+08  2.189  4.184  4.212  7.922  3.731  0.0011  0.9989 3.05E-11 7.33E-12 0.0510 0.7990  0.995 0.0000 0.6957 8.83E-01  0.000 0.0000 0.0000  0.000  0.000  0.0000          
 7.325989E+08  2.197  4.180  4.187  7.927  3.835  0.0002  0.9998 6.38E-11 1.45E-11 0.0259 0.7990  0.981 0.0000 0.7135 9.43E-01  0.000 0.0000 0.0000  0.000  0.000  0.0000          
 7.328423E+08  2.203  4.176  4.164  7.910  3.966  0.0000  1.0000 2.19E-10 4.55E-11 0.0000 0.7990  0.986 0.0000 0.6993 9.81E-01  0.000 0.0000 0.0000  0.000  0.000  0.0000          
 7.330460E+08  2.209  4.171  4.137  7.901  4.054  0.0000  1.0000 2.08E-09 4.95E-11 0.0000 0.7990  1.002 0.0024 0.6883 9.85E-01  0.000 0.0000 0.0000  0.000  0.000  0.0000          
 7.333261E+08  2.217  4.165  4.104  7.897  4.133  0.0000  1.0000 4.58E-09 4.95E-11 0.0000 0.7990  1.003 0.0089 0.6768 9.87E-01  0.000 0.0000 0.0000  0.000  0.000  0.0000          
 7.337474E+08  2.227  4.158  4.069  7.893  4.211  0.0000  1.0000 7.91E-09 4.95E-11 0.0000 0.7990  1.002 0.0161 0.6648 9.91E-01  0.000 0.0000 0.0000  0.000  0.000  0.0000          
 7.344191E+08  2.236  4.152  4.034  7.888  4.287  0.0000  1.0000 1.25E-08 4.96E-11 0.0000 0.7990  1.001 0.0285 0.6566 9.91E-01  0.000 0.0000 0.0000  0.000  0.000  0.0000          
 7.351143E+08  2.242  4.147  4.010  7.885  4.336  0.0000  1.0000 1.64E-08 4.98E-11 0.0000 0.7990  1.000 0.0352 0.6525 9.91E-01  0.000 0.0000 0.0000  0.000  0.000  0.0000          
 7.363664E+08  2.252  4.144  3.987  7.878  4.376  0.0000  1.0000 2.29E-08 5.01E-11 0.0000 0.8030  1.000 0.0458 0.6460 9.67E-01  0.000 0.0000 0.0000  0.000  0.000  0.0000  T2min   
 7.377464E+08  2.255  4.149  4.004  7.864  4.336  0.0000  1.0000 2.56E-08 5.04E-11 0.0000 0.8030  1.000 0.0521 0.6460 9.06E-01  0.000 0.0000 0.0000  0.000  0.000  0.0593          
 7.382972E+08  2.254  4.150  4.010  7.868  4.325  0.0000  1.0000 2.58E-08 5.05E-11 0.0000 0.8030  0.999 0.0553 0.6566 9.07E-01  0.000 0.0000 0.0000  0.000  0.000  0.0586  T2max   
 7.397961E+08  2.263  4.146  3.983  7.894  4.358  0.0000  1.0000 3.48E-08 5.10E-11 0.0000 0.8030  1.000 0.0571 0.6460 9.04E-01  0.000 0.0000 0.0000  0.000  0.000  0.0000          
 7.413302E+08  2.271  4.140  3.954  7.901  4.402  0.0000  1.0000 7.66E-08 5.34E-11 0.0000 0.8030  1.000 0.0659 0.6224 8.80E-01  0.000 0.0000 0.0000  0.000  0.000  0.0000          
 7.426279E+08  2.279  4.136  3.927  7.908  4.443  0.0000  1.0000 1.74E-07 6.05E-11 0.0000 0.8030  1.000 0.0753 0.6046 8.53E-01  0.000 0.0000 0.0000  0.000  0.000  0.0000          
 7.435475E+08  2.284  4.131  3.904  7.914  4.476  0.0000  1.0000 3.53E-07 7.71E-11 0.0000 0.8030  1.001 0.0854 0.5897 8.30E-01  0.000 0.0000 0.0000  0.000  0.000  0.0000          
 7.443101E+08  2.289  4.126  3.880  7.921  4.508  0.0000  1.0000 7.38E-07 1.21E-10 0.0000 0.8030  1.000 0.0935 0.5743 8.08E-01  0.000 0.0000 0.0000  0.000  0.000  0.0000          
 7.450019E+08  2.293  4.121  3.855  7.928  4.539  0.0000  1.0000 1.64E-06 2.57E-10 0.0000 0.8030  1.001 0.1006 0.5624 7.83E-01  0.000 0.0000 0.0000  0.000  0.000  0.0000          
 7.455676E+08  2.297  4.116  3.831  7.934  4.567  0.0000  1.0000 3.39E-06 6.15E-10 0.0000 0.8030  1.003 0.1075 0.5501 7.62E-01  0.000 0.0000 0.0000  0.000  0.000  0.0000          
 7.461091E+08  2.301  4.111  3.804  7.940  4.596  0.0000  1.0000 7.33E-06 1.71E-09 0.0000 0.8030  1.003 0.1133 0.5375 7.39E-01  0.000 0.0000 0.0000  0.000  0.000  0.0000          
 7.464731E+08  2.304  4.106  3.784  7.946  4.616  0.0000  1.0000 1.30E-05 3.74E-09 0.0000 0.8030  1.002 0.1180 0.5332 7.25E-01  0.000 0.0000 0.0000  0.000  0.000  0.0000          
 7.468694E+08  2.307  4.100  3.757  7.952  4.641  0.0000  1.0000 2.55E-05 9.59E-09 0.0000 0.8030  1.004 0.1228 0.5174 7.07E-01  0.000 0.0000 0.0000  0.000  0.000  0.0000          
 7.472014E+08  2.310  4.095  3.734  7.957  4.661  0.0000  1.0000 4.76E-05 2.31E-08 0.0000 0.8030  1.004 0.1276 0.5077 6.90E-01  0.000 0.0000 0.0024  0.000  0.000  0.0000          
 7.475168E+08  2.313  4.089  3.707  7.964  4.682  0.0000  0.9999 8.87E-05 5.63E-08 0.0000 0.8030  1.003 0.1324 0.5011 6.77E-01  0.000 0.0000 0.0072  0.000  0.000  0.0000          
 7.478227E+08  2.316  4.083  3.682  7.970  4.701  0.0000  0.9998 1.76E-04 1.48E-07 0.0000 0.8030  1.005 0.1357 0.4944 6.57E-01  0.000 0.0000 0.0108  0.000  0.000  0.0000          
 7.480692E+08  2.318  4.078  3.658  7.977  4.718  0.0000  0.9997 3.15E-04 3.42E-07 0.0000 0.8030  1.002 0.1389 0.4876 6.47E-01  0.000 0.0000 0.0161  0.000  0.000  0.0000          
 7.483028E+08  2.320  4.072  3.633  7.986  4.731  0.0000  0.9994 6.14E-04 8.63E-07 0.0000 0.8030  1.003 0.1431 0.4773 6.33E-01  0.001 0.0000 0.0215  0.000  0.000  0.0000          
 7.484981E+08  2.322  4.068  3.611  8.001  4.737  0.0000  0.9988 1.21E-03 2.08E-06 0.0010 0.8030  1.005 0.1457 0.4703 6.16E-01  0.002 0.0000 0.0237  0.000  0.000  0.0000          
 7.486829E+08  2.325  4.063  3.590  8.024  4.730  0.0000  0.9984 1.63E-03 2.75E-06 0.0089 0.8030  0.997 0.1489 0.4632 6.05E-01  0.010 0.0000 0.0237  0.000  0.000  0.0000          
 7.488219E+08  2.329  4.060  3.573  8.076  4.574  0.0000  0.9962 3.81E-03 3.71E-06 0.0573 0.8030  0.793 0.1505 0.4842 7.40E-01  0.479 0.0000 0.0226  0.000  0.000  0.0000  Blp     
 7.488910E+08  2.344  4.062  3.568  8.083  4.382  0.0000  0.9924 7.55E-03 9.74E-06 0.0824 0.8030  0.653 0.1505 0.5375 9.09E-01  0.368 0.0000 0.0268  0.000  0.000  0.0000          
 7.489250E+08  2.354  4.066  3.575  8.083  4.332  0.0000  0.9908 9.15E-03 1.41E-05 0.0839 0.8030  0.652 0.1505 0.5584 9.37E-01  0.283 0.0000 0.0312  0.000  0.000  0.0000          
 7.489548E+08  2.362  4.072  3.589  8.082  4.302  0.0000  0.9897 1.03E-02 1.83E-05 0.0839 0.8030  0.659 0.1505 0.5704 9.49E-01  0.232 0.0000 0.0312  0.000  0.000  0.0000          
 7.489967E+08  2.368  4.081  3.619  8.081  4.274  0.0000  0.9882 1.18E-02 2.45E-05 0.0806 0.8030  0.685 0.1505 0.5821 9.58E-01  0.181 0.0000 0.0312  0.000  0.000  0.0000          
 7.490286E+08  2.368  4.088  3.648  8.080  4.260  0.0000  0.9873 1.27E-02 2.94E-05 0.0768 0.8030  0.706 0.1505 0.5897 9.62E-01  0.154 0.0000 0.0312  0.000  0.000  0.0000          
 7.490661E+08  2.366  4.096  3.683  8.078  4.249  0.0000  0.9863 1.37E-02 3.54E-05 0.0728 0.8030  0.732 0.1505 0.6009 9.64E-01  0.133 0.0000 0.0312  0.000  0.000  0.0000          
 7.491134E+08  2.361  4.105  3.724  8.077  4.242  0.0000  0.9852 1.48E-02 4.34E-05 0.0675 0.8030  0.764 0.1505 0.6118 9.65E-01  0.117 0.0000 0.0312  0.000  0.000  0.0000          
 7.491804E+08  2.351  4.114  3.770  8.076  4.237  0.0000  0.9837 1.63E-02 5.56E-05 0.0629 0.8030  0.801 0.1513 0.6224 9.66E-01  0.105 0.0000 0.0312  0.000  0.000  0.0000          
 7.492986E+08  2.338  4.124  3.821  8.075  4.236  0.0000  0.9812 1.87E-02 7.98E-05 0.0583 0.8030  0.843 0.1513 0.6361 9.66E-01  0.099 0.0000 0.0312  0.000  0.000  0.0000          
 7.494890E+08  2.328  4.130  3.858  8.075  4.235  0.0000  0.9773 2.26E-02 1.27E-04 0.0583 0.8030  0.870 0.1513 0.6460 9.67E-01  0.102 0.0000 0.0312  0.000  0.000  0.0000          
 7.498723E+08  2.322  4.135  3.880  8.077  4.224  0.0000  0.9692 3.06E-02 2.52E-04 0.0799 0.8030  0.886 0.1521 0.6525 9.71E-01  0.112 0.0000 0.0312  0.000  0.000  0.0000  Helmin  
 7.522832E+08  2.328  4.139  3.893  8.082  4.188  0.0000  0.9357 6.32E-02 1.20E-03 0.0874 0.8030  0.867 0.1537 0.6608 9.83E-01  0.133 0.0000 0.0358  0.000  0.000  0.0000          
 7.544386E+08  2.333  4.144  3.906  8.087  4.162  0.0000  0.8997 9.74E-02 2.89E-03 0.0933 0.8030  0.844 0.1553 0.6689 9.87E-01  0.156 0.0000 0.0358  0.000  0.000  0.0000          
 7.569452E+08  2.339  4.149  3.919  8.092  4.135  0.0000  0.8564 1.38E-01 5.92E-03 0.1009 0.8030  0.817 0.1569 0.6768 9.90E-01  0.184 0.0000 0.0398  0.000  0.000  0.0000          
 7.597984E+08  2.345  4.153  3.930  8.098  4.108  0.0000  0.8023 1.87E-01 1.11E-02 0.1086 0.8030  0.782 0.1585 0.6845 9.92E-01  0.219 0.0000 0.0398  0.000  0.000  0.0000          
 7.635737E+08  2.352  4.157  3.940  8.105  4.077  0.0000  0.7276 2.51E-01 2.12E-02 0.1208 0.8030  0.736 0.1593 0.6957 9.94E-01  0.267 0.0000 0.0444  0.000  0.000  0.0000          
 7.705282E+08  2.364  4.161  3.942  8.121  4.032  0.0000  0.5768 3.71E-01 5.26E-02 0.1416 0.8030  0.638 0.1617 0.7030 9.95E-01  0.366 0.0000 0.0509  0.000  0.000  0.0000          
 7.718390E+08  2.366  4.161  3.940  8.124  4.026  0.0000  0.5480 3.91E-01 6.08E-02 0.1456 0.8030  0.619 0.1617 0.7030 9.95E-01  0.385 0.0000 0.0574  0.000  0.000  0.0000  Lpt     
 7.772323E+08  2.376  4.157  3.915  8.139  4.006  0.0000  0.4113 4.80E-01 1.08E-01 0.1625 0.8030  0.534 0.1633 0.6920 9.94E-01  0.471 0.0000 0.0574  0.000  0.000  0.0000          
 7.797486E+08  2.382  4.152  3.891  8.148  4.011  0.0000  0.3314 5.25E-01 1.43E-01 0.1641 0.8030  0.489 0.1642 0.6845 9.93E-01  0.516 0.0000 0.0649  0.000  0.000  0.0000          
 7.815224E+08  2.386  4.148  3.869  8.156  4.019  0.0000  0.2706 5.53E-01 1.76E-01 0.1645 0.8030  0.458 0.1646 0.6806 9.90E-01  0.547 0.0000 0.0649  0.000  0.000  0.0000          
 7.829987E+08  2.390  4.144  3.847  8.164  4.030  0.0000  0.2211 5.69E-01 2.10E-01 0.1652 0.8030  0.436 0.1653 0.6728 9.87E-01  0.570 0.0000 0.0649  0.000  0.000  0.0000          
 7.843543E+08  2.395  4.139  3.825  8.172  4.045  0.0000  0.1763 5.76E-01 2.48E-01 0.1658 0.8030  0.420 0.1658 0.6689 9.79E-01  0.585 0.0000 0.0719  0.000  0.000  0.0000          
 7.855864E+08  2.400  4.135  3.801  8.180  4.061  0.0000  0.1393 5.73E-01 2.87E-01 0.1668 0.8030  0.410 0.1669 0.6648 9.67E-01  0.594 0.0000 0.0719  0.000  0.000  0.0000          
 7.866841E+08  2.405  4.130  3.779  8.189  4.079  0.0000  0.1088 5.64E-01 3.28E-01 0.1679 0.8030  0.406 0.1679 0.6566 9.51E-01  0.597 0.0000 0.0788  0.000  0.001  0.0000          
 7.877615E+08  2.411  4.125  3.755  8.197  4.097  0.0000  0.0844 5.46E-01 3.70E-01 0.1698 0.8030  0.407 0.1698 0.6525 9.31E-01  0.596 0.0000 0.0788  0.000  0.001  0.0000          
 7.888668E+08  2.417  4.121  3.731  8.206  4.116  0.0000  0.0643 5.21E-01 4.15E-01 0.1731 0.8030  0.408 0.1731 0.6493 9.14E-01  0.596 0.0000 0.0788  0.000  0.001  0.0000          
 7.898717E+08  2.422  4.117  3.707  8.214  4.133  0.0000  0.0497 4.94E-01 4.57E-01 0.1767 0.8030  0.410 0.1768 0.6427 8.99E-01  0.592 0.0000 0.0860  0.000  0.001  0.0000          
 7.910243E+08  2.429  4.112  3.682  8.223  4.151  0.0000  0.0376 4.58E-01 5.05E-01 0.1817 0.8030  0.412 0.1817 0.6361 8.89E-01  0.590 0.0000 0.0860  0.000  0.001  0.0000          
 7.919753E+08  2.434  4.107  3.659  8.231  4.168  0.0000  0.0289 4.26E-01 5.45E-01 0.1864 0.8030  0.417 0.1864 0.6293 8.77E-01  0.584 0.0000 0.0860  0.000  0.001  0.0000          
 7.929333E+08  2.441  4.103  3.634  8.240  4.189  0.0000  0.0211 3.92E-01 5.87E-01 0.1908 0.8030  0.427 0.1911 0.6189 8.66E-01  0.571 0.0000 0.0860  0.000  0.001  0.0000          
 7.939151E+08  2.447  4.098  3.610  8.248  4.204  0.0000  0.0166 3.57E-01 6.26E-01 0.1961 0.8030  0.431 0.1965 0.6118 8.56E-01  0.571 0.0000 0.0932  0.000  0.001  0.0000          
 7.947580E+08  2.453  4.094  3.586  8.258  4.229  0.0000  0.0112 3.27E-01 6.62E-01 0.1110 0.8030  0.448 0.2008 0.6046 8.45E-01  0.534 0.0000 0.0932  0.000  0.002  0.0000          
 7.949544E+08  2.456  4.089  3.563  8.270  4.281  0.0000  0.0057 3.12E-01 6.82E-01 0.0847 0.8030  0.516 0.2023 0.5743 7.65E-01  0.451 0.0000 0.0928  0.000  0.002  0.0000          
 7.950538E+08  2.457  4.083  3.540  8.275  4.313  0.0000  0.0039 3.07E-01 6.89E-01 0.1043 0.8030  0.590 0.2034 0.5543 6.62E-01  0.403 0.0000 0.0888  0.000  0.002  0.0000  Yc=0    
 7.951161E+08  2.456  4.079  3.522  8.278  4.343  0.0000  0.0026 3.03E-01 6.94E-01 0.0892 0.8030  0.702 0.2046 0.5332 5.35E-01  0.322 0.0000 0.0872  0.000  0.002  0.0000          
 7.951559E+08  2.453  4.074  3.507  8.279  4.369  0.0000  0.0019 3.01E-01 6.97E-01 0.0736 0.8030  0.858 0.2058 0.5142 4.10E-01  0.244 0.0000 0.0966  0.000  0.002  0.0000          
 7.951859E+08  2.447  4.069  3.494  8.276  4.391  0.0000  0.0014 3.00E-01 6.99E-01 0.0616 0.8030  1.029 0.2066 0.4944 3.10E-01  0.173 0.0000 0.1170  0.000  0.003  0.0000          
 7.952126E+08  2.438  4.064  3.480  8.274  4.416  0.0000  0.0011 2.99E-01 7.00E-01 0.0497 0.8030  1.104 0.2080 0.4842 2.59E-01  0.126 0.0000 0.1201  0.000  0.003  0.0000          
 7.952333E+08  2.429  4.057  3.464  8.274  4.440  0.0000  0.0008 2.98E-01 7.01E-01 0.0415 0.8030  1.100 0.2086 0.4773 2.43E-01  0.105 0.0000 0.1238  0.000  0.003  0.0000          
 7.952453E+08  2.423  4.052  3.450  8.275  4.456  0.0000  0.0007 2.98E-01 7.02E-01 0.0387 0.8030  1.128 0.2094 0.4703 2.27E-01  0.094 0.0000 0.1278  0.000  0.003  0.0000          
 7.952598E+08  2.416  4.045  3.428  8.276  4.475  0.0000  0.0005 2.97E-01 7.02E-01 0.0344 0.8030  1.127 0.2102 0.4667 2.18E-01  0.083 0.0000 0.1278  0.000  0.004  0.0000          
 7.952745E+08  2.411  4.037  3.398  8.277  4.498  0.0000  0.0004 2.97E-01 7.03E-01 0.0298 0.8030  1.128 0.2110 0.4596 2.08E-01  0.071 0.0000 0.1349  0.000  0.004  0.0000          
 7.952824E+08  2.409  4.031  3.379  8.278  4.510  0.0000  0.0003 2.96E-01 7.03E-01 0.0239 0.8030  1.145 0.2118 0.4560 2.01E-01  0.064 0.0000 0.1392  0.000  0.004  0.0000          
 7.952891E+08  2.408  4.027  3.362  8.278  4.521  0.0000  0.0003 2.96E-01 7.03E-01 0.0137 0.8030  1.154 0.2118 0.4541 1.95E-01  0.057 0.0000 0.1424  0.000  0.004  0.0000          
 7.952980E+08  2.407  4.020  3.336  8.278  4.536  0.0000  0.0002 2.96E-01 7.04E-01 0.0081 0.8030  1.204 0.2126 0.4468 1.82E-01  0.046 0.0000 0.1489  0.000  0.005  0.0000          
 7.953039E+08  2.407  4.016  3.318  8.277  4.547  0.0000  0.0001 2.96E-01 7.04E-01 0.0024 0.8030  1.231 0.2126 0.4431 1.74E-01  0.040 0.0000 0.1489  0.000  0.005  0.0000          
 7.953060E+08  2.407  4.014  3.312  8.276  4.550  0.0000  0.0001 2.96E-01 7.04E-01 0.0000 0.8030  1.235 0.2134 0.4431 1.72E-01  0.038 0.0000 0.1521  0.000  0.005  0.0000  Lmin    
 7.953128E+08  2.407  4.008  3.290  8.275  4.563  0.0000  0.0000 2.96E-01 7.04E-01 0.0000 0.8030  1.247 0.2134 0.4394 1.65E-01  0.033 0.0000 0.1521  0.000  0.005  0.0000          
 7.953185E+08  2.408  4.004  3.271  8.272  4.572  0.0000  0.0000 2.96E-01 7.04E-01 0.0000 0.8030  1.317 0.2142 0.4356 1.52E-01  0.030 0.0022 0.1521  0.000  0.005  0.0000          
 7.953241E+08  2.409  3.999  3.251  8.270  4.582  0.0000  0.0000 2.96E-01 7.04E-01 0.0000 0.8030  1.319 0.2147 0.4338 1.47E-01  0.028 0.0043 0.1521  0.000  0.005  0.0000          
 7.953306E+08  2.409  3.994  3.228  8.269  4.593  0.0000  0.0000 2.96E-01 7.04E-01 0.0000 0.8030  1.307 0.2147 0.4319 1.42E-01  0.026 0.0058 0.1521  0.000  0.005  0.0000          
 7.953365E+08  2.410  3.988  3.207  8.268  4.603  0.0000  0.0000 2.96E-01 7.04E-01 0.0000 0.8030  1.289 0.2153 0.4300 1.40E-01  0.025 0.0073 0.1521  0.000  0.005  0.0000          
 7.953447E+08  2.411  3.981  3.176  8.267  4.617  0.0000  0.0000 2.96E-01 7.04E-01 0.0000 0.8030  1.262 0.2159 0.4262 1.37E-01  0.025 0.0091 0.1553  0.000  0.005  0.0000          
 7.953513E+08  2.411  3.975  3.151  8.267  4.628  0.0000  0.0000 2.96E-01 7.04E-01 0.0000 0.8030  1.246 0.2164 0.4223 1.35E-01  0.025 0.0112 0.1553  0.000  0.005  0.0000          
 7.953571E+08  2.411  3.969  3.128  8.267  4.637  0.0000  0.0000 2.96E-01 7.04E-01 0.0000 0.8030  1.235 0.2169 0.4198 1.33E-01  0.025 0.0122 0.1553  0.000  0.005  0.0000          
 7.953647E+08  2.410  3.961  3.097  8.268  4.649  0.0000  0.0000 2.96E-01 7.04E-01 0.0000 0.8030  1.228 0.2174 0.4173 1.30E-01  0.026 0.0122 0.1553  0.000  0.005  0.0000          
 7.953762E+08  2.411  3.948  3.043  8.269  4.668  0.0000  0.0000 2.96E-01 7.04E-01 0.0000 0.8030  1.219 0.2184 0.4108 1.25E-01  0.027 0.0148 0.1585  0.000  0.005  0.0000          
 7.953831E+08  2.412  3.939  3.009  8.270  4.678  0.0000  0.0000 2.96E-01 7.04E-01 0.0000 0.8030  1.225 0.2189 0.4083 1.22E-01  0.028 0.0159 0.1585  0.000  0.005  0.0000          
 7.953873E+08  2.412  3.934  2.988  8.270  4.684  0.0000  0.0000 2.96E-01 7.04E-01 0.0000 0.8030  1.233 0.2194 0.4070 1.20E-01  0.029 0.0159 0.1601  0.000  0.005  0.0000          
 7.953964E+08  2.415  3.922  2.938  8.271  4.698  0.0000  0.0000 2.96E-01 7.04E-01 0.0000 0.8030  1.238 0.2199 0.4017 1.15E-01  0.030 0.0173 0.1649  0.000  0.006  0.0000          
 7.954019E+08  2.417  3.915  2.907  8.271  4.705  0.0000  0.0000 2.96E-01 7.04E-01 0.0000 0.8030  1.248 0.2206 0.4004 1.12E-01  0.031 0.0186 0.1649  0.000  0.006  0.0000          
 7.954052E+08  2.417  3.910  2.888  8.272  4.710  0.0000  0.0000 2.96E-01 7.04E-01 0.0000 0.8030  1.255 0.2209 0.3991 1.10E-01  0.031 0.0186 0.1649  0.000  0.006  0.0000          
 7.954124E+08  2.420  3.900  2.844  8.272  4.720  0.0000  0.0000 2.96E-01 7.04E-01 0.0000 0.8030  1.258 0.2215 0.3952 1.06E-01  0.033 0.0186 0.1649  0.000  0.006  0.0000          
 7.954198E+08  2.423  3.889  2.798  8.273  4.730  0.0000  0.0000 2.96E-01 7.04E-01 0.0000 0.8030  1.259 0.2221 0.3925 1.02E-01  0.033 0.0213 0.1688  0.000  0.006  0.0000          
 7.954243E+08  2.425  3.883  2.770  8.274  4.735  0.0000  0.0000 2.96E-01 7.04E-01 0.0000 0.8030  1.261 0.2224 0.3912 1.00E-01  0.034 0.0213 0.1688  0.000  0.006  0.0000          
 7.954341E+08  2.429  3.868  2.705  8.275  4.748  0.0000  0.0000 2.96E-01 7.04E-01 0.0000 0.8030  1.249 0.2231 0.3872 9.66E-02  0.036 0.0239 0.1688  0.000  0.006  0.0000          
 7.954400E+08  2.431  3.858  2.666  8.275  4.755  0.0000  0.0000 2.96E-01 7.04E-01 0.0000 0.8030  1.247 0.2236 0.3845 9.47E-02  0.037 0.0239 0.1688  0.000  0.006  0.0000          
 7.954530E+08  2.436  3.836  2.573  8.277  4.772  0.0000  0.0000 2.96E-01 7.04E-01 0.0000 0.8030  1.225 0.2246 0.3804 9.15E-02  0.039 0.0261 0.1688  0.000  0.006  0.0000          
 7.954608E+08  2.438  3.822  2.515  8.278  4.781  0.0000  0.0000 2.96E-01 7.04E-01 0.0000 0.8030  1.220 0.2252 0.3777 8.99E-02  0.041 0.0261 0.1717  0.000  0.006  0.0000          
 7.954769E+08  2.444  3.792  2.386  8.280  4.801  0.0000  0.0000 2.96E-01 7.04E-01 0.0000 0.8010  1.195 0.2264 0.3722 8.70E-02  0.045 0.0298 0.1745  0.000  0.006  0.0000          
 7.954865E+08  2.447  3.776  2.323  8.281  4.812  0.0000  0.0000 2.96E-01 7.04E-01 0.0000 0.8010  1.196 0.2271 0.3708 8.48E-02  0.047 0.0312 0.1774  0.000  0.007  0.0000          
 7.954923E+08  2.449  3.769  2.292  8.282  4.819  0.0000  0.0000 2.96E-01 7.04E-01 0.0000 0.8010  1.200 0.2275 0.3695 8.31E-02  0.049 0.0312 0.1774  0.000  0.007  0.0000          
 7.955025E+08  2.452  3.761  2.254  8.283  4.830  0.0000  0.0000 2.96E-01 7.04E-01 0.0000 0.8010  1.197 0.2283 0.3667 8.06E-02  0.052 0.0312 0.1774  0.000  0.007  0.0000          
 7.955145E+08  2.456  3.753  2.220  8.285  4.843  0.0000  0.0000 2.96E-01 7.04E-01 0.0000 0.8010  1.187 0.2291 0.3625 7.87E-02  0.055 0.0359 0.1802  0.000  0.007  0.0000          
 7.955299E+08  2.461  3.746  2.187  8.286  4.860  0.0000  0.0000 2.96E-01 7.04E-01 0.0000 0.8010  1.184 0.2302 0.3590 7.55E-02  0.058 0.0367 0.1802  0.000  0.007  0.0000          
 7.955458E+08  2.467  3.740  2.158  8.288  4.876  0.0000  0.0000 2.96E-01 7.04E-01 0.0000 0.8010  1.165 0.2313 0.3555 7.35E-02  0.062 0.0387 0.1990  0.000  0.007  0.0000          
 7.955667E+08  2.480  3.734  2.120  8.291  4.897  0.0000  0.0000 2.96E-01 7.04E-01 0.0000 0.8010  1.123 0.2328 0.3520 7.20E-02  0.068 0.0405 0.1990  0.000  0.008  0.0000  Bagb    
 7.955805E+08  2.494  3.731  2.093  8.292  4.911  0.0000  0.0000 2.96E-01 7.04E-01 0.0000 0.8010  1.098 0.2336 0.3498 7.02E-02  0.070 0.0436 0.2015  0.000  0.008  0.0000          
 7.955951E+08  2.513  3.728  2.063  8.294  4.924  0.0000  0.0000 2.96E-01 7.04E-01 0.0000 0.8010  1.064 0.2346 0.3477 6.83E-02  0.072 0.0449 0.2028  0.000  0.007  0.0000          
 7.956101E+08  2.533  3.726  2.033  8.295  4.938  0.0000  0.0000 2.96E-01 7.04E-01 0.0000 0.7990  1.018 0.2356 0.3456 6.70E-02  0.073 0.0465 0.2029  0.000  0.007  0.0000          
 7.956281E+08  2.558  3.723  1.998  8.297  4.954  0.0000  0.0000 2.96E-01 7.04E-01 0.0000 0.7907  0.966 0.2367 0.3434 6.59E-02  0.075 0.0497 0.2030  0.000  0.007  0.0000          
 7.956423E+08  2.577  3.722  1.973  8.298  4.966  0.0000  0.0000 2.96E-01 7.04E-01 0.0000 0.7843  0.938 0.2376 0.3420 6.43E-02  0.076 0.0518 0.2048  0.000  0.007  0.0000          
 7.956598E+08  2.595  3.720  1.950  8.300  4.980  0.0000  0.0000 2.96E-01 7.04E-01 0.0000 0.7639  0.908 0.2387 0.3405 6.33E-02  0.079 0.0531 0.2066  0.000  0.007  0.0000          
 7.956819E+08  2.613  3.719  1.927  8.302  4.998  0.0000  0.0000 2.96E-01 7.04E-01 0.0000 0.7367  0.880 0.2400 0.3391 6.23E-02  0.083 0.0575 0.2066  0.000  0.007  0.0000          
 7.957149E+08  2.632  3.718  1.904  8.304  5.023  0.0000  0.0000 2.96E-01 7.04E-01 0.0000 0.7100  0.855 0.2420 0.3376 6.12E-02  0.092 0.0620 0.2102  0.000  0.007  0.0000          
 7.957646E+08  2.650  3.717  1.881  8.306  5.057  0.0000  0.0000 2.96E-01 7.04E-01 0.0000 0.6826  0.831 0.2448 0.3362 6.11E-02  0.109 0.0691 0.2118  0.000  0.008  0.0000          
 7.958455E+08  2.669  3.716  1.858  8.309  5.106  0.0000  0.0000 2.96E-01 7.04E-01 0.0000 0.6587  0.787 0.2491 0.3369 6.57E-02  0.141 0.0784 0.2164  0.000  0.008  0.0000          
 7.959975E+08  2.686  3.715  1.835  8.314  5.187  0.0000  0.0000 2.96E-01 7.04E-01 0.0000 0.6394  0.778 0.2561 0.3369 6.79E-02  0.159 0.0980 0.2265  0.000  0.009  0.0000          
 7.960824E+08  2.705  3.713  1.813  8.320  5.234  0.0000  0.0000 2.96E-01 7.04E-01 0.0000 0.6182  0.778 0.2598 0.3345 6.43E-02  0.163 0.1084 0.2316  0.000  0.010  0.0000          
 7.961536E+08  2.722  3.713  1.792  8.325  5.273  0.0000  0.0000 2.96E-01 7.04E-01 0.0000 0.6006  0.740 0.2628 0.3345 6.59E-02  0.201 0.1138 0.2341  0.000  0.011  0.0000          
 7.962109E+08  2.731  3.712  1.783  8.320  5.288  0.0000  0.0000 2.96E-01 7.04E-01 0.0000 0.5952  0.384 0.2649 0.3441 1.19E-01  1.881 0.1194 0.2265  0.000  0.010  0.0000  1tp
