#age/yr        logL   logTef lgrav  logTc  logrho Xc      Yc     Xc_C     Xc_O     Q_conv Q_disc  L_H/L Q1_H   Q2_H   f_pp      L_He/L Q1_He  Q2_He  L_C/L  L_nu/L Q_Tmax  stage
 0.000000E+00  0.723  3.964  4.633  7.259  2.012  0.7689  0.2311 0.00E+00 0.00E+00 0.1926 0.1934  1.001 0.0000 0.4807 1.00E+00  0.000 0.0000 0.0000  0.000  0.000  0.0000  ZAMS                
 1.219811E+08  0.741  3.966  4.620  7.263  2.020  0.7477  0.2522 0.00E+00 0.00E+00 0.1898 0.5332  1.000 0.0000 0.5418 1.00E+00  0.000 0.0000 0.0000  0.000  0.000  0.0000          
 2.468300E+08  0.757  3.968  4.614  7.269  2.032  0.7265  0.2734 0.00E+00 0.00E+00 0.1874 0.6189  1.000 0.0000 0.5584 1.00E+00  0.000 0.0000 0.0000  0.000  0.000  0.0000          
 3.714616E+08  0.773  3.970  4.607  7.275  2.046  0.7044  0.2956 0.00E+00 0.00E+00 0.1851 0.6608  1.000 0.0000 0.5584 1.00E+00  0.000 0.0000 0.0000  0.000  0.000  0.0000          
 4.952315E+08  0.790  3.973  4.600  7.282  2.060  0.6813  0.3187 0.00E+00 0.00E+00 0.1822 0.6845  1.000 0.0000 0.5584 1.00E+00  0.000 0.0000 0.0000  0.000  0.000  0.0000          
 6.174207E+08  0.807  3.975  4.592  7.289  2.074  0.6573  0.3427 0.00E+00 0.00E+00 0.1796 0.6993  1.000 0.0000 0.5664 1.00E+00  0.000 0.0000 0.0000  0.000  0.000  0.0000          
 7.373808E+08  0.824  3.977  4.584  7.296  2.090  0.6325  0.3675 0.00E+00 0.00E+00 0.1775 0.7135  1.000 0.0000 0.5664 1.00E+00  0.000 0.0000 0.0000  0.000  0.000  0.0000          
 8.545894E+08  0.842  3.979  4.574  7.303  2.106  0.6068  0.3932 0.00E+00 0.00E+00 0.1744 0.7270  1.000 0.0000 0.5664 1.00E+00  0.000 0.0000 0.0000  0.000  0.000  0.0000          
 9.684044E+08  0.861  3.982  4.564  7.311  2.123  0.5802  0.4197 0.00E+00 0.00E+00 0.1702 0.7335  1.000 0.0000 0.5664 1.00E+00  0.000 0.0000 0.0000  0.000  0.000  0.0000          
 1.066203E+09  0.877  3.984  4.556  7.319  2.140  0.5560  0.4440 0.00E+00 0.00E+00 0.1660 0.7399  1.000 0.0000 0.5664 1.00E+00  0.000 0.0000 0.0000  0.000  0.000  0.0000          
 1.160391E+09  0.894  3.986  4.546  7.326  2.158  0.5312  0.4688 0.00E+00 0.00E+00 0.1617 0.7461  1.000 0.0000 0.5743 1.00E+00  0.000 0.0000 0.0000  0.000  0.000  0.0000          
 1.250734E+09  0.912  3.987  4.537  7.335  2.178  0.5058  0.4942 0.00E+00 0.00E+00 0.1564 0.7522  1.000 0.0000 0.5743 1.00E+00  0.000 0.0000 0.0000  0.000  0.000  0.0000          
 1.336735E+09  0.930  3.990  4.528  7.343  2.201  0.4799  0.5201 0.00E+00 0.00E+00 0.1489 0.7581  1.000 0.0000 0.5743 1.00E+00  0.000 0.0000 0.0000  0.000  0.000  0.0000          
 1.418388E+09  0.948  3.992  4.519  7.353  2.225  0.4534  0.5466 0.00E+00 0.00E+00 0.1457 0.7581  1.000 0.0000 0.5821 1.00E+00  0.000 0.0000 0.0000  0.000  0.000  0.0000          
 1.487282E+09  0.964  3.994  4.511  7.362  2.249  0.4299  0.5701 0.00E+00 0.00E+00 0.1424 0.7639  1.000 0.0000 0.5821 1.00E+00  0.000 0.0000 0.0000  0.000  0.000  0.0000          
 1.553610E+09  0.982  3.997  4.505  7.372  2.277  0.4060  0.5940 0.00E+00 0.00E+00 0.1342 0.7639  1.000 0.0000 0.5897 1.00E+00  0.000 0.0000 0.0000  0.000  0.000  0.0000          
 1.607210E+09  0.998  3.999  4.499  7.381  2.304  0.3852  0.6148 0.00E+00 0.00E+00 0.1265 0.7686  1.000 0.0000 0.5897 1.00E+00  0.000 0.0000 0.0000  0.000  0.000  0.0000          
 1.658669E+09  1.013  4.002  4.494  7.391  2.331  0.3642  0.6358 0.00E+00 0.00E+00 0.1232 0.7686  1.000 0.0000 0.5972 1.00E+00  0.000 0.0000 0.0000  0.000  0.000  0.0000          
 1.708312E+09  1.030  4.005  4.488  7.400  2.365  0.3428  0.6572 0.00E+00 0.00E+00 0.1098 0.7732  1.000 0.0000 0.5972 1.00E+00  0.000 0.0000 0.0000  0.000  0.000  0.0000          
 1.755185E+09  1.046  4.008  4.482  7.411  2.397  0.3214  0.6786 0.00E+00 0.00E+00 0.1064 0.7732  1.000 0.0000 0.6046 1.00E+00  0.000 0.0000 0.0000  0.000  0.000  0.0000          
 1.800594E+09  1.064  4.010  4.476  7.421  2.433  0.2996  0.7004 0.00E+00 0.00E+00 0.0971 0.7777  1.000 0.0000 0.6046 1.00E+00  0.000 0.0000 0.0000  0.000  0.000  0.0000          
 1.844168E+09  1.081  4.013  4.469  7.432  2.472  0.2777  0.7223 0.00E+00 0.00E+00 0.0873 0.7777  1.000 0.0000 0.6118 1.00E+00  0.000 0.0000 0.0000  0.000  0.000  0.0000          
 1.886069E+09  1.100  4.016  4.461  7.442  2.514  0.2555  0.7445 0.00E+00 0.00E+00 0.0771 0.7777  1.000 0.0000 0.6118 1.00E+00  0.000 0.0000 0.0000  0.000  0.000  0.0000          
 1.926171E+09  1.119  4.018  4.453  7.453  2.559  0.2335  0.7665 0.00E+00 0.00E+00 0.0667 0.7821  1.000 0.0000 0.6189 1.00E+00  0.000 0.0000 0.0000  0.000  0.000  0.0000          
 1.961872E+09  1.136  4.020  4.444  7.464  2.603  0.2131  0.7869 0.00E+00 0.00E+00 0.0582 0.7821  1.000 0.0000 0.6189 1.00E+00  0.000 0.0000 0.0000  0.000  0.000  0.0000          
 1.993180E+09  1.153  4.022  4.435  7.471  2.651  0.1944  0.8056 0.00E+00 0.00E+00 0.0417 0.7821  1.000 0.0000 0.6259 1.00E+00  0.000 0.0000 0.0000  0.000  0.000  0.0000          
 2.023017E+09  1.171  4.024  4.425  7.475  2.710  0.1745  0.8255 0.00E+00 0.00E+00 0.0107 0.7821  1.000 0.0000 0.6259 1.00E+00  0.000 0.0000 0.0000  0.000  0.000  0.0000          
 2.051881E+09  1.188  4.026  4.416  7.479  2.771  0.1506  0.8494 0.00E+00 0.00E+00 0.0000 0.7865  1.000 0.0000 0.6259 1.00E+00  0.000 0.0000 0.0000  0.000  0.000  0.0000          
 2.081565E+09  1.206  4.028  4.405  7.487  2.828  0.1282  0.8718 0.00E+00 0.00E+00 0.0000 0.7865  1.000 0.0000 0.6327 1.00E+00  0.000 0.0000 0.0000  0.000  0.000  0.0000          
 2.110362E+09  1.224  4.030  4.394  7.495  2.886  0.1092  0.8908 0.00E+00 0.00E+00 0.0000 0.7865  1.000 0.0000 0.6327 1.00E+00  0.000 0.0000 0.0000  0.000  0.000  0.0000          
 2.138014E+09  1.242  4.031  4.381  7.503  2.939  0.0931  0.9069 0.00E+00 0.00E+00 0.0000 0.7865  1.000 0.0000 0.6327 1.00E+00  0.000 0.0000 0.0000  0.000  0.000  0.0000          
 2.168017E+09  1.262  4.032  4.365  7.513  2.999  0.0781  0.9219 0.00E+00 0.00E+00 0.0000 0.7907  1.000 0.0000 0.6327 1.00E+00  0.000 0.0000 0.0000  0.000  0.000  0.0000          
 2.198664E+09  1.285  4.034  4.349  7.524  3.065  0.0648  0.9352 0.00E+00 0.00E+00 0.0000 0.7907  1.000 0.0000 0.6327 1.00E+00  0.000 0.0000 0.0000  0.000  0.000  0.0000          
 2.227902E+09  1.308  4.035  4.331  7.536  3.132  0.0538  0.9462 0.00E+00 0.00E+00 0.0000 0.7907  1.000 0.0000 0.6327 1.00E+00  0.000 0.0000 0.0000  0.000  0.000  0.0000          
 2.255669E+09  1.331  4.036  4.311  7.549  3.200  0.0446  0.9554 0.00E+00 0.00E+00 0.0000 0.7907  1.000 0.0000 0.6327 1.00E+00  0.000 0.0000 0.0000  0.000  0.000  0.0000          
 2.281913E+09  1.355  4.037  4.291  7.563  3.268  0.0370  0.9630 0.00E+00 0.00E+00 0.0000 0.7907  1.000 0.0000 0.6327 1.00E+00  0.000 0.0000 0.0000  0.000  0.000  0.0000          
 2.300574E+09  1.373  4.037  4.274  7.573  3.319  0.0322  0.9678 0.00E+00 0.00E+00 0.0000 0.7907  1.000 0.0000 0.6327 1.00E+00  0.000 0.0000 0.0000  0.000  0.000  0.0000          
 2.318353E+09  1.391  4.037  4.257  7.584  3.371  0.0280  0.9720 0.00E+00 0.00E+00 0.0000 0.7949  1.000 0.0000 0.6327 1.00E+00  0.000 0.0000 0.0000  0.000  0.000  0.0000          
 2.324084E+09  1.397  4.037  4.251  7.588  3.388  0.0267  0.9733 0.00E+00 0.00E+00 0.0000 0.7949  1.000 0.0000 0.6327 1.00E+00  0.000 0.0000 0.0000  0.000  0.000  0.0000  Tmax    
 2.340695E+09  1.415  4.037  4.232  7.599  3.441  0.0232  0.9768 0.00E+00 0.00E+00 0.0000 0.7949  1.000 0.0000 0.6327 1.00E+00  0.000 0.0000 0.0000  0.000  0.000  0.0000          
 2.356440E+09  1.434  4.037  4.213  7.611  3.494  0.0201  0.9799 0.00E+00 0.00E+00 0.0000 0.7949  1.000 0.0000 0.6327 1.00E+00  0.000 0.0000 0.0000  0.000  0.000  0.0000          
 2.371335E+09  1.452  4.036  4.191  7.623  3.547  0.0175  0.9825 0.00E+00 0.00E+00 0.0000 0.7949  1.000 0.0000 0.6327 1.00E+00  0.000 0.0000 0.0000  0.000  0.000  0.0000          
 2.385403E+09  1.470  4.035  4.170  7.635  3.601  0.0152  0.9848 0.00E+00 0.00E+00 0.0000 0.7949  1.000 0.0000 0.6327 1.00E+00  0.000 0.0000 0.0000  0.000  0.000  0.0000          
 2.398657E+09  1.488  4.034  4.146  7.647  3.656  0.0132  0.9868 0.00E+00 0.00E+00 0.0000 0.7949  1.000 0.0000 0.6259 1.00E+00  0.000 0.0000 0.0000  0.000  0.000  0.0000          
 2.411128E+09  1.506  4.032  4.121  7.660  3.712  0.0115  0.9885 0.00E+00 0.00E+00 0.0000 0.7949  1.000 0.0000 0.6259 1.00E+00  0.000 0.0000 0.0000  0.000  0.000  0.0000          
 2.422828E+09  1.524  4.030  4.095  7.672  3.768  0.0100  0.9900 0.00E+00 0.00E+00 0.0000 0.7949  1.000 0.0000 0.6259 1.00E+00  0.000 0.0000 0.0000  0.000  0.000  0.0000          
 2.435841E+09  1.544  4.026  4.060  7.685  3.826  0.0084  0.9916 0.00E+00 0.00E+00 0.0000 0.7949  1.000 0.0000 0.6189 1.00E+00  0.000 0.0000 0.0000  0.000  0.000  0.0000          
 2.448312E+09  1.565  4.022  4.022  7.700  3.892  0.0071  0.9929 0.00E+00 0.00E+00 0.0000 0.7949  1.000 0.0000 0.6118 1.00E+00  0.000 0.0000 0.0000  0.000  0.000  0.0000          
 2.458665E+09  1.583  4.018  3.988  7.715  3.956  0.0061  0.9939 0.00E+00 0.00E+00 0.0000 0.7949  0.999 0.0000 0.6046 1.00E+00  0.000 0.0000 0.0000  0.000  0.000  0.0000          
 2.467931E+09  1.601  4.014  3.952  7.729  4.018  0.0053  0.9947 0.00E+00 0.00E+00 0.0000 0.7949  0.999 0.0000 0.6046 1.00E+00  0.000 0.0000 0.0000  0.000  0.000  0.0000          
 2.476582E+09  1.619  4.008  3.913  7.744  4.080  0.0046  0.9954 4.66E-20 2.22E-20 0.0000 0.7949  0.999 0.0000 0.5972 1.00E+00  0.000 0.0000 0.0000  0.000  0.000  0.0000          
 2.482523E+09  1.636  4.007  3.889  7.761  4.149  0.0041  0.9959 2.24E-18 9.69E-19 0.0000 0.7949  0.999 0.0000 0.5972 1.00E+00  0.000 0.0000 0.0000  0.000  0.000  0.0000          
 2.486709E+09  1.646  4.003  3.862  7.770  4.185  0.0037  0.9963 1.33E-17 5.46E-18 0.0000 0.7949  0.999 0.0000 0.5897 1.00E+00  0.000 0.0000 0.0000  0.000  0.000  0.0000          
 2.490441E+09  1.656  3.999  3.837  7.779  4.219  0.0034  0.9966 6.24E-17 2.45E-17 0.0000 0.7949  0.999 0.0000 0.5860 1.00E+00  0.000 0.0000 0.0000  0.000  0.000  0.0000          
 2.493865E+09  1.665  3.994  3.812  7.787  4.252  0.0032  0.9968 2.68E-16 1.01E-16 0.0000 0.7949  0.999 0.0000 0.5821 1.00E+00  0.000 0.0000 0.0000  0.000  0.000  0.0000          
 2.496974E+09  1.673  3.990  3.787  7.794  4.283  0.0029  0.9971 1.05E-15 3.77E-16 0.0000 0.7949  0.999 0.0000 0.5743 1.00E+00  0.000 0.0000 0.0000  0.000  0.000  0.0000          
 2.499998E+09  1.682  3.986  3.761  7.802  4.313  0.0027  0.9973 4.08E-15 1.41E-15 0.0000 0.7949  0.999 0.0000 0.5704 1.00E+00  0.000 0.0000 0.0000  0.000  0.000  0.0000          
 2.502723E+09  1.689  3.982  3.736  7.810  4.342  0.0025  0.9975 1.45E-14 4.80E-15 0.0000 0.7949  0.999 0.0000 0.5664 1.00E+00  0.000 0.0000 0.0000  0.000  0.000  0.0000          
 2.505134E+09  1.696  3.978  3.712  7.817  4.368  0.0024  0.9976 4.70E-14 1.50E-14 0.0000 0.7949  0.999 0.0000 0.5624 1.00E+00  0.000 0.0000 0.0000  0.000  0.000  0.0000          
 2.507489E+09  1.704  3.973  3.688  7.827  4.391  0.0022  0.9978 1.76E-13 5.33E-14 0.0000 0.7949  0.999 0.0000 0.5584 1.00E+00  0.000 0.0000 0.0000  0.000  0.000  0.0000          
 2.509748E+09  1.710  3.969  3.664  7.858  4.393  0.0019  0.9981 8.54E-13 2.34E-13 0.0061 0.7949  1.000 0.0000 0.5543 9.97E-01  0.000 0.0000 0.0000  0.000  0.000  0.0000          
 2.510200E+09  1.712  3.969  3.661  7.874  4.374  0.0025  0.9975 7.70E-13 2.11E-13 0.0153 0.7949  1.001 0.0000 0.5543 9.88E-01  0.000 0.0000 0.0000  0.000  0.000  0.0000  T1min   
 2.510691E+09  1.721  3.973  3.671  7.905  4.140  0.0049  0.9951 5.10E-12 1.33E-12 0.0917 0.7949  1.152 0.0000 0.5332 7.30E-01  0.000 0.0000 0.0000  0.000  0.000  0.0000          
 2.510794E+09  1.727  3.978  3.686  7.899  4.054  0.0054  0.9946 5.33E-12 1.44E-12 0.1006 0.7949  1.057 0.0000 0.5501 7.54E-01  0.000 0.0000 0.0000  0.000  0.000  0.0000          
 2.510864E+09  1.730  3.984  3.703  7.894  4.012  0.0054  0.9946 5.45E-12 1.51E-12 0.0993 0.7949  0.997 0.0000 0.5664 7.82E-01  0.000 0.0000 0.0000  0.000  0.000  0.0000          
 2.510922E+09  1.731  3.989  3.722  7.891  3.986  0.0053  0.9947 5.50E-12 1.55E-12 0.0938 0.7949  0.964 0.0000 0.5821 8.05E-01  0.000 0.0000 0.0000  0.000  0.000  0.0000          
 2.511000E+09  1.729  3.995  3.750  7.886  3.960  0.0053  0.9947 5.52E-12 1.59E-12 0.0889 0.7949  0.942 0.0000 0.6009 8.29E-01  0.000 0.0000 0.0000  0.000  0.000  0.0000          
 2.511065E+09  1.725  4.000  3.775  7.883  3.945  0.0052  0.9948 5.52E-12 1.61E-12 0.0817 0.7949  0.935 0.0000 0.6118 8.45E-01  0.000 0.0000 0.0000  0.000  0.000  0.0000          
 2.511152E+09  1.718  4.006  3.806  7.880  3.931  0.0052  0.9948 5.52E-12 1.64E-12 0.0792 0.7949  0.938 0.0000 0.6224 8.61E-01  0.000 0.0000 0.0000  0.000  0.000  0.0000          
 2.511294E+09  1.705  4.014  3.848  7.876  3.919  0.0051  0.9949 5.51E-12 1.66E-12 0.0728 0.7949  0.954 0.0000 0.6327 8.78E-01  0.000 0.0000 0.0000  0.000  0.000  0.0000          
 2.511652E+09  1.685  4.020  3.895  7.873  3.915  0.0048  0.9952 5.51E-12 1.70E-12 0.0632 0.7949  0.983 0.0000 0.6460 8.94E-01  0.000 0.0000 0.0000  0.000  0.000  0.0000          
 2.512107E+09  1.679  4.022  3.907  7.873  3.920  0.0045  0.9955 5.56E-12 1.72E-12 0.0624 0.7949  0.994 0.0000 0.6460 8.98E-01  0.000 0.0000 0.0000  0.000  0.000  0.0000  T1max   
 2.514989E+09  1.685  4.016  3.880  7.881  3.970  0.0027  0.9973 6.34E-12 1.84E-12 0.0577 0.7949  0.999 0.0000 0.6361 9.06E-01  0.000 0.0000 0.0000  0.000  0.000  0.0000          
 2.517156E+09  1.694  4.012  3.854  7.890  4.012  0.0014  0.9986 8.41E-12 2.34E-12 0.0569 0.7949  0.997 0.0000 0.6259 9.12E-01  0.000 0.0000 0.0000  0.000  0.000  0.0000          
 2.518767E+09  1.700  4.007  3.826  7.896  4.064  0.0006  0.9995 1.35E-11 3.61E-12 0.0505 0.7949  0.996 0.0000 0.6118 9.27E-01  0.000 0.0000 0.0000  0.000  0.000  0.0000          
 2.519568E+09  1.705  4.002  3.801  7.900  4.119  0.0002  0.9998 2.09E-11 5.43E-12 0.0390 0.7949  0.990 0.0000 0.6009 9.47E-01  0.000 0.0000 0.0000  0.000  0.000  0.0000          
 2.519995E+09  1.708  3.997  3.780  7.898  4.175  0.0001  0.9999 2.99E-11 7.53E-12 0.0171 0.7949  0.988 0.0000 0.5897 9.65E-01  0.000 0.0000 0.0000  0.000  0.000  0.0000          
 2.520314E+09  1.711  3.993  3.758  7.884  4.238  0.0000  1.0000 6.94E-11 1.61E-11 0.0000 0.7949  0.990 0.0000 0.5821 9.72E-01  0.000 0.0000 0.0000  0.000  0.000  0.0000          
 2.520595E+09  1.714  3.988  3.737  7.875  4.286  0.0000  1.0000 2.21E-10 1.97E-11 0.0000 0.7949  0.999 0.0005 0.5743 9.71E-01  0.000 0.0000 0.0000  0.000  0.000  0.0000          
 2.520868E+09  1.717  3.983  3.715  7.871  4.321  0.0000  1.0000 5.20E-10 1.97E-11 0.0000 0.7949  1.001 0.0024 0.5664 9.69E-01  0.000 0.0000 0.0000  0.000  0.000  0.0000          
 2.521331E+09  1.722  3.977  3.683  7.865  4.367  0.0000  1.0000 8.49E-10 1.97E-11 0.0000 0.7949  1.002 0.0055 0.5584 9.66E-01  0.000 0.0000 0.0000  0.000  0.000  0.0000          
 2.522017E+09  1.728  3.969  3.647  7.859  4.416  0.0000  1.0000 1.14E-09 1.97E-11 0.0000 0.7949  1.001 0.0110 0.5501 9.62E-01  0.000 0.0000 0.0000  0.000  0.000  0.0000          
 2.523031E+09  1.735  3.961  3.609  7.852  4.464  0.0000  1.0000 1.37E-09 1.97E-11 0.0000 0.7949  1.000 0.0178 0.5418 9.59E-01  0.000 0.0000 0.0000  0.000  0.000  0.0000          
 2.523718E+09  1.738  3.957  3.587  7.849  4.489  0.0000  1.0000 1.47E-09 1.97E-11 0.0000 0.7949  1.000 0.0206 0.5375 9.59E-01  0.000 0.0000 0.0000  0.000  0.000  0.0000          
 2.524548E+09  1.742  3.952  3.564  7.847  4.515  0.0000  1.0000 1.56E-09 1.97E-11 0.0000 0.7949  1.000 0.0255 0.5375 9.59E-01  0.000 0.0000 0.0000  0.000  0.000  0.0000          
 2.525523E+09  1.746  3.946  3.537  7.847  4.541  0.0000  1.0000 1.65E-09 1.97E-11 0.0000 0.7949  1.000 0.0316 0.5301 9.61E-01  0.000 0.0000 0.0000  0.000  0.000  0.0000          
 2.526619E+09  1.750  3.940  3.507  7.848  4.570  0.0000  1.0000 1.76E-09 1.97E-11 0.0000 0.7949  0.999 0.0369 0.5270 9.64E-01  0.000 0.0000 0.0000  0.000  0.000  0.0000          
 2.527565E+09  1.755  3.934  3.479  7.851  4.594  0.0000  1.0000 1.90E-09 1.97E-11 0.0000 0.7949  0.998 0.0408 0.5206 9.67E-01  0.000 0.0000 0.0000  0.000  0.000  0.0000          
 2.528591E+09  1.760  3.928  3.449  7.855  4.621  0.0000  1.0000 2.20E-09 1.97E-11 0.0000 0.7949  0.994 0.0440 0.5174 9.70E-01  0.000 0.0000 0.0000  0.000  0.000  0.0000          
 2.529546E+09  1.764  3.922  3.422  7.860  4.647  0.0000  1.0000 2.84E-09 1.97E-11 0.0000 0.7949  0.995 0.0479 0.5142 9.74E-01  0.000 0.0000 0.0000  0.000  0.000  0.0000          
 2.530431E+09  1.768  3.916  3.393  7.865  4.671  0.0000  1.0000 4.12E-09 1.98E-11 0.0000 0.7949  0.997 0.0505 0.5110 9.78E-01  0.000 0.0000 0.0000  0.000  0.000  0.0000          
 2.530996E+09  1.771  3.911  3.371  7.868  4.686  0.0000  1.0000 5.62E-09 1.98E-11 0.0000 0.7949  0.997 0.0505 0.5077 9.81E-01  0.000 0.0000 0.0000  0.000  0.000  0.0000          
 2.531551E+09  1.774  3.906  3.349  7.871  4.702  0.0000  1.0000 8.04E-09 1.98E-11 0.0000 0.7949  0.997 0.0505 0.5044 9.84E-01  0.000 0.0000 0.0000  0.000  0.000  0.0000          
 2.532106E+09  1.776  3.901  3.326  7.874  4.717  0.0000  1.0000 1.20E-08 2.00E-11 0.0000 0.7949  0.997 0.0537 0.4978 9.86E-01  0.000 0.0000 0.0000  0.000  0.000  0.0000          
 2.532679E+09  1.779  3.895  3.301  7.877  4.733  0.0000  1.0000 1.84E-08 2.02E-11 0.0000 0.7949  0.998 0.0537 0.4944 9.88E-01  0.000 0.0000 0.0000  0.000  0.000  0.0000          
 2.533272E+09  1.782  3.890  3.275  7.880  4.749  0.0000  1.0000 2.92E-08 2.06E-11 0.0000 0.7949  0.998 0.0537 0.4910 9.90E-01  0.000 0.0000 0.0000  0.000  0.000  0.0000          
 2.533898E+09  1.785  3.883  3.246  7.883  4.766  0.0000  1.0000 4.70E-08 2.14E-11 0.0000 0.7949  0.998 0.0569 0.4876 9.92E-01  0.000 0.0000 0.0000  0.000  0.000  0.0000          
 2.534586E+09  1.788  3.876  3.215  7.886  4.784  0.0000  1.0000 7.75E-08 2.33E-11 0.0000 0.7949  0.998 0.0577 0.4842 9.93E-01  0.000 0.0000 0.0000  0.000  0.000  0.0000          
 2.535409E+09  1.792  3.868  3.180  7.888  4.804  0.0000  1.0000 1.33E-07 2.80E-11 0.0000 0.7949  0.998 0.0585 0.4773 9.92E-01  0.000 0.0000 0.0000  0.000  0.000  0.0000          
 2.536363E+09  1.797  3.861  3.145  7.888  4.822  0.0000  1.0000 2.20E-07 3.84E-11 0.0000 0.7949  0.998 0.0676 0.4738 9.85E-01  0.000 0.0000 0.0000  0.000  0.000  0.0000          
 2.536773E+09  1.799  3.859  3.136  7.887  4.827  0.0000  1.0000 2.61E-07 4.48E-11 0.0000 0.7949  0.997 0.0702 0.4738 9.77E-01  0.000 0.0000 0.0000  0.000  0.000  0.0000  T2min   
 2.537820E+09  1.805  3.864  3.151  7.873  4.822  0.0000  1.0000 3.32E-07 6.19E-11 0.0000 0.7949  1.003 0.0798 0.4842 9.16E-01  0.000 0.0000 0.0000  0.000  0.000  0.0000          
 2.538011E+09  1.807  3.869  3.167  7.865  4.812  0.0000  1.0000 3.34E-07 6.35E-11 0.0000 0.7949  1.019 0.0798 0.4876 8.75E-01  0.000 0.0000 0.0000  0.000  0.000  0.1055          
 2.538179E+09  1.809  3.875  3.192  7.854  4.797  0.0000  1.0000 3.35E-07 6.44E-11 0.0000 0.7949  1.020 0.0829 0.4910 8.41E-01  0.000 0.0000 0.0000  0.000  0.000  0.1055          
 2.538275E+09  1.809  3.880  3.210  7.848  4.790  0.0000  1.0000 3.35E-07 6.46E-11 0.0000 0.7949  1.006 0.0829 0.4944 8.41E-01  0.000 0.0000 0.0000  0.000  0.000  0.1055          
 2.538394E+09  1.807  3.886  3.234  7.844  4.784  0.0000  1.0000 3.35E-07 6.49E-11 0.0000 0.7949  0.983 0.0859 0.5011 8.61E-01  0.000 0.0000 0.0000  0.000  0.000  0.1055          
 2.538544E+09  1.802  3.891  3.259  7.842  4.784  0.0000  1.0000 3.35E-07 6.52E-11 0.0000 0.7949  0.969 0.0889 0.5044 8.90E-01  0.000 0.0000 0.0000  0.000  0.000  0.1025          
 2.538732E+09  1.797  3.893  3.275  7.844  4.788  0.0000  1.0000 3.35E-07 6.55E-11 0.0000 0.7949  0.971 0.0920 0.5044 9.15E-01  0.000 0.0000 0.0000  0.000  0.000  0.0889  T2max   
 2.539167E+09  1.795  3.888  3.255  7.852  4.806  0.0000  1.0000 3.35E-07 6.65E-11 0.0000 0.7949  0.988 0.1012 0.5011 9.41E-01  0.000 0.0000 0.0000  0.000  0.000  0.0585          
 2.539394E+09  1.797  3.883  3.233  7.857  4.814  0.0000  1.0000 3.36E-07 6.73E-11 0.0000 0.7949  0.994 0.1012 0.4978 9.48E-01  0.000 0.0000 0.0000  0.000  0.000  0.0479          
 2.539647E+09  1.799  3.877  3.209  7.863  4.823  0.0000  1.0000 3.36E-07 6.84E-11 0.0000 0.7949  0.997 0.1012 0.4944 9.52E-01  0.000 0.0000 0.0000  0.000  0.000  0.0369          
 2.539939E+09  1.802  3.871  3.181  7.870  4.831  0.0000  1.0000 3.38E-07 7.04E-11 0.0000 0.7949  0.999 0.1018 0.4876 9.54E-01  0.000 0.0000 0.0000  0.000  0.000  0.0255          
 2.540166E+09  1.804  3.866  3.161  7.875  4.837  0.0000  1.0000 3.41E-07 7.25E-11 0.0000 0.7949  0.999 0.1021 0.4842 9.54E-01  0.000 0.0000 0.0000  0.000  0.000  0.0206          
 2.540433E+09  1.806  3.862  3.140  7.880  4.843  0.0000  1.0000 3.47E-07 7.58E-11 0.0000 0.7949  1.000 0.1025 0.4807 9.54E-01  0.000 0.0000 0.0000  0.000  0.000  0.0133          
 2.540749E+09  1.808  3.857  3.119  7.886  4.849  0.0000  1.0000 3.63E-07 8.13E-11 0.0000 0.7949  1.000 0.1055 0.4773 9.51E-01  0.000 0.0000 0.0000  0.000  0.000  0.0071          
 2.541362E+09  1.812  3.850  3.088  7.892  4.859  0.0000  1.0000 4.35E-07 9.87E-11 0.0000 0.7949  1.001 0.1092 0.4738 9.42E-01  0.000 0.0000 0.0000  0.000  0.000  0.0001          
 2.542348E+09  1.816  3.845  3.065  7.895  4.869  0.0000  1.0000 6.75E-07 1.52E-10 0.0000 0.7949  0.998 0.1121 0.4738 9.21E-01  0.000 0.0000 0.0000  0.000  0.000  0.0000          
 2.543242E+09  1.818  3.839  3.039  7.898  4.882  0.0000  1.0000 9.50E-07 2.32E-10 0.0000 0.7949  0.998 0.1177 0.4703 9.22E-01  0.000 0.0000 0.0000  0.000  0.000  0.0000          
 2.543799E+09  1.820  3.834  3.014  7.901  4.893  0.0000  1.0000 1.22E-06 3.12E-10 0.0000 0.7949  0.995 0.1204 0.4667 9.20E-01  0.000 0.0000 0.0000  0.000  0.000  0.0000          
 2.544279E+09  1.822  3.829  2.993  7.904  4.902  0.0000  1.0000 1.56E-06 4.20E-10 0.0000 0.7949  0.995 0.1232 0.4667 9.16E-01  0.000 0.0000 0.0000  0.000  0.000  0.0000          
 2.544780E+09  1.824  3.825  2.972  7.906  4.911  0.0000  1.0000 2.08E-06 5.92E-10 0.0000 0.7949  0.995 0.1260 0.4632 9.11E-01  0.000 0.0000 0.0000  0.000  0.000  0.0000          
 2.545473E+09  1.827  3.817  2.939  7.910  4.925  0.0000  1.0000 3.11E-06 9.94E-10 0.0000 0.7949  0.998 0.1320 0.4596 9.10E-01  0.000 0.0000 0.0000  0.000  0.000  0.0000          
 2.545980E+09  1.829  3.811  2.913  7.913  4.935  0.0000  1.0000 4.33E-06 1.52E-09 0.0000 0.7949  0.997 0.1351 0.4560 9.06E-01  0.000 0.0000 0.0000  0.000  0.000  0.0000          
 2.546466E+09  1.831  3.806  2.891  7.915  4.945  0.0000  1.0000 6.06E-06 2.37E-09 0.0000 0.7949  0.998 0.1381 0.4541 9.02E-01  0.000 0.0000 0.0000  0.000  0.000  0.0000          
 2.546962E+09  1.833  3.801  2.869  7.918  4.955  0.0000  1.0000 8.60E-06 3.81E-09 0.0000 0.7949  0.998 0.1408 0.4505 8.98E-01  0.000 0.0000 0.0000  0.000  0.000  0.0000          
 2.547448E+09  1.835  3.796  2.848  7.921  4.966  0.0000  1.0000 1.22E-05 6.19E-09 0.0000 0.7949  0.998 0.1435 0.4487 8.94E-01  0.000 0.0000 0.0000  0.000  0.000  0.0000          
 2.547923E+09  1.837  3.792  2.828  7.924  4.976  0.0000  1.0000 1.73E-05 1.01E-08 0.0000 0.7949  0.998 0.1489 0.4450 8.90E-01  0.000 0.0000 0.0000  0.000  0.000  0.0000          
 2.548702E+09  1.840  3.785  2.797  7.929  4.994  0.0000  1.0000 3.08E-05 2.31E-08 0.0000 0.7949  0.998 0.1521 0.4394 8.85E-01  0.000 0.0000 0.0000  0.000  0.000  0.0000          
 2.549459E+09  1.843  3.779  2.771  7.933  5.011  0.0000  0.9999 5.57E-05 5.39E-08 0.0000 0.7949  0.998 0.1585 0.4319 8.79E-01  0.000 0.0000 0.0000  0.000  0.000  0.0000          
 2.550207E+09  1.847  3.774  2.747  7.939  5.029  0.0000  0.9999 1.03E-04 1.29E-07 0.0000 0.7949  0.996 0.1644 0.4262 8.70E-01  0.000 0.0000 0.0034  0.000  0.000  0.0000          
 2.551024E+09  1.849  3.769  2.724  7.945  5.048  0.0000  0.9998 2.05E-04 3.50E-07 0.0000 0.7949  0.998 0.1696 0.4186 8.65E-01  0.000 0.0000 0.0087  0.000  0.000  0.0000          
 2.551874E+09  1.853  3.764  2.700  7.956  5.067  0.0000  0.9995 4.88E-04 1.16E-06 0.0000 0.7949  0.998 0.1764 0.4121 8.55E-01  0.001 0.0000 0.0178  0.000  0.000  0.0000          
 2.552729E+09  1.857  3.759  2.678  7.994  5.071  0.0000  0.9989 1.13E-03 2.75E-06 0.0104 0.7949  0.992 0.1826 0.4057 8.41E-01  0.009 0.0000 0.0255  0.000  0.000  0.0000          
 2.552952E+09  1.872  3.759  2.660  8.070  4.617  0.0000  0.9925 7.53E-03 6.33E-06 0.1469 0.7949  0.525 0.1845 0.4173 9.93E-01  0.943 0.0000 0.0316  0.000  0.000  0.0000  Blp     
 2.552991E+09  1.896  3.759  2.638  8.066  4.563  0.0000  0.9913 8.73E-03 9.37E-06 0.1462 0.7949  0.512 0.1845 0.4243 9.96E-01  0.497 0.0000 0.0316  0.000  0.000  0.0000          
 2.553038E+09  1.922  3.761  2.622  8.063  4.526  0.0000  0.9904 9.63E-03 1.26E-05 0.1408 0.7949  0.516 0.1845 0.4356 9.97E-01  0.306 0.0000 0.0316  0.000  0.000  0.0000          
 2.553082E+09  1.935  3.766  2.627  8.061  4.505  0.0000  0.9897 1.03E-02 1.55E-05 0.1336 0.7949  0.533 0.1845 0.4468 9.97E-01  0.227 0.0000 0.0316  0.000  0.000  0.0000          
 2.553113E+09  1.939  3.771  2.642  8.059  4.494  0.0000  0.9894 1.06E-02 1.74E-05 0.1270 0.7949  0.549 0.1845 0.4560 9.98E-01  0.189 0.0000 0.0316  0.000  0.000  0.0000          
 2.553144E+09  1.940  3.777  2.665  8.058  4.485  0.0000  0.9890 1.10E-02 1.94E-05 0.1210 0.7949  0.566 0.1845 0.4632 9.98E-01  0.162 0.0000 0.0316  0.000  0.000  0.0000          
 2.553181E+09  1.938  3.786  2.704  8.056  4.478  0.0000  0.9887 1.13E-02 2.17E-05 0.1136 0.7949  0.591 0.1845 0.4738 9.98E-01  0.139 0.0000 0.0316  0.000  0.000  0.0000          
 2.553218E+09  1.933  3.799  2.762  8.055  4.472  0.0000  0.9884 1.16E-02 2.40E-05 0.1071 0.7949  0.615 0.1845 0.4825 9.98E-01  0.122 0.0000 0.0316  0.000  0.000  0.0000          
 2.553255E+09  1.926  3.815  2.832  8.054  4.468  0.0000  0.9881 1.19E-02 2.64E-05 0.1008 0.7949  0.641 0.1845 0.4910 9.98E-01  0.110 0.0000 0.0316  0.000  0.000  0.0000          
 2.553321E+09  1.913  3.841  2.951  8.052  4.464  0.0000  0.9876 1.24E-02 3.07E-05 0.0912 0.7949  0.689 0.1845 0.5044 9.98E-01  0.096 0.0000 0.0316  0.000  0.000  0.0000          
 2.553407E+09  1.895  3.866  3.068  8.050  4.463  0.0000  0.9869 1.30E-02 3.66E-05 0.0831 0.7949  0.739 0.1845 0.5174 9.98E-01  0.085 0.0000 0.0316  0.000  0.000  0.0000          
 2.553537E+09  1.875  3.889  3.182  8.049  4.465  0.0000  0.9861 1.39E-02 4.60E-05 0.0758 0.7949  0.796 0.1845 0.5301 9.98E-01  0.079 0.0000 0.0316  0.000  0.000  0.0000          
 2.553667E+09  1.860  3.903  3.252  8.048  4.468  0.0000  0.9853 1.47E-02 5.62E-05 0.0722 0.7949  0.835 0.1845 0.5354 9.98E-01  0.078 0.0000 0.0316  0.000  0.000  0.0000          
 2.553859E+09  1.848  3.913  3.305  8.048  4.472  0.0000  0.9840 1.59E-02 7.27E-05 0.0712 0.7949  0.872 0.1845 0.5418 9.97E-01  0.081 0.0000 0.0316  0.000  0.000  0.0000          
 2.554108E+09  1.841  3.919  3.333  8.049  4.474  0.0000  0.9824 1.75E-02 9.66E-05 0.0722 0.7949  0.891 0.1845 0.5439 9.97E-01  0.087 0.0000 0.0316  0.000  0.000  0.0000          
 2.555088E+09  1.837  3.922  3.351  8.050  4.471  0.0000  0.9756 2.42E-02 2.15E-04 0.0744 0.7949  0.904 0.1845 0.5481 9.97E-01  0.095 0.0000 0.0316  0.000  0.000  0.0000  Helmin  
 2.560104E+09  1.845  3.928  3.365  8.054  4.440  0.0000  0.9507 4.83E-02 9.84E-04 0.1032 0.7949  0.891 0.1845 0.5584 9.98E-01  0.108 0.0000 0.0369  0.000  0.000  0.0000          
 2.562996E+09  1.849  3.933  3.382  8.056  4.424  0.0000  0.9351 6.32E-02 1.71E-03 0.1082 0.7949  0.884 0.1845 0.5624 9.98E-01  0.116 0.0000 0.0369  0.000  0.000  0.0000          
 2.565721E+09  1.854  3.938  3.396  8.058  4.412  0.0000  0.9188 7.86E-02 2.63E-03 0.1093 0.7949  0.875 0.1845 0.5704 9.98E-01  0.125 0.0000 0.0369  0.000  0.000  0.0000          
 2.569065E+09  1.859  3.943  3.411  8.061  4.396  0.0000  0.9000 9.60E-02 3.99E-03 0.1151 0.7949  0.865 0.1866 0.5782 9.98E-01  0.135 0.0000 0.0369  0.000  0.000  0.0000          
 2.572355E+09  1.863  3.948  3.426  8.063  4.381  0.0000  0.8793 1.15E-01 5.72E-03 0.1175 0.7949  0.854 0.1866 0.5860 9.98E-01  0.146 0.0000 0.0397  0.000  0.000  0.0000          
 2.576230E+09  1.869  3.953  3.441  8.066  4.364  0.0000  0.8569 1.35E-01 8.06E-03 0.1241 0.7949  0.842 0.1866 0.5935 9.98E-01  0.158 0.0000 0.0397  0.000  0.000  0.0000          
 2.579695E+09  1.873  3.958  3.456  8.069  4.350  0.0000  0.8334 1.56E-01 1.08E-02 0.1273 0.7949  0.829 0.1866 0.6009 9.98E-01  0.172 0.0000 0.0452  0.000  0.000  0.0000          
 2.584016E+09  1.879  3.962  3.470  8.072  4.332  0.0000  0.8059 1.80E-01 1.45E-02 0.1326 0.7949  0.812 0.1886 0.6118 9.98E-01  0.188 0.0000 0.0452  0.000  0.000  0.0000          
 2.587827E+09  1.884  3.967  3.483  8.075  4.317  0.0000  0.7801 2.01E-01 1.85E-02 0.1390 0.7949  0.798 0.1886 0.6189 9.98E-01  0.203 0.0000 0.0452  0.000  0.000  0.0000          
 2.592117E+09  1.889  3.971  3.495  8.078  4.301  0.0000  0.7499 2.26E-01 2.38E-02 0.1443 0.7949  0.780 0.1886 0.6259 9.98E-01  0.222 0.0000 0.0452  0.000  0.000  0.0000          
 2.596805E+09  1.894  3.976  3.508  8.082  4.284  0.0000  0.7161 2.53E-01 3.05E-02 0.1508 0.7949  0.758 0.1886 0.6361 9.99E-01  0.243 0.0000 0.0504  0.000  0.000  0.0000          
 2.602257E+09  1.901  3.981  3.520  8.086  4.265  0.0000  0.6761 2.84E-01 3.96E-02 0.1587 0.7949  0.733 0.1910 0.6427 9.99E-01  0.269 0.0000 0.0504  0.000  0.000  0.0000          
 2.608331E+09  1.907  3.985  3.530  8.091  4.245  0.0000  0.6296 3.19E-01 5.18E-02 0.1680 0.7949  0.703 0.1910 0.6493 9.99E-01  0.299 0.0000 0.0557  0.000  0.000  0.0000          
 2.616106E+09  1.915  3.989  3.538  8.097  4.220  0.0000  0.5697 3.60E-01 7.04E-02 0.1768 0.7949  0.663 0.1910 0.6566 9.99E-01  0.340 0.0000 0.0557  0.000  0.000  0.0000          
 2.624912E+09  1.925  3.992  3.540  8.105  4.197  0.0000  0.4969 4.06E-01 9.75E-02 0.1872 0.7949  0.613 0.1950 0.6566 9.99E-01  0.390 0.0000 0.0628  0.000  0.000  0.0000  Lpt     
 2.634378E+09  1.934  3.988  3.515  8.118  4.191  0.0000  0.3824 4.73E-01 1.45E-01 0.1950 0.7949  0.535 0.1950 0.6361 9.99E-01  0.469 0.0000 0.0700  0.000  0.000  0.0000          
 2.638877E+09  1.940  3.983  3.492  8.126  4.194  0.0000  0.3193 5.03E-01 1.77E-01 0.1950 0.7949  0.496 0.1950 0.6327 9.99E-01  0.508 0.0000 0.0700  0.000  0.001  0.0000          
 2.642198E+09  1.944  3.979  3.470  8.132  4.199  0.0000  0.2715 5.22E-01 2.07E-01 0.1955 0.7949  0.468 0.1956 0.6293 9.99E-01  0.537 0.0000 0.0700  0.000  0.001  0.0000          
 2.644902E+09  1.948  3.974  3.448  8.138  4.205  0.0000  0.2322 5.33E-01 2.35E-01 0.1959 0.7949  0.446 0.1960 0.6224 9.98E-01  0.559 0.0000 0.0773  0.000  0.001  0.0000          
 2.647232E+09  1.952  3.970  3.426  8.144  4.213  0.0000  0.1992 5.39E-01 2.62E-01 0.1965 0.7949  0.428 0.1966 0.6189 9.98E-01  0.577 0.0000 0.0773  0.000  0.001  0.0000          
 2.649294E+09  1.956  3.965  3.405  8.150  4.223  0.0000  0.1694 5.41E-01 2.90E-01 0.1969 0.7949  0.414 0.1969 0.6189 9.98E-01  0.590 0.0000 0.0773  0.000  0.001  0.0000          
 2.651147E+09  1.960  3.961  3.382  8.156  4.234  0.0000  0.1422 5.39E-01 3.19E-01 0.1969 0.7949  0.403 0.1969 0.6154 9.98E-01  0.601 0.0000 0.0773  0.000  0.001  0.0000          
 2.652853E+09  1.964  3.956  3.359  8.162  4.247  0.0000  0.1190 5.34E-01 3.47E-01 0.1973 0.7949  0.394 0.1973 0.6118 9.98E-01  0.609 0.0000 0.0847  0.000  0.001  0.0000          
 2.654344E+09  1.968  3.952  3.338  8.168  4.261  0.0000  0.0989 5.26E-01 3.75E-01 0.1975 0.7949  0.389 0.1975 0.6082 9.98E-01  0.614 0.0000 0.0847  0.000  0.001  0.0000          
 2.655624E+09  1.972  3.947  3.316  8.173  4.274  0.0000  0.0834 5.17E-01 4.00E-01 0.1980 0.7949  0.386 0.1980 0.6046 9.97E-01  0.617 0.0000 0.0847  0.000  0.001  0.0000          
 2.657083E+09  1.976  3.942  3.292  8.180  4.291  0.0000  0.0663 5.03E-01 4.31E-01 0.1984 0.7949  0.384 0.1984 0.6046 9.96E-01  0.618 0.0000 0.0847  0.000  0.002  0.0000          
 2.658391E+09  1.981  3.938  3.269  8.186  4.308  0.0000  0.0520 4.87E-01 4.61E-01 0.1988 0.7949  0.385 0.1988 0.6009 9.92E-01  0.617 0.0000 0.0847  0.000  0.002  0.0000          
 2.659467E+09  1.985  3.933  3.247  8.193  4.326  0.0000  0.0413 4.72E-01 4.87E-01 0.1992 0.7949  0.390 0.1992 0.6009 9.89E-01  0.609 0.0000 0.0924  0.000  0.002  0.0000          
 2.660543E+09  1.990  3.929  3.224  8.199  4.344  0.0000  0.0322 4.54E-01 5.14E-01 0.2001 0.7949  0.397 0.2001 0.5972 9.82E-01  0.602 0.0000 0.0924  0.000  0.002  0.0000          
 2.661592E+09  1.994  3.924  3.202  8.205  4.361  0.0000  0.0256 4.35E-01 5.39E-01 0.2016 0.7949  0.404 0.2016 0.5972 9.73E-01  0.596 0.0000 0.0924  0.000  0.003  0.0000          
 2.662645E+09  1.999  3.920  3.179  8.211  4.376  0.0000  0.0206 4.15E-01 5.64E-01 0.2037 0.7949  0.413 0.2037 0.5935 9.60E-01  0.591 0.0000 0.0924  0.000  0.003  0.0000          
 2.663710E+09  2.003  3.915  3.157  8.216  4.387  0.0000  0.0172 3.95E-01 5.87E-01 0.2064 0.7949  0.416 0.2067 0.5935 9.59E-01  0.587 0.0000 0.0924  0.000  0.003  0.0000          
 2.665055E+09  2.007  3.911  3.135  8.221  4.397  0.0000  0.0146 3.70E-01 6.15E-01 0.2105 0.7949  0.418 0.2108 0.5897 9.58E-01  0.584 0.0000 0.0924  0.000  0.004  0.0000          
 2.666241E+09  2.011  3.906  3.112  8.226  4.409  0.0000  0.0122 3.49E-01 6.39E-01 0.2143 0.7949  0.421 0.2143 0.5897 9.57E-01  0.580 0.0000 0.1000  0.000  0.004  0.0000          
 2.667224E+09  2.016  3.902  3.090  8.232  4.420  0.0000  0.0103 3.31E-01 6.59E-01 0.2176 0.7949  0.427 0.2176 0.5860 9.51E-01  0.581 0.0000 0.1000  0.000  0.004  0.0000          
 2.668168E+09  2.020  3.897  3.069  8.236  4.430  0.0000  0.0087 3.15E-01 6.77E-01 0.2209 0.7949  0.432 0.2209 0.5860 9.48E-01  0.576 0.0000 0.1000  0.000  0.005  0.0000          
 2.668850E+09  2.023  3.893  3.045  8.242  4.446  0.0000  0.0069 3.03E-01 6.91E-01 0.2228 0.7949  0.443 0.2230 0.5860 9.48E-01  0.557 0.0000 0.1000  0.000  0.005  0.0000          
 2.669947E+09  2.028  3.888  3.021  8.247  4.457  0.0000  0.0058 2.85E-01 7.10E-01 0.2271 0.7949  0.449 0.2273 0.5821 9.43E-01  0.555 0.0000 0.1000  0.000  0.006  0.0000          
 2.670990E+09  2.033  3.883  2.999  8.251  4.466  0.0000  0.0050 2.68E-01 7.27E-01 0.2311 0.7949  0.453 0.2314 0.5802 9.43E-01  0.552 0.0000 0.1000  0.000  0.006  0.0000          
 2.671617E+09  2.036  3.879  2.978  8.255  4.476  0.0000  0.0043 2.59E-01 7.37E-01 0.2337 0.7949  0.459 0.2338 0.5802 9.36E-01  0.555 0.0000 0.1000  0.000  0.007  0.0000          
 2.672602E+09  2.040  3.874  2.954  8.261  4.490  0.0000  0.0034 2.43E-01 7.53E-01 0.2372 0.7949  0.468 0.2372 0.5782 9.43E-01  0.532 0.0000 0.1078  0.000  0.007  0.0000          
 2.673685E+09  2.045  3.869  2.931  8.265  4.499  0.0000  0.0030 2.27E-01 7.70E-01 0.2412 0.7949  0.471 0.2412 0.5763 9.43E-01  0.532 0.0000 0.1078  0.000  0.008  0.0000          
 2.675071E+09  2.050  3.865  2.908  8.270  4.506  0.0000  0.0027 2.07E-01 7.90E-01 0.2459 0.7949  0.473 0.2459 0.5763 9.41E-01  0.536 0.0000 0.1078  0.000  0.008  0.0000          
 2.676657E+09  2.054  3.860  2.883  8.277  4.521  0.0000  0.0021 1.84E-01 8.14E-01 0.2506 0.7949  0.489 0.2506 0.5763 9.45E-01  0.483 0.0000 0.1078  0.000  0.009  0.0000          
 2.677360E+09  2.058  3.855  2.861  8.281  4.533  0.0000  0.0020 1.73E-01 8.25E-01 0.2529 0.7949  0.488 0.2529 0.5743 9.41E-01  0.535 0.0000 0.1100  0.000  0.010  0.0000          
 2.677802E+09  2.059  3.850  2.840  8.289  4.572  0.0000  0.0008 1.65E-01 8.34E-01 0.0888 0.7949  0.534 0.2542 0.5724 9.22E-01  0.294 0.0000 0.1153  0.000  0.012  0.0000          
 2.677862E+09  2.057  3.845  2.821  8.294  4.626  0.0000  0.0002 1.64E-01 8.36E-01 0.0468 0.7949  0.590 0.2545 0.5644 8.79E-01  0.131 0.0000 0.1504  0.000  0.013  0.0000          
 2.677895E+09  2.055  3.840  2.805  8.289  4.674  0.0000  0.0000 1.63E-01 8.37E-01 0.0000 0.7949  0.674 0.2547 0.5460 7.89E-01  0.035 0.0082 0.1697  0.000  0.014  0.0000          
 2.677921E+09  2.054  3.836  2.788  8.283  4.713  0.0000  0.0000 1.63E-01 8.37E-01 0.0000 0.7949  0.843 0.2553 0.5270 6.34E-01  0.025 0.0186 0.1735  0.000  0.014  0.0000          
 2.677943E+09  2.053  3.831  2.770  8.276  4.736  0.0000  0.0000 1.63E-01 8.37E-01 0.0000 0.7949  1.389 0.2560 0.5027 3.64E-01  0.019 0.0254 0.1735  0.000  0.013  0.0000          
 2.677968E+09  2.053  3.826  2.752  8.239  4.704  0.0000  0.0000 1.63E-01 8.37E-01 0.0000 0.7949  5.107 0.2596 0.4394 5.75E-02  0.003 0.0273 0.1251  0.000  0.007  0.0000          
 2.677974E+09  2.054  3.826  2.749  8.228  4.692  0.0000  0.0000 1.63E-01 8.37E-01 0.0000 0.7949  3.320 0.2607 0.4541 6.78E-02  0.002 0.0273 0.1117  0.000  0.006  0.0000  Yc=0    
 2.677995E+09  2.047  3.832  2.778  8.228  4.709  0.0000  0.0000 1.63E-01 8.37E-01 0.0000 0.7949  1.036 0.2666 0.4720 1.62E-01  0.002 0.0295 0.1153  0.000  0.006  0.0000          
 2.678006E+09  2.021  3.834  2.815  8.231  4.724  0.0000  0.0000 1.63E-01 8.37E-01 0.0000 0.7949  0.934 0.2678 0.4720 1.75E-01  0.002 0.0295 0.1197  0.000  0.007  0.0000          
 2.678015E+09  1.991  3.833  2.841  8.234  4.736  0.0000  0.0000 1.63E-01 8.37E-01 0.0000 0.7949  0.938 0.2687 0.4703 1.84E-01  0.003 0.0295 0.1251  0.000  0.008  0.0000          
 2.678023E+09  1.960  3.829  2.855  8.236  4.746  0.0000  0.0000 1.63E-01 8.37E-01 0.0000 0.7949  0.979 0.2692 0.4685 1.89E-01  0.004 0.0295 0.1286  0.000  0.009  0.0000          
 2.678030E+09  1.929  3.822  2.857  8.239  4.756  0.0000  0.0000 1.63E-01 8.37E-01 0.0000 0.7949  1.041 0.2697 0.4649 1.90E-01  0.004 0.0295 0.1325  0.000  0.010  0.0000          
 2.678038E+09  1.901  3.811  2.843  8.241  4.766  0.0000  0.0000 1.63E-01 8.37E-01 0.0000 0.7949  1.109 0.2702 0.4632 1.90E-01  0.005 0.0295 0.1463  0.000  0.011  0.0000          
 2.678046E+09  1.878  3.800  2.820  8.243  4.776  0.0000  0.0000 1.63E-01 8.37E-01 0.0000 0.7949  1.176 0.2707 0.4596 1.90E-01  0.007 0.0295 0.1504  0.000  0.012  0.0000          
 2.678055E+09  1.864  3.788  2.786  8.245  4.786  0.0000  0.0000 1.63E-01 8.37E-01 0.0000 0.7949  1.230 0.2711 0.4578 1.90E-01  0.008 0.0316 0.1542  0.000  0.013  0.0000          
 2.678061E+09  1.860  3.782  2.768  8.246  4.793  0.0000  0.0000 1.63E-01 8.37E-01 0.0000 0.7949  1.254 0.2714 0.4560 1.89E-01  0.008 0.0316 0.1542  0.000  0.013  0.0000  Lmin    
 2.678070E+09  1.864  3.775  2.732  8.248  4.803  0.0000  0.0000 1.63E-01 8.37E-01 0.0000 0.7949  1.261 0.2719 0.4541 1.88E-01  0.009 0.0316 0.1580  0.000  0.013  0.0000          
 2.678081E+09  1.878  3.767  2.690  8.250  4.814  0.0000  0.0000 1.63E-01 8.37E-01 0.0000 0.7949  1.248 0.2719 0.4523 1.86E-01  0.010 0.0316 0.1619  0.000  0.014  0.0000          
 2.678094E+09  1.903  3.760  2.635  8.252  4.827  0.0000  0.0000 1.63E-01 8.37E-01 0.0000 0.7949  1.206 0.2720 0.4505 1.85E-01  0.012 0.0316 0.1659  0.000  0.013  0.0000          
 2.678110E+09  1.937  3.753  2.575  8.255  4.842  0.0000  0.0000 1.63E-01 8.37E-01 0.0000 0.7949  1.150 0.2721 0.4487 1.82E-01  0.013 0.0316 0.1659  0.000  0.013  0.0000          
 2.678128E+09  1.971  3.747  2.517  8.257  4.858  0.0000  0.0000 1.63E-01 8.37E-01 0.0000 0.7949  1.103 0.2726 0.4468 1.76E-01  0.013 0.0316 0.1697  0.000  0.013  0.0000          
 2.678147E+09  2.003  3.743  2.467  8.259  4.875  0.0000  0.0000 1.63E-01 8.37E-01 0.0000 0.7949  1.071 0.2731 0.4444 1.68E-01  0.014 0.0353 0.1735  0.000  0.012  0.0000          
 2.678159E+09  2.021  3.741  2.440  8.260  4.884  0.0000  0.0000 1.63E-01 8.37E-01 0.0000 0.7949  1.069 0.2733 0.4434 1.60E-01  0.014 0.0353 0.1735  0.000  0.012  0.0000          
 2.678181E+09  2.046  3.738  2.405  8.261  4.900  0.0000  0.0000 1.63E-01 8.37E-01 0.0000 0.7949  1.072 0.2736 0.4403 1.47E-01  0.014 0.0353 0.1773  0.000  0.012  0.0000          
 2.678213E+09  2.074  3.735  2.364  8.262  4.921  0.0000  0.0000 1.63E-01 8.37E-01 0.0000 0.7949  1.075 0.2747 0.4366 1.28E-01  0.014 0.0390 0.1773  0.000  0.011  0.0000          
 2.678244E+09  2.096  3.733  2.333  8.263  4.940  0.0000  0.0000 1.63E-01 8.37E-01 0.0000 0.7949  1.104 0.2753 0.4328 1.11E-01  0.014 0.0424 0.1810  0.000  0.011  0.0000          
 2.678283E+09  2.119  3.730  2.300  8.264  4.963  0.0000  0.0000 1.63E-01 8.37E-01 0.0000 0.7886  1.039 0.2759 0.4278 1.03E-01  0.013 0.0468 0.1810  0.000  0.011  0.0000          
 2.678327E+09  2.152  3.727  2.256  8.267  4.991  0.0000  0.0000 1.63E-01 8.37E-01 0.0000 0.7843  0.912 0.2774 0.4257 1.08E-01  0.015 0.0468 0.1882  0.000  0.011  0.0000          
 2.678350E+09  2.172  3.726  2.232  8.269  5.006  0.0000  0.0000 1.63E-01 8.37E-01 0.0000 0.7639  0.868 0.2784 0.4250 1.11E-01  0.016 0.0468 0.1918  0.000  0.011  0.0000          
 2.678373E+09  2.191  3.725  2.208  8.272  5.021  0.0000  0.0000 1.63E-01 8.37E-01 0.0000 0.7430  0.842 0.2799 0.4243 1.12E-01  0.018 0.0534 0.2003  0.000  0.011  0.0000          
 2.678415E+09  2.214  3.723  2.178  8.274  5.046  0.0000  0.0000 1.63E-01 8.37E-01 0.0000 0.7135  0.851 0.2829 0.4228 1.06E-01  0.019 0.0550 0.2064  0.000  0.011  0.0000          
 2.678471E+09  2.233  3.723  2.156  8.278  5.079  0.0000  0.0000 1.63E-01 8.37E-01 0.0000 0.6940  0.825 0.2872 0.4212 1.10E-01  0.022 0.0615 0.2095  0.000  0.011  0.0000          
 2.678533E+09  2.251  3.722  2.135  8.284  5.115  0.0000  0.0000 1.63E-01 8.37E-01 0.0000 0.6787  0.785 0.2918 0.4206 1.24E-01  0.027 0.0661 0.2180  0.000  0.012  0.0000          
 2.678628E+09  2.269  3.720  2.110  8.291  5.167  0.0000  0.0000 1.63E-01 8.37E-01 0.0000 0.6648  0.762 0.2997 0.4206 1.48E-01  0.036 0.0793 0.2635  0.000  0.014  0.0000          
 2.678819E+09  2.288  3.719  2.088  8.298  5.254  0.0000  0.0000 1.63E-01 8.37E-01 0.0000 0.6493  0.929 0.3136 0.4108 1.21E-01  0.037 0.1021 0.2723  0.000  0.017  0.0000          
 2.678842E+09  2.310  3.718  2.063  8.299  5.265  0.0000  0.0000 1.63E-01 8.37E-01 0.0000 0.6344  0.852 0.3147 0.4115 1.29E-01  0.037 0.1043 0.2756  0.000  0.017  0.0000          
 2.678893E+09  2.334  3.717  2.035  8.302  5.288  0.0000  0.0000 1.63E-01 8.37E-01 0.0000 0.6118  0.832 0.3172 0.4115 1.33E-01  0.039 0.1081 0.2802  0.000  0.017  0.0000          
 2.678986E+09  2.354  3.717  2.011  8.304  5.324  0.0000  0.0000 1.63E-01 8.37E-01 0.0000 0.6006  0.877 0.3212 0.4077 1.17E-01  0.038 0.1197 0.2832  0.000  0.018  0.0000          
 2.679048E+09  2.372  3.716  1.988  8.305  5.349  0.0000  0.0000 1.63E-01 8.37E-01 0.0000 0.5879  0.864 0.3238 0.4066 1.17E-01  0.040 0.1251 0.2886  0.000  0.018  0.0000          
 2.679126E+09  2.391  3.715  1.966  8.307  5.379  0.0000  0.0000 1.63E-01 8.37E-01 0.0000 0.5782  0.872 0.3270 0.4050 1.10E-01  0.044 0.1325 0.2913  0.000  0.019  0.0000          
 2.679216E+09  2.412  3.714  1.942  8.308  5.412  0.0000  0.0000 1.63E-01 8.37E-01 0.0000 0.5664  0.842 0.3306 0.4045 1.15E-01  0.065 0.1401 0.2941  0.000  0.019  0.0000          
 2.679287E+09  2.419  3.713  1.934  8.294  5.412  0.0000  0.0000 1.63E-01 8.37E-01 0.0000 0.5644  0.328 0.3331 0.4128 2.45E-01 20.340 0.1422 0.2802  0.000  0.016  0.0000  1tp
