#age/yr        logL   logTef lgrav  logTc  logrho Xc      Yc     Xc_C     Xc_O     Q_conv Q_disc  L_H/L Q1_H   Q2_H   f_pp      L_He/L Q1_He  Q2_He  L_C/L  L_nu/L Q_Tmax  stage
 0.000000E+00  3.154  4.497  4.996  7.718  2.075  0.7682  0.2318 0.00E+00 0.00E+00 0.2610 0.2437  0.922 0.0000 0.8360 1.00E+00  0.000 0.0000 0.0000  0.000  0.000  0.0000  ZAMS                
 3.306386E+06  3.152  4.499  5.007  7.733  2.097  0.7348  0.2652 0.00E+00 0.00E+00 0.2933 0.6737  1.001 0.0000 0.8147 1.00E+00  0.000 0.0000 0.0000  0.000  0.000  0.0000          
 5.807288E+06  3.167  4.502  5.004  7.742  2.116  0.7130  0.2870 0.00E+00 0.00E+00 0.2915 0.7137  1.001 0.0000 0.8147 1.00E+00  0.000 0.0000 0.0000  0.000  0.000  0.0000          
 8.029701E+06  3.182  4.505  5.001  7.751  2.136  0.6928  0.3072 0.00E+00 0.00E+00 0.2783 0.7354  1.001 0.0000 0.8147 1.00E+00  0.000 0.0000 0.0000  0.000  0.000  0.0000          
 1.020271E+07  3.196  4.508  4.998  7.760  2.156  0.6719  0.3281 0.00E+00 0.00E+00 0.2719 0.7554  1.001 0.0000 0.8192 1.00E+00  0.000 0.0000 0.0000  0.000  0.000  0.0000          
 1.236846E+07  3.211  4.511  4.996  7.769  2.177  0.6504  0.3496 0.00E+00 0.00E+00 0.2674 0.7679  1.001 0.0000 0.8192 1.00E+00  0.000 0.0000 0.0000  0.000  0.000  0.0000          
 1.423110E+07  3.225  4.514  4.993  7.778  2.198  0.6308  0.3692 0.00E+00 0.00E+00 0.2528 0.7797  1.001 0.0000 0.8192 1.00E+00  0.000 0.0000 0.0000  0.000  0.000  0.0000          
 1.630314E+07  3.241  4.517  4.989  7.788  2.221  0.6080  0.3920 0.00E+00 0.00E+00 0.2500 0.7906  1.001 0.0000 0.8192 1.00E+00  0.000 0.0000 0.0000  0.000  0.000  0.0000          
 1.808803E+07  3.256  4.520  4.985  7.797  2.245  0.5875  0.4125 0.00E+00 0.00E+00 0.2323 0.7957  1.001 0.0000 0.8235 1.00E+00  0.000 0.0000 0.0000  0.000  0.000  0.0000          
 1.980795E+07  3.270  4.522  4.982  7.807  2.267  0.5665  0.4335 0.00E+00 0.00E+00 0.2293 0.8006  1.001 0.0000 0.8235 1.00E+00  0.000 0.0000 0.0000  0.000  0.000  0.0000          
 2.148763E+07  3.286  4.525  4.978  7.817  2.294  0.5450  0.4550 0.00E+00 0.00E+00 0.2110 0.8101  1.001 0.0000 0.8235 1.00E+00  0.000 0.0000 0.0000  0.000  0.000  0.0000          
 2.310370E+07  3.301  4.528  4.975  7.827  2.320  0.5232  0.4768 5.39E-21 2.13E-21 0.2030 0.8147  1.001 0.0000 0.8278 1.00E+00  0.000 0.0000 0.0000  0.000  0.000  0.0000          
 2.448607E+07  3.316  4.531  4.972  7.837  2.348  0.5031  0.4969 3.95E-20 1.48E-20 0.1895 0.8192  1.001 0.0000 0.8278 1.00E+00  0.000 0.0000 0.0000  0.000  0.000  0.0000          
 2.579250E+07  3.331  4.534  4.967  7.847  2.376  0.4830  0.5170 2.22E-19 7.89E-20 0.1689 0.8192  1.001 0.0000 0.8320 1.00E+00  0.000 0.0000 0.0000  0.000  0.000  0.0000          
 2.711348E+07  3.346  4.536  4.963  7.857  2.405  0.4615  0.5385 1.26E-18 4.23E-19 0.1607 0.8235  1.001 0.0000 0.8320 1.00E+00  0.000 0.0000 0.0000  0.000  0.000  0.0000          
 2.833065E+07  3.361  4.539  4.958  7.867  2.436  0.4406  0.5594 6.65E-18 2.11E-18 0.1448 0.8278  1.001 0.0000 0.8320 1.00E+00  0.000 0.0000 0.0000  0.000  0.000  0.0000          
 2.954271E+07  3.376  4.542  4.953  7.878  2.469  0.4184  0.5816 3.85E-17 1.15E-17 0.1336 0.8320  1.001 0.0000 0.8360 1.00E+00  0.000 0.0000 0.0000  0.000  0.000  0.0000          
 3.069211E+07  3.392  4.544  4.947  7.889  2.505  0.3962  0.6038 2.22E-16 6.29E-17 0.1195 0.8320  1.001 0.0000 0.8360 1.00E+00  0.000 0.0000 0.0000  0.000  0.000  0.0000          
 3.178407E+07  3.408  4.546  4.941  7.901  2.544  0.3737  0.6263 1.29E-15 3.43E-16 0.1030 0.8360  1.001 0.0000 0.8400 1.00E+00  0.000 0.0000 0.0000  0.000  0.000  0.0000          
 3.282218E+07  3.423  4.549  4.935  7.912  2.583  0.3511  0.6489 7.48E-15 1.87E-15 0.0926 0.8400  1.001 0.0000 0.8400 1.00E+00  0.000 0.0000 0.0000  0.000  0.000  0.0000          
 3.381246E+07  3.439  4.551  4.928  7.924  2.625  0.3283  0.6717 4.33E-14 1.02E-14 0.0801 0.8400  1.001 0.0000 0.8439 9.99E-01  0.000 0.0000 0.0000  0.000  0.000  0.0000          
 3.482311E+07  3.455  4.553  4.921  7.936  2.668  0.3038  0.6962 2.72E-13 5.99E-14 0.0715 0.8439  1.002 0.0000 0.8439 9.89E-01  0.000 0.0000 0.0000  0.000  0.000  0.0000          
 3.561524E+07  3.465  4.554  4.914  7.945  2.687  0.2845  0.7155 9.82E-13 2.09E-13 0.0795 0.8439  1.004 0.0000 0.8360 9.54E-01  0.000 0.0000 0.0000  0.000  0.000  0.0000  Tmax    
 3.729923E+07  3.474  4.550  4.888  7.954  2.666  0.2509  0.7491 4.46E-12 9.28E-13 0.1179 0.8476  1.007 0.0000 0.8054 7.71E-01  0.000 0.0000 0.0000  0.000  0.000  0.0000          
 3.840370E+07  3.479  4.545  4.863  7.957  2.649  0.2282  0.7718 7.53E-12 1.56E-12 0.1316 0.8476  1.008 0.0000 0.7854 6.43E-01  0.000 0.0000 0.0000  0.000  0.000  0.0000          
 3.935663E+07  3.485  4.540  4.839  7.958  2.638  0.2069  0.7931 1.07E-11 2.21E-12 0.1408 0.8513  1.008 0.0000 0.7679 5.41E-01  0.000 0.0000 0.0000  0.000  0.000  0.0000          
 4.029953E+07  3.492  4.536  4.813  7.960  2.629  0.1862  0.8138 1.42E-11 2.92E-12 0.1459 0.8513  1.008 0.0000 0.7489 4.54E-01  0.000 0.0000 0.0000  0.000  0.000  0.0000          
 4.108479E+07  3.499  4.531  4.788  7.962  2.625  0.1647  0.8353 1.83E-11 3.73E-12 0.1450 0.8513  1.008 0.0000 0.7283 3.82E-01  0.000 0.0000 0.0000  0.000  0.000  0.0000          
 4.180836E+07  3.504  4.526  4.764  7.963  2.622  0.1436  0.8564 2.29E-11 4.66E-12 0.1459 0.8513  1.008 0.0000 0.7137 3.24E-01  0.000 0.0000 0.0000  0.000  0.000  0.0000          
 4.247902E+07  3.510  4.522  4.740  7.965  2.620  0.1234  0.8766 2.85E-11 5.73E-12 0.1459 0.8513  1.008 0.0000 0.6983 2.76E-01  0.000 0.0000 0.0000  0.000  0.000  0.0000          
 4.308420E+07  3.516  4.517  4.716  7.967  2.621  0.1045  0.8955 3.50E-11 6.98E-12 0.1442 0.8513  1.009 0.0000 0.6821 2.36E-01  0.000 0.0000 0.0000  0.000  0.000  0.0000          
 4.373157E+07  3.522  4.512  4.690  7.970  2.625  0.0831  0.9169 4.46E-11 8.79E-12 0.1408 0.8513  1.008 0.0000 0.6611 2.00E-01  0.000 0.0000 0.0000  0.000  0.000  0.0000          
 4.429809E+07  3.529  4.508  4.666  7.974  2.631  0.0635  0.9365 5.75E-11 1.12E-11 0.1385 0.8513  1.008 0.0000 0.6413 1.72E-01  0.000 0.0000 0.0000  0.000  0.000  0.0000          
 4.488713E+07  3.536  4.504  4.642  7.979  2.644  0.0420  0.9580 8.09E-11 1.53E-11 0.1339 0.8513  1.007 0.0000 0.6274 1.49E-01  0.000 0.0000 0.0000  0.000  0.000  0.0000          
 4.552903E+07  3.546  4.500  4.618  7.991  2.680  0.0168  0.9832 1.55E-10 2.78E-11 0.1263 0.8513  1.002 0.0000 0.6131 1.37E-01  0.000 0.0000 0.0000  0.000  0.000  0.0000  Tmin    
 4.583123E+07  3.558  4.504  4.622  8.008  2.740  0.0043  0.9957 3.56E-10 5.92E-11 0.1202 0.8513  0.974 0.0000 0.6203 1.54E-01  0.000 0.0000 0.0000  0.000  0.000  0.0000          
 4.589921E+07  3.567  4.508  4.629  8.021  2.792  0.0015  0.9985 6.42E-10 1.01E-10 0.1124 0.8513  0.916 0.0000 0.6413 1.83E-01  0.000 0.0000 0.0000  0.000  0.000  0.0000          
 4.592644E+07  3.577  4.512  4.635  8.035  2.854  0.0004  0.9996 1.20E-09 1.77E-10 0.0994 0.8513  0.786 0.0000 0.6674 2.39E-01  0.000 0.0000 0.0000  0.000  0.000  0.0000          
 4.593889E+07  3.587  4.516  4.640  8.049  2.938  0.0000  1.0000 2.77E-09 3.78E-10 0.0607 0.8513  0.497 0.0000 0.7489 4.29E-01  0.000 0.0000 0.0027  0.000  0.000  0.0000          
 4.594659E+07  3.598  4.520  4.644  8.057  3.070  0.0000  1.0000 1.30E-06 1.16E-09 0.0000 0.8513  0.389 0.0192 0.8235 6.34E-01  0.000 0.0000 0.0087  0.000  0.000  0.0000          
 4.595492E+07  3.610  4.523  4.646  8.067  3.199  0.0000  1.0000 9.97E-06 1.38E-09 0.0000 0.8549  0.499 0.0435 0.8054 5.68E-01  0.000 0.0000 0.0192  0.000  0.000  0.0000          
 4.596513E+07  3.623  4.527  4.646  8.079  3.320  0.0000  0.9999 5.71E-05 4.99E-09 0.0000 0.8549  0.651 0.0607 0.7679 4.95E-01  0.000 0.0000 0.0326  0.000  0.000  0.0000          
 4.598944E+07  3.635  4.530  4.646  8.089  3.500  0.0000  0.9993 6.85E-04 2.50E-07 0.0000 0.8549  0.942 0.0860 0.6983 3.86E-01  0.002 0.0000 0.0435  0.000  0.000  0.0000  T2max   
 4.602407E+07  3.626  4.525  4.636  8.081  3.627  0.0000  0.9976 2.37E-03 2.47E-06 0.0000 0.8549  1.094 0.1040 0.6480 3.10E-01  0.002 0.0000 0.0398  0.000  0.000  0.0000          
 4.604377E+07  3.623  4.520  4.620  8.079  3.681  0.0000  0.9967 3.25E-03 4.60E-06 0.0000 0.8549  1.085 0.1086 0.6274 2.94E-01  0.002 0.0000 0.0435  0.000  0.000  0.0000          
 4.606613E+07  3.628  4.516  4.597  8.084  3.736  0.0000  0.9953 4.66E-03 8.64E-06 0.0000 0.8549  1.049 0.1124 0.6131 2.90E-01  0.003 0.0000 0.0398  0.000  0.000  0.0000          
 4.609071E+07  3.637  4.511  4.572  8.100  3.778  0.0000  0.9942 5.77E-03 1.17E-05 0.0027 0.8549  1.031 0.1175 0.5904 2.80E-01  0.009 0.0000 0.0326  0.000  0.000  0.0000          
 4.612005E+07  3.646  4.508  4.547  8.124  3.775  0.0000  0.9927 7.26E-03 1.60E-05 0.0151 0.8549  0.975 0.1213 0.5665 2.84E-01  0.049 0.0000 0.0221  0.000  0.000  0.0000          
 4.613642E+07  3.653  4.507  4.536  8.135  3.733  0.0000  0.9902 9.79E-03 2.35E-05 0.0243 0.8549  0.897 0.1240 0.5665 3.09E-01  0.092 0.0000 0.0235  0.000  0.000  0.0000  Blp     
 4.616271E+07  3.669  4.509  4.530  8.143  3.656  0.0000  0.9836 1.63E-02 5.04E-05 0.0315 0.8549  0.810 0.1253 0.5665 3.62E-01  0.118 0.0000 0.0275  0.000  0.000  0.0000          
 4.618752E+07  3.678  4.514  4.542  8.146  3.611  0.0000  0.9765 2.34E-02 9.49E-05 0.0326 0.8549  0.793 0.1278 0.5746 4.01E-01  0.121 0.0000 0.0294  0.000  0.000  0.0000          
 4.621379E+07  3.678  4.520  4.563  8.148  3.575  0.0000  0.9684 3.15E-02 1.67E-04 0.0483 0.8549  0.813 0.1286 0.5746 4.15E-01  0.122 0.0000 0.0315  0.000  0.000  0.0000          
 4.625102E+07  3.669  4.524  4.590  8.146  3.559  0.0000  0.9685 3.13E-02 2.03E-04 0.0459 0.8549  0.885 0.1324 0.5665 3.99E-01  0.104 0.0000 0.0315  0.000  0.000  0.0000          
 4.632216E+07  3.652  4.522  4.600  8.141  3.573  0.0000  0.9592 4.05E-02 3.38E-04 0.0403 0.8549  0.970 0.1360 0.5518 3.46E-01  0.072 0.0000 0.0297  0.000  0.000  0.0000          
 4.634664E+07  3.651  4.520  4.592  8.140  3.584  0.0000  0.9557 4.39E-02 3.98E-04 0.0396 0.8549  0.972 0.1370 0.5518 3.33E-01  0.071 0.0000 0.0292  0.000  0.000  0.0000  Helmin  
 4.644749E+07  3.659  4.516  4.566  8.143  3.589  0.0000  0.9421 5.72E-02 6.78E-04 0.0429 0.8549  0.925 0.1409 0.5665 3.24E-01  0.083 0.0000 0.0294  0.000  0.000  0.0000          
 4.669490E+07  3.667  4.520  4.577  8.153  3.540  0.0000  0.9041 9.41E-02 1.81E-03 0.0512 0.8549  0.868 0.1459 0.5981 3.61E-01  0.125 0.0000 0.0335  0.000  0.000  0.0000          
 4.691057E+07  3.668  4.525  4.594  8.160  3.501  0.0000  0.8714 1.25E-01 3.36E-03 0.0587 0.8549  0.831 0.1469 0.6203 3.97E-01  0.166 0.0000 0.0371  0.000  0.000  0.0000          
 4.726445E+07  3.670  4.529  4.610  8.170  3.459  0.0000  0.8110 1.81E-01 7.50E-03 0.0704 0.8549  0.768 0.1516 0.6413 4.46E-01  0.234 0.0000 0.0422  0.000  0.000  0.0000          
 4.775491E+07  3.674  4.531  4.614  8.183  3.430  0.0000  0.7031 2.78E-01 1.89E-02 0.0841 0.8549  0.675 0.1574 0.6674 5.00E-01  0.330 0.0000 0.0492  0.000  0.000  0.0000  Lpt     
 4.860897E+07  3.683  4.527  4.589  8.206  3.432  0.0000  0.4704 4.63E-01 6.69E-02 0.1009 0.8549  0.541 0.1651 0.6862 5.48E-01  0.468 0.0000 0.0621  0.000  0.000  0.0000          
 4.902480E+07  3.691  4.523  4.565  8.221  3.456  0.0000  0.3412 5.44E-01 1.15E-01 0.1066 0.8549  0.494 0.1683 0.6821 5.47E-01  0.515 0.0000 0.0621  0.000  0.000  0.0000          
 4.936140E+07  3.698  4.519  4.541  8.235  3.489  0.0000  0.2424 5.85E-01 1.72E-01 0.1098 0.8549  0.472 0.1713 0.6674 5.31E-01  0.537 0.0000 0.0654  0.000  0.000  0.0000          
 4.961784E+07  3.706  4.515  4.516  8.249  3.532  0.0000  0.1641 6.00E-01 2.36E-01 0.1102 0.8549  0.476 0.1735 0.6546 4.94E-01  0.532 0.0000 0.0687  0.000  0.000  0.0000          
 4.981305E+07  3.712  4.511  4.493  8.262  3.577  0.0000  0.1116 5.90E-01 2.98E-01 0.1091 0.8549  0.497 0.1756 0.6344 4.46E-01  0.512 0.0000 0.0687  0.000  0.000  0.0000          
 4.997187E+07  3.719  4.506  4.469  8.274  3.622  0.0000  0.0750 5.66E-01 3.59E-01 0.1056 0.8549  0.524 0.1775 0.6057 4.01E-01  0.485 0.0000 0.0720  0.000  0.000  0.0000          
 5.009762E+07  3.725  4.502  4.444  8.286  3.667  0.0000  0.0501 5.36E-01 4.13E-01 0.1019 0.8549  0.556 0.1791 0.5826 3.55E-01  0.455 0.0000 0.0720  0.000  0.000  0.0000          
 5.019610E+07  3.730  4.497  4.419  8.296  3.711  0.0000  0.0331 5.07E-01 4.60E-01 0.0982 0.8549  0.591 0.1807 0.5665 3.15E-01  0.423 0.0000 0.0737  0.000  0.000  0.0000          
 5.026697E+07  3.734  4.492  4.396  8.305  3.752  0.0000  0.0221 4.83E-01 4.94E-01 0.0937 0.8549  0.625 0.1824 0.5388 2.80E-01  0.393 0.0000 0.0698  0.000  0.001  0.0000          
 5.031566E+07  3.738  4.487  4.375  8.313  3.789  0.0000  0.0151 4.66E-01 5.19E-01 0.0903 0.8549  0.654 0.1832 0.5184 2.54E-01  0.367 0.0000 0.0686  0.000  0.001  0.0000          
 5.035461E+07  3.741  4.483  4.354  8.322  3.828  0.0000  0.0099 4.52E-01 5.38E-01 0.0855 0.8549  0.689 0.1840 0.4972 2.28E-01  0.337 0.0000 0.1111  0.000  0.001  0.0000          
 5.038308E+07  3.743  4.479  4.334  8.330  3.868  0.0000  0.0064 4.42E-01 5.52E-01 0.0817 0.8549  0.721 0.1848 0.4825 2.06E-01  0.308 0.0000 0.1153  0.000  0.001  0.0000          
 5.040755E+07  3.744  4.473  4.312  8.340  3.917  0.0000  0.0035 4.34E-01 5.63E-01 0.0741 0.8549  0.783 0.1857 0.4597 1.77E-01  0.262 0.0000 0.1213  0.000  0.001  0.0000  Yc=0    
 5.042378E+07  3.743  4.468  4.293  8.350  3.971  0.0000  0.0017 4.28E-01 5.70E-01 0.0642 0.8549  0.842 0.1863 0.4386 1.54E-01  0.209 0.0000 0.1233  0.000  0.001  0.0000          
 5.043512E+07  3.741  4.463  4.276  8.361  4.030  0.0000  0.0007 4.25E-01 5.74E-01 0.0515 0.8549  0.923 0.1865 0.4165 1.31E-01  0.138 0.0000 0.1308  0.000  0.001  0.0000          
 5.044319E+07  3.738  4.459  4.260  8.371  4.100  0.0000  0.0001 4.24E-01 5.76E-01 0.0225 0.8549  1.018 0.1871 0.3936 1.10E-01  0.055 0.0000 0.1409  0.000  0.001  0.0000          
 5.044936E+07  3.734  4.454  4.246  8.375  4.182  0.0000  0.0000 4.23E-01 5.77E-01 0.0000 0.8549  1.097 0.1873 0.3758 9.46E-02  0.025 0.0209 0.1503  0.000  0.002  0.0000          
 5.045424E+07  3.730  4.450  4.233  8.380  4.246  0.0000  0.0000 4.23E-01 5.77E-01 0.0000 0.8549  1.108 0.1873 0.3637 8.72E-02  0.040 0.0256 0.1503  0.000  0.002  0.0000          
 5.045874E+07  3.725  4.445  4.218  8.385  4.301  0.0000  0.0000 4.23E-01 5.77E-01 0.0000 0.8549  1.096 0.1877 0.3575 8.25E-02  0.066 0.0304 0.1478  0.000  0.002  0.0000          
 5.046281E+07  3.722  4.440  4.202  8.391  4.347  0.0000  0.0000 4.23E-01 5.77E-01 0.0000 0.8549  1.068 0.1881 0.3479 7.98E-02  0.111 0.0317 0.1478  0.000  0.002  0.0000          
 5.046659E+07  3.720  4.435  4.185  8.395  4.385  0.0000  0.0000 4.23E-01 5.77E-01 0.0000 0.8549  1.018 0.1881 0.3444 7.93E-02  0.188 0.0361 0.1452  0.000  0.002  0.0000          
 5.046927E+07  3.719  4.432  4.171  8.397  4.409  0.0000  0.0000 4.23E-01 5.77E-01 0.0000 0.8549  0.960 0.1885 0.3444 8.10E-02  0.277 0.0370 0.1452  0.000  0.002  0.0000  Lmin    
 5.047294E+07  3.720  4.427  4.151  8.397  4.436  0.0000  0.0000 4.23E-01 5.77E-01 0.0000 0.8549  0.835 0.1885 0.3479 8.83E-02  0.474 0.0393 0.1430  0.000  0.002  0.0000          
 5.047689E+07  3.725  4.422  4.127  8.393  4.454  0.0000  0.0000 4.23E-01 5.77E-01 0.0000 0.8549  0.654 0.1885 0.3606 1.06E-01  0.705 0.0423 0.1409  0.000  0.002  0.0000          
 5.048443E+07  3.743  4.415  4.082  8.386  4.486  0.0000  0.0000 4.23E-01 5.77E-01 0.0000 0.8549  0.469 0.1889 0.3818 1.34E-01  0.707 0.0423 0.1430  0.000  0.002  0.0000          
 5.049075E+07  3.757  4.412  4.056  8.384  4.516  0.0000  0.0000 4.23E-01 5.77E-01 0.0000 0.8549  0.402 0.1889 0.3877 1.49E-01  0.701 0.0439 0.1430  0.000  0.002  0.0000          
 5.050182E+07  3.774  4.410  4.028  8.383  4.566  0.0000  0.0000 4.23E-01 5.77E-01 0.0000 0.8549  0.325 0.1895 0.3994 1.66E-01  0.722 0.0454 0.1452  0.000  0.002  0.0000          
 5.051255E+07  3.777  4.408  4.017  8.384  4.612  0.0000  0.0000 4.23E-01 5.77E-01 0.0000 0.8549  0.277 0.1898 0.4052 1.83E-01  0.762 0.0468 0.1452  0.000  0.002  0.0000  L3max   
 5.054022E+07  3.772  4.402  3.998  8.391  4.718  0.0000  0.0000 4.23E-01 5.77E-01 0.0000 0.8549  0.196 0.1902 0.4221 2.18E-01  0.862 0.0515 0.1452  0.000  0.002  0.0000          
 5.055417E+07  3.770  4.397  3.981  8.396  4.766  0.0000  0.0000 4.23E-01 5.77E-01 0.0000 0.8549  0.166 0.1904 0.4276 2.36E-01  0.900 0.0544 0.1465  0.000  0.002  0.0000          
 5.057117E+07  3.769  4.390  3.954  8.402  4.822  0.0000  0.0000 4.23E-01 5.77E-01 0.0000 0.8549  0.136 0.1904 0.4276 2.54E-01  0.939 0.0572 0.1465  0.000  0.002  0.0000          
 5.058272E+07  3.769  4.385  3.933  8.407  4.858  0.0000  0.0000 4.23E-01 5.77E-01 0.0000 0.8549  0.119 0.1906 0.4331 2.68E-01  0.961 0.0591 0.1478  0.000  0.003  0.0000          
 5.059187E+07  3.769  4.380  3.914  8.411  4.886  0.0000  0.0000 4.23E-01 5.77E-01 0.0000 0.8549  0.106 0.1906 0.4331 2.78E-01  0.976 0.0611 0.1478  0.000  0.003  0.0000          
 5.060309E+07  3.770  4.374  3.890  8.416  4.919  0.0000  0.0000 4.23E-01 5.77E-01 0.0000 0.8549  0.093 0.1906 0.4331 2.91E-01  0.992 0.0635 0.1478  0.000  0.003  0.0000          
 5.061197E+07  3.771  4.369  3.870  8.420  4.945  0.0000  0.0000 4.23E-01 5.77E-01 0.0000 0.8549  0.083 0.1908 0.4331 3.02E-01  1.004 0.0657 0.1478  0.000  0.003  0.0000          
 5.062103E+07  3.771  4.364  3.848  8.424  4.970  0.0000  0.0000 4.23E-01 5.77E-01 0.0000 0.8549  0.073 0.1908 0.4331 3.11E-01  1.015 0.0677 0.1478  0.000  0.003  0.0000          
 5.062971E+07  3.772  4.359  3.827  8.428  4.994  0.0000  0.0000 4.23E-01 5.77E-01 0.0000 0.8549  0.065 0.1909 0.4331 3.20E-01  1.025 0.0693 0.1478  0.000  0.004  0.0000          
 5.064017E+07  3.773  4.352  3.799  8.433  5.024  0.0000  0.0000 4.23E-01 5.77E-01 0.0000 0.8549  0.056 0.1909 0.4331 3.35E-01  1.037 0.0718 0.1491  0.000  0.004  0.0000          
 5.064797E+07  3.774  4.347  3.778  8.437  5.046  0.0000  0.0000 4.23E-01 5.77E-01 0.0000 0.8549  0.050 0.1910 0.4331 3.48E-01  1.045 0.0741 0.1491  0.000  0.005  0.0000          
 5.065512E+07  3.774  4.342  3.758  8.441  5.066  0.0000  0.0000 4.23E-01 5.77E-01 0.0000 0.8549  0.045 0.1910 0.4331 3.60E-01  1.053 0.0754 0.1491  0.000  0.005  0.0000          
 5.066135E+07  3.774  4.338  3.739  8.444  5.084  0.0000  0.0000 4.23E-01 5.77E-01 0.0000 0.8549  0.041 0.1910 0.4331 3.71E-01  1.061 0.0769 0.1491  0.000  0.005  0.0000          
 5.066851E+07  3.775  4.332  3.717  8.449  5.105  0.0000  0.0000 4.23E-01 5.77E-01 0.0000 0.8549  0.036 0.1910 0.4276 3.81E-01  1.070 0.0789 0.1491  0.000  0.006  0.0000          
 5.067570E+07  3.775  4.326  3.693  8.453  5.126  0.0000  0.0000 4.23E-01 5.77E-01 0.0000 0.8549  0.031 0.1910 0.4276 3.97E-01  1.080 0.0808 0.1491  0.000  0.007  0.0000          
 5.068121E+07  3.775  4.321  3.674  8.457  5.142  0.0000  0.0000 4.23E-01 5.77E-01 0.0000 0.8549  0.028 0.1910 0.4276 4.09E-01  1.087 0.0820 0.1491  0.000  0.007  0.0000          
 5.068838E+07  3.775  4.315  3.647  8.461  5.164  0.0000  0.0000 4.23E-01 5.77E-01 0.0000 0.8549  0.024 0.1910 0.4221 4.25E-01  1.098 0.0840 0.1491  0.000  0.008  0.0000          
 5.069329E+07  3.775  4.310  3.627  8.465  5.179  0.0000  0.0000 4.23E-01 5.77E-01 0.0000 0.8549  0.021 0.1911 0.4221 4.39E-01  1.106 0.0850 0.1491  0.000  0.008  0.0000          
 5.069759E+07  3.774  4.305  3.609  8.468  5.193  0.0000  0.0000 4.23E-01 5.77E-01 0.0000 0.8549  0.019 0.1911 0.4165 4.54E-01  1.112 0.0860 0.1491  0.000  0.009  0.0000          
 5.070166E+07  3.774  4.301  3.591  8.471  5.206  0.0000  0.0000 4.23E-01 5.77E-01 0.0000 0.8549  0.017 0.1911 0.4165 4.65E-01  1.118 0.0872 0.1491  0.000  0.009  0.0000          
 5.070665E+07  3.774  4.295  3.567  8.475  5.222  0.0000  0.0000 4.23E-01 5.77E-01 0.0000 0.8549  0.015 0.1911 0.4165 4.82E-01  1.127 0.0885 0.1491  0.000  0.010  0.0000          
 5.071141E+07  3.774  4.289  3.544  8.478  5.237  0.0000  0.0000 4.23E-01 5.77E-01 0.0000 0.8549  0.013 0.1911 0.4109 4.99E-01  1.134 0.0897 0.1491  0.000  0.011  0.0000          
 5.071554E+07  3.773  4.283  3.521  8.482  5.251  0.0000  0.0000 4.23E-01 5.77E-01 0.0000 0.8549  0.012 0.1911 0.4109 5.16E-01  1.141 0.0906 0.1491  0.000  0.011  0.0000          
 5.071979E+07  3.773  4.277  3.497  8.485  5.265  0.0000  0.0000 4.23E-01 5.77E-01 0.0000 0.8549  0.010 0.1911 0.4052 5.33E-01  1.149 0.0919 0.1491  0.000  0.012  0.0000          
 5.072284E+07  3.773  4.272  3.479  8.488  5.276  0.0000  0.0000 4.23E-01 5.77E-01 0.0000 0.8549  0.009 0.1911 0.4052 5.45E-01  1.155 0.0927 0.1491  0.000  0.012  0.0000          
 5.072688E+07  3.772  4.266  3.454  8.491  5.290  0.0000  0.0000 4.23E-01 5.77E-01 0.0000 0.8549  0.008 0.1911 0.4052 5.63E-01  1.162 0.0934 0.1491  0.000  0.013  0.0000          
 5.073174E+07  3.772  4.258  3.421  8.495  5.307  0.0000  0.0000 4.23E-01 5.77E-01 0.0000 0.8549  0.007 0.1911 0.3994 5.89E-01  1.171 0.0948 0.1491  0.000  0.014  0.0000          
 5.073595E+07  3.772  4.250  3.390  8.499  5.322  0.0000  0.0000 4.23E-01 5.77E-01 0.0000 0.8549  0.006 0.1911 0.3877 6.10E-01  1.179 0.0957 0.1484  0.000  0.016  0.0000          
 5.073874E+07  3.772  4.244  3.369  8.501  5.332  0.0000  0.0000 4.23E-01 5.77E-01 0.0000 0.8549  0.005 0.1911 0.3818 6.32E-01  1.183 0.0966 0.1484  0.000  0.016  0.0000          
 5.074106E+07  3.771  4.240  3.351  8.503  5.341  0.0000  0.0000 4.23E-01 5.77E-01 0.0000 0.8549  0.005 0.1911 0.3758 6.47E-01  1.188 0.0970 0.1484  0.000  0.017  0.0000          
 5.074425E+07  3.771  4.233  3.324  8.506  5.353  0.0000  0.0000 4.23E-01 5.77E-01 0.0000 0.8549  0.004 0.1911 0.3667 6.63E-01  1.194 0.0980 0.1484  0.000  0.018  0.0000          
 5.074701E+07  3.771  4.227  3.300  8.509  5.363  0.0000  0.0000 4.23E-01 5.77E-01 0.0000 0.8549  0.004 0.1911 0.3606 6.79E-01  1.200 0.0988 0.1484  0.000  0.019  0.0000          
 5.075034E+07  3.770  4.219  3.269  8.512  5.376  0.0000  0.0000 4.23E-01 5.77E-01 0.0000 0.8549  0.003 0.1911 0.3513 7.02E-01  1.207 0.0997 0.1484  0.000  0.020  0.0000          
 5.075324E+07  3.770  4.212  3.241  8.514  5.388  0.0000  0.0000 4.23E-01 5.77E-01 0.0000 0.8549  0.003 0.1911 0.3444 7.20E-01  1.213 0.1004 0.1478  0.000  0.021  0.0000          
 5.075514E+07  3.770  4.207  3.221  8.516  5.395  0.0000  0.0000 4.23E-01 5.77E-01 0.0000 0.8549  0.002 0.1911 0.3375 7.38E-01  1.216 0.1006 0.1478  0.000  0.022  0.0000          
 5.075766E+07  3.769  4.200  3.194  8.519  5.406  0.0000  0.0000 4.23E-01 5.77E-01 0.0000 0.8549  0.002 0.1911 0.3305 7.54E-01  1.222 0.1014 0.1478  0.000  0.023  0.0000          
 5.075932E+07  3.769  4.196  3.176  8.520  5.412  0.0000  0.0000 4.23E-01 5.77E-01 0.0000 0.8549  0.002 0.1911 0.3269 7.66E-01  1.225 0.1019 0.1478  0.000  0.024  0.0000          
 5.076135E+07  3.769  4.189  3.152  8.522  5.421  0.0000  0.0000 4.23E-01 5.77E-01 0.0000 0.8549  0.002 0.1911 0.3234 7.81E-01  1.230 0.1023 0.1478  0.000  0.024  0.0000          
 5.076343E+07  3.768  4.183  3.127  8.524  5.429  0.0000  0.0000 4.23E-01 5.77E-01 0.0000 0.8549  0.002 0.1911 0.3162 7.94E-01  1.234 0.1029 0.1478  0.000  0.025  0.0000          
 5.076493E+07  3.768  4.178  3.108  8.525  5.436  0.0000  0.0000 4.23E-01 5.77E-01 0.0000 0.8549  0.001 0.1911 0.3126 8.04E-01  1.238 0.1033 0.1478  0.000  0.026  0.0000          
 5.076648E+07  3.768  4.173  3.088  8.527  5.442  0.0000  0.0000 4.23E-01 5.77E-01 0.0000 0.8549  0.001 0.1911 0.3090 8.16E-01  1.242 0.1038 0.1478  0.000  0.027  0.0000          
 5.076798E+07  3.768  4.168  3.068  8.528  5.449  0.0000  0.0000 4.23E-01 5.77E-01 0.0000 0.8549  0.001 0.1911 0.3026 8.26E-01  1.245 0.1043 0.1478  0.000  0.028  0.0000          
 5.077010E+07  3.767  4.161  3.039  8.530  5.458  0.0000  0.0000 4.23E-01 5.77E-01 0.0000 0.8549  0.001 0.1911 0.2994 8.38E-01  1.250 0.1048 0.1478  0.000  0.029  0.0000          
 5.077133E+07  3.767  4.156  3.021  8.532  5.463  0.0000  0.0000 4.23E-01 5.77E-01 0.0000 0.8549  0.001 0.1911 0.2933 8.49E-01  1.253 0.1050 0.1478  0.000  0.030  0.0000          
 5.077294E+07  3.767  4.150  2.997  8.533  5.471  0.0000  0.0000 4.23E-01 5.77E-01 0.0000 0.8549  0.001 0.1911 0.2906 8.58E-01  1.258 0.1054 0.1478  0.000  0.031  0.0000          
 5.077506E+07  3.766  4.142  2.964  8.535  5.480  0.0000  0.0000 4.23E-01 5.77E-01 0.0000 0.8549  0.001 0.1911 0.2833 8.71E-01  1.263 0.1059 0.1478  0.000  0.032  0.0000          
 5.077691E+07  3.766  4.134  2.933  8.537  5.488  0.0000  0.0000 4.23E-01 5.77E-01 0.0000 0.8549  0.001 0.1911 0.2783 8.82E-01  1.268 0.1066 0.1478  0.000  0.033  0.0000          
 5.077852E+07  3.765  4.127  2.906  8.538  5.496  0.0000  0.0000 4.23E-01 5.77E-01 0.0000 0.8549  0.001 0.1911 0.2751 8.91E-01  1.272 0.1069 0.1478  0.000  0.035  0.0000          
 5.077958E+07  3.765  4.122  2.887  8.539  5.501  0.0000  0.0000 4.23E-01 5.77E-01 0.0000 0.8549  0.001 0.1911 0.2719 8.99E-01  1.276 0.1071 0.1478  0.000  0.035  0.0000          
 5.078098E+07  3.765  4.116  2.861  8.541  5.507  0.0000  0.0000 4.23E-01 5.77E-01 0.0000 0.8549  0.001 0.1911 0.2687 9.07E-01  1.279 0.1076 0.1478  0.000  0.037  0.0000          
 5.078198E+07  3.764  4.111  2.841  8.542  5.512  0.0000  0.0000 4.23E-01 5.77E-01 0.0000 0.8549  0.001 0.1911 0.2656 9.12E-01  1.282 0.1078 0.1478  0.000  0.037  0.0000          
 5.078331E+07  3.764  4.104  2.815  8.543  5.518  0.0000  0.0000 4.23E-01 5.77E-01 0.0000 0.8549  0.000 0.1911 0.2624 9.18E-01  1.286 0.1081 0.1478  0.000  0.038  0.0000          
 5.078419E+07  3.764  4.099  2.797  8.544  5.522  0.0000  0.0000 4.23E-01 5.77E-01 0.0000 0.8549  0.000 0.1911 0.2608 9.24E-01  1.289 0.1085 0.1478  0.000  0.039  0.0000          
 5.078578E+07  3.763  4.091  2.763  8.545  5.530  0.0000  0.0000 4.23E-01 5.77E-01 0.0000 0.8549  0.000 0.1911 0.2576 9.30E-01  1.294 0.1089 0.1478  0.000  0.040  0.0000          
 5.078761E+07  3.762  4.080  2.722  8.547  5.539  0.0000  0.0000 4.23E-01 5.77E-01 0.0000 0.8549  0.000 0.1911 0.2528 9.38E-01  1.300 0.1093 0.1478  0.000  0.042  0.0000          
 5.078837E+07  3.762  4.076  2.704  8.548  5.543  0.0000  0.0000 4.23E-01 5.77E-01 0.0000 0.8549  0.000 0.1911 0.2511 9.42E-01  1.302 0.1095 0.1478  0.000  0.043  0.0000          
 5.078982E+07  3.761  4.067  2.669  8.549  5.550  0.0000  0.0000 4.23E-01 5.77E-01 0.0000 0.8549  0.000 0.1911 0.2479 9.47E-01  1.307 0.1098 0.1478  0.000  0.044  0.0000          
 5.079149E+07  3.761  4.056  2.627  8.551  5.558  0.0000  0.0000 4.23E-01 5.77E-01 0.0000 0.8549  0.000 0.1911 0.2448 9.54E-01  1.313 0.1102 0.1478  0.000  0.046  0.0000          
 5.079310E+07  3.760  4.045  2.583  8.552  5.566  0.0000  0.0000 4.23E-01 5.77E-01 0.0000 0.8549  0.000 0.1911 0.2417 9.59E-01  1.319 0.1118 0.1478  0.000  0.048  0.0000          
 5.079404E+07  3.759  4.038  2.556  8.553  5.571  0.0000  0.0000 4.23E-01 5.77E-01 0.0000 0.8549  0.000 0.1911 0.2386 9.63E-01  1.323 0.1121 0.1478  0.000  0.049  0.0000          
 5.079482E+07  3.759  4.032  2.533  8.554  5.575  0.0000  0.0000 4.23E-01 5.77E-01 0.0000 0.8549  0.000 0.1911 0.2371 9.65E-01  1.326 0.1123 0.1478  0.000  0.050  0.0000          
 5.079556E+07  3.758  4.027  2.511  8.554  5.579  0.0000  0.0000 4.23E-01 5.77E-01 0.0000 0.8549  0.000 0.1911 0.2356 9.68E-01  1.329 0.1125 0.1478  0.000  0.050  0.0000          
 5.079618E+07  3.758  4.022  2.492  8.555  5.582  0.0000  0.0000 4.23E-01 5.77E-01 0.0000 0.8549  0.000 0.1911 0.2348 9.70E-01  1.330 0.1127 0.1478  0.000  0.051  0.0000          
 5.079735E+07  3.757  4.012  2.454  8.556  5.588  0.0000  0.0000 4.23E-01 5.77E-01 0.0000 0.8549  0.000 0.1911 0.2324 9.72E-01  1.336 0.1129 0.1478  0.000  0.053  0.0000          
 5.079813E+07  3.757  4.005  2.428  8.557  5.593  0.0000  0.0000 4.23E-01 5.77E-01 0.0000 0.8549  0.000 0.1911 0.2307 9.75E-01  1.340 0.1131 0.1478  0.000  0.054  0.0000          
 5.079877E+07  3.756  4.000  2.406  8.557  5.596  0.0000  0.0000 4.23E-01 5.77E-01 0.0000 0.8549  0.000 0.1911 0.2298 9.76E-01  1.343 0.1133 0.1478  0.000  0.055  0.0000          
 5.080001E+07  3.755  3.988  2.361  8.559  5.602  0.0000  0.0000 4.23E-01 5.77E-01 0.0000 0.8549  0.000 0.1911 0.2273 9.79E-01  1.348 0.1135 0.1478  0.000  0.056  0.0000          
 5.080052E+07  3.755  3.983  2.342  8.559  5.605  0.0000  0.0000 4.23E-01 5.77E-01 0.0000 0.8549  0.000 0.1911 0.2265 9.80E-01  1.351 0.1138 0.1478  0.000  0.057  0.0000          
 5.080129E+07  3.754  3.975  2.311  8.560  5.609  0.0000  0.0000 4.23E-01 5.77E-01 0.0000 0.8549  0.000 0.1911 0.2256 9.82E-01  1.355 0.1140 0.1478  0.000  0.058  0.0000          
 5.080220E+07  3.753  3.966  2.275  8.561  5.614  0.0000  0.0000 4.23E-01 5.77E-01 0.0000 0.8549  0.000 0.1911 0.2238 9.83E-01  1.361 0.1143 0.1478  0.000  0.059  0.0000          
 5.080339E+07  3.751  3.953  2.224  8.562  5.621  0.0000  0.0000 4.23E-01 5.77E-01 0.0000 0.8549  0.000 0.1911 0.2221 9.85E-01  1.368 0.1146 0.1478  0.000  0.061  0.0000          
 5.080389E+07  3.751  3.948  2.203  8.562  5.624  0.0000  0.0000 4.23E-01 5.77E-01 0.0000 0.8549  0.000 0.1911 0.2212 9.86E-01  1.371 0.1146 0.1478  0.000  0.062  0.0000          
 5.080497E+07  3.749  3.935  2.152  8.563  5.630  0.0000  0.0000 4.23E-01 5.77E-01 0.0000 0.8549  0.000 0.1911 0.2195 9.88E-01  1.378 0.1150 0.1478  0.000  0.064  0.0000          
 5.080562E+07  3.748  3.927  2.122  8.564  5.633  0.0000  0.0000 4.23E-01 5.77E-01 0.0000 0.8549  0.000 0.1911 0.2187 9.89E-01  1.383 0.1151 0.1478  0.000  0.065  0.0000          
 5.080601E+07  3.748  3.922  2.103  8.564  5.635  0.0000  0.0000 4.23E-01 5.77E-01 0.0000 0.8549  0.000 0.1911 0.2179 9.90E-01  1.387 0.1153 0.1478  0.000  0.066  0.0000          
 5.080676E+07  3.746  3.912  2.065  8.565  5.640  0.0000  0.0000 4.23E-01 5.77E-01 0.0000 0.8549  0.000 0.1911 0.2171 9.91E-01  1.393 0.1153 0.1478  0.000  0.067  0.0000          
 5.080790E+07  3.744  3.896  2.003  8.566  5.646  0.0000  0.0000 4.23E-01 5.77E-01 0.0000 0.8549  0.000 0.1911 0.2146 9.92E-01  1.403 0.1159 0.1471  0.000  0.069  0.0000          
 5.080858E+07  3.742  3.886  1.965  8.566  5.650  0.0000  0.0000 4.23E-01 5.77E-01 0.0000 0.8549  0.000 0.1911 0.2138 9.92E-01  1.409 0.1159 0.1471  0.000  0.070  0.0000          
 5.080964E+07  3.739  3.869  1.900  8.567  5.656  0.0000  0.0000 4.23E-01 5.77E-01 0.0000 0.8549  0.000 0.1911 0.2122 9.93E-01  1.422 0.1161 0.1471  0.000  0.073  0.0000          
 5.081027E+07  3.737  3.858  1.859  8.568  5.660  0.0000  0.0000 4.23E-01 5.77E-01 0.0000 0.8549  0.000 0.1911 0.2114 9.94E-01  1.430 0.1164 0.1471  0.000  0.074  0.0000          
 5.081065E+07  3.736  3.851  1.831  8.568  5.662  0.0000  0.0000 4.23E-01 5.77E-01 0.0000 0.8549  0.000 0.1911 0.2109 9.95E-01  1.435 0.1165 0.1471  0.000  0.075  0.0000          
 5.081088E+07  3.735  3.846  1.814  8.568  5.663  0.0000  0.0000 4.23E-01 5.77E-01 0.0000 0.8549  0.000 0.1911 0.2109 9.95E-01  1.438 0.1167 0.1471  0.000  0.075  0.0000          
 5.081132E+07  3.734  3.838  1.780  8.569  5.666  0.0000  0.0000 4.23E-01 5.77E-01 0.0000 0.8549  0.000 0.1911 0.2101 9.95E-01  1.444 0.1167 0.1471  0.000  0.077  0.0000          
 5.081179E+07  3.732  3.828  1.744  8.569  5.668  0.0000  0.0000 4.23E-01 5.77E-01 0.0000 0.8549  0.000 0.1911 0.2093 9.95E-01  1.452 0.1167 0.1471  0.000  0.078  0.0000          
 5.081283E+07  3.727  3.810  1.675  8.570  5.675  0.0000  0.0000 4.23E-01 5.77E-01 0.0000 0.8549  0.000 0.1911 0.2081 9.96E-01  1.471 0.1172 0.1471  0.000  0.081  0.0000          
 5.081346E+07  3.723  3.796  1.624  8.570  5.678  0.0000  0.0000 4.23E-01 5.77E-01 0.0000 0.8549  0.000 0.1911 0.2072 9.96E-01  1.484 0.1172 0.1471  0.000  0.083  0.0000          
 5.081483E+07  3.713  3.763  1.502  8.572  5.687  0.0000  0.0000 4.23E-01 5.77E-01 0.0000 0.8549  0.000 0.1911 0.2049 9.97E-01  1.523 0.1177 0.1471  0.000  0.087  0.0000          
 5.081565E+07  3.705  3.744  1.434  8.572  5.691  0.0000  0.0000 4.23E-01 5.77E-01 0.0000 0.8549  0.000 0.1911 0.2037 9.98E-01  1.554 0.1180 0.1471  0.000  0.091  0.0000          
 5.081591E+07  3.702  3.739  1.418  8.572  5.693  0.0000  0.0000 4.23E-01 5.77E-01 0.0000 0.8549  0.000 0.1911 0.2037 9.98E-01  1.566 0.1180 0.1471  0.000  0.092  0.0000          
 5.081630E+07  3.697  3.734  1.400  8.573  5.695  0.0000  0.0000 4.23E-01 5.77E-01 0.0000 0.8549  0.000 0.1911 0.2029 9.98E-01  1.584 0.1180 0.1471  0.000  0.094  0.0000          
 5.081681E+07  3.690  3.728  1.386  8.573  5.699  0.0000  0.0000 4.23E-01 5.77E-01 0.0000 0.8549  0.000 0.1911 0.2017 9.98E-01  1.611 0.1182 0.1471  0.000  0.096  0.0000          
 5.081760E+07  3.678  3.723  1.375  8.574  5.703  0.0000  0.0000 4.23E-01 5.77E-01 0.0000 0.8549  0.000 0.1911 0.0000 9.98E-01  1.655 0.1184 0.1471  0.000  0.101  0.0000          
 5.081836E+07  3.667  3.719  1.370  8.574  5.708  0.0000  0.0000 4.23E-01 5.77E-01 0.0000 0.8549  0.000 0.1911 0.0000 9.99E-01  1.695 0.1187 0.1471  0.000  0.105  0.0000          
 5.081962E+07  3.657  3.713  1.359  8.575  5.716  0.0000  0.0000 4.23E-01 5.77E-01 0.0000 0.8549  0.000 0.1911 0.0000 9.99E-01  1.737 0.1189 0.1471  0.000  0.111  0.0000  Bagb    
 5.082103E+07  3.677  3.708  1.317  8.577  5.725  0.0000  0.0000 4.23E-01 5.77E-01 0.0000 0.8439  0.000 0.1911 0.0000 9.99E-01  1.659 0.1194 0.1471  0.000  0.110  0.0000          
 5.082177E+07  3.706  3.705  1.278  8.577  5.730  0.0000  0.0000 4.23E-01 5.77E-01 0.0000 0.7768  0.000 0.1911 0.0000 9.99E-01  1.555 0.1196 0.1471  0.000  0.105  0.0000          
 5.082241E+07  3.740  3.703  1.233  8.578  5.734  0.0000  0.0000 4.23E-01 5.77E-01 0.0000 0.6862  0.000 0.1911 0.0000 9.99E-01  1.437 0.1199 0.1471  0.000  0.098  0.0000          
 5.082298E+07  3.776  3.701  1.190  8.578  5.737  0.0000  0.0000 4.23E-01 5.77E-01 0.0000 0.6057  0.000 0.1911 0.0000 1.00E+00  1.327 0.1199 0.1471  0.000  0.092  0.0000          
 5.082332E+07  3.797  3.700  1.165  8.578  5.740  0.0000  0.0000 4.23E-01 5.77E-01 0.0000 0.5624  0.000 0.1911 0.0000 1.00E+00  1.266 0.1201 0.1471  0.000  0.088  0.0000          
 5.082383E+07  3.827  3.699  1.131  8.579  5.743  0.0000  0.0000 4.23E-01 5.77E-01 0.0000 0.4899  0.000 0.1911 0.0000 1.00E+00  1.184 0.1201 0.1471  0.000  0.084  0.0000          
 5.082421E+07  3.846  3.698  1.109  8.579  5.745  0.0000  0.0000 4.23E-01 5.77E-01 0.0000 0.4558  0.000 0.1911 0.0000 1.00E+00  1.134 0.1204 0.1471  0.000  0.081  0.0000          
 5.082482E+07  3.873  3.697  1.080  8.580  5.749  0.0000  0.0000 4.23E-01 5.77E-01 0.0000 0.3848  0.000 0.1911 0.0000 1.00E+00  1.071 0.1205 0.1471  0.000  0.077  0.0000          
 5.082550E+07  3.894  3.697  1.058  8.580  5.754  0.0000  0.0000 4.23E-01 5.77E-01 0.0000 0.3528  0.000 0.1911 0.0000 1.00E+00  1.025 0.1206 0.1471  0.000  0.075  0.0000          
 5.082654E+07  3.914  3.696  1.035  8.581  5.761  0.0000  0.0000 4.23E-01 5.77E-01 0.0000 0.3126  0.000 0.1911 0.0000 1.00E+00  0.987 0.1210 0.1471  0.000  0.073  0.0000          
 5.082831E+07  3.933  3.696  1.013  8.582  5.772  0.0000  0.0000 4.23E-01 5.77E-01 0.0000 0.2800  0.000 0.1911 0.0000 1.00E+00  0.957 0.1216 0.1471  0.000  0.073  0.0000          
 5.083152E+07  3.951  3.696  0.994  8.584  5.794  0.0000  0.0000 4.23E-01 5.77E-01 0.0000 0.2556  0.000 0.1911 0.0000 1.00E+00  0.937 0.1224 0.1471  0.000  0.076  0.0000          
 5.083615E+07  3.968  3.694  0.972  8.587  5.827  0.0000  0.0000 4.23E-01 5.77E-01 0.0000 0.2408  0.000 0.1911 0.0000 1.00E+00  0.929 0.1237 0.1475  0.000  0.082  0.0000          
 5.084149E+07  3.987  3.694  0.950  8.590  5.866  0.0000  0.0000 4.23E-01 5.77E-01 0.0000 0.2308  0.000 0.1911 0.0000 1.00E+00  0.924 0.1253 0.1475  0.000  0.090  0.0021          
 5.084682E+07  4.005  3.693  0.929  8.593  5.908  0.0000  0.0000 4.23E-01 5.77E-01 0.0000 0.2233  0.000 0.1911 0.0000 1.00E+00  0.920 0.1269 0.1478  0.000  0.099  0.0048          
 5.085216E+07  4.024  3.692  0.907  8.595  5.952  0.0000  0.0000 4.23E-01 5.77E-01 0.0000 0.2175  0.000 0.1911 0.0000 1.00E+00  0.916 0.1284 0.1478  0.000  0.109  0.0080          
 5.085750E+07  4.043  3.692  0.886  8.596  5.998  0.0000  0.0000 4.23E-01 5.77E-01 0.0000 0.2127  0.000 0.1911 0.0000 1.00E+00  0.914 0.1301 0.1481  0.000  0.121  0.0124          
 5.086249E+07  4.062  3.691  0.865  8.596  6.044  0.0000  0.0000 4.23E-01 5.77E-01 0.0000 0.2091  0.000 0.1911 0.0000 1.00E+00  0.911 0.1316 0.1484  0.000  0.133  0.0167          
 5.086747E+07  4.081  3.690  0.844  8.595  6.093  0.0000  0.0000 4.23E-01 5.77E-01 0.0000 0.2055  0.000 0.1911 0.0000 1.00E+00  0.908 0.1332 0.1484  0.000  0.148  0.0209          
 5.087210E+07  4.099  3.690  0.824  8.591  6.142  0.0000  0.0000 4.23E-01 5.77E-01 0.0000 0.2026  0.000 0.1911 0.0000 1.00E+00  0.905 0.1347 0.1487  0.000  0.162  0.0256          
 5.087672E+07  4.117  3.690  0.804  8.586  6.194  0.0000  0.0000 4.23E-01 5.77E-01 0.0000 0.1996  0.000 0.1911 0.0000 1.00E+00  0.903 0.1362 0.1489  0.000  0.180  0.0317          
 5.088242E+07  4.135  3.689  0.784  8.576  6.261  0.0000  0.0000 4.23E-01 5.77E-01 0.0000 0.1940  0.000 0.1911 0.0000 1.00E+00  0.903 0.1381 0.1494  0.000  0.206  0.0370          
 5.088669E+07  4.154  3.689  0.764  8.566  6.316  0.0000  0.0000 4.23E-01 5.77E-01 0.0000 0.1882  0.000 0.1881 0.0000 0.00E+00  0.897 0.1395 0.1495  0.000  0.228  0.0439          
 5.089061E+07  4.173  3.688  0.742  8.555  6.368  0.0000  0.0000 4.23E-01 5.77E-01 0.0000 0.1832  0.000 0.1832 0.0000 0.00E+00  0.889 0.1407 0.1499  0.000  0.246  0.0499          
 5.089417E+07  4.192  3.687  0.721  8.541  6.419  0.0000  0.0000 4.23E-01 5.77E-01 0.0000 0.1790  0.000 0.1790 0.0000 0.00E+00  0.885 0.1420 0.1502  0.000  0.265  0.0548          
 5.089737E+07  4.210  3.686  0.698  8.527  6.466  0.0000  0.0000 4.23E-01 5.77E-01 0.0000 0.1755  0.000 0.1755 0.0000 0.00E+00  0.880 0.1430 0.1505  0.000  0.281  0.0596          
 5.090080E+07  4.229  3.685  0.675  8.509  6.518  0.0000  0.0000 4.23E-01 5.77E-01 0.0000 0.1709  0.000 0.1709 0.0000 0.00E+00  0.875 0.1442 0.1508  0.001  0.299  0.0659          
 5.090377E+07  4.246  3.684  0.654  8.491  6.564  0.0000  0.0000 4.23E-01 5.77E-01 0.0000 0.1664  0.000 0.1664 0.0000 1.00E+00  0.868 0.1452 0.1512  0.001  0.313  0.0702          
 5.090658E+07  4.264  3.684  0.633  8.472  6.609  0.0000  0.0000 4.23E-01 5.77E-01 0.0000 0.1634  0.000 0.1634 0.0000 1.00E+00  0.863 0.1461 0.1516  0.001  0.325  0.0747          
 5.090939E+07  4.283  3.683  0.611  8.451  6.656  0.0000  0.0000 4.23E-01 5.77E-01 0.0000 0.1612  0.000 0.1612 0.0000 1.00E+00  0.859 0.1471 0.1519  0.001  0.335  0.0799          
 5.091220E+07  4.302  3.682  0.590  8.429  6.703  0.0000  0.0000 4.23E-01 5.77E-01 0.0000 0.1596  0.000 0.1596 0.0000 1.00E+00  0.855 0.1481 0.1524  0.002  0.343  0.0855          
 5.091531E+07  4.320  3.682  0.570  8.404  6.755  0.0000  0.0000 4.23E-01 5.77E-01 0.0000 0.1581  0.000 0.1581 0.0000 1.00E+00  0.849 0.1491 0.1529  0.002  0.348  0.0910          
 5.091854E+07  4.338  3.681  0.549  8.378  6.810  0.0000  0.0000 4.23E-01 5.77E-01 0.0000 0.1571  0.000 0.1571 0.0000 1.00E+00  0.845 0.1502 0.1535  0.002  0.351  0.0961          
 5.092160E+07  4.345  3.681  0.542  8.354  6.861  0.0000  0.0000 4.23E-01 5.77E-01 0.0000 0.1564  0.000 0.1564 0.0000 1.00E+00  0.837 0.1512 0.1541  0.003  0.356  0.1012  Ldumax  
 5.092463E+07  4.327  3.682  0.563  8.331  6.912  0.0000  0.0000 4.23E-01 5.77E-01 0.0000 0.1559  0.000 0.1559 0.0000 9.98E-01  0.822 0.1522 0.1546  0.004  0.377  0.1066          
 5.092699E+07  4.308  3.683  0.586  8.316  6.949  0.0000  0.0000 4.23E-01 5.77E-01 0.0000 0.1558  0.000 0.1558 0.1558 9.99E-01  0.828 0.1529 0.1550  0.004  0.391  0.1103          
 5.092833E+07  4.287  3.684  0.611  8.307  6.970  0.0000  0.0000 4.23E-01 5.77E-01 0.0000 0.1558  0.000 0.1558 0.1558 9.95E-01  0.817 0.1532 0.1552  0.004  0.407  0.1123          
 5.092914E+07  4.265  3.684  0.636  8.302  6.982  0.0000  0.0000 4.23E-01 5.77E-01 0.0000 0.1558  0.000 0.1558 0.1558 9.90E-01  0.798 0.1534 0.1553  0.004  0.424  0.1133          
 5.092967E+07  4.246  3.685  0.658  8.299  6.990  0.0000  0.0000 4.23E-01 5.77E-01 0.0000 0.1558  0.000 0.1558 0.1558 9.69E-01  0.796 0.1536 0.1553  0.004  0.440  0.1133          
 5.093029E+07  4.219  3.687  0.691  8.295  6.999  0.0000  0.0000 4.23E-01 5.77E-01 0.0000 0.1558  0.000 0.1558 0.1559 7.41E-01  0.780 0.1537 0.1554  0.005  0.464  0.1140          
 5.093083E+07  4.195  3.688  0.721  8.291  7.007  0.0000  0.0000 4.23E-01 5.77E-01 0.0000 0.1558  0.000 0.1558 0.1559 2.46E-01  0.770 0.1538 0.1555  0.005  0.486  0.1149          
 5.093137E+07  4.167  3.690  0.756  8.288  7.015  0.0000  0.0000 4.23E-01 5.77E-01 0.0000 0.1558  0.001 0.1558 0.1559 3.86E-02  0.750 0.1539 0.1555  0.005  0.514  0.1149          
 5.093196E+07  4.136  3.691  0.792  8.285  7.023  0.0000  0.0000 4.23E-01 5.77E-01 0.0000 0.1558  0.009 0.1558 0.1559 4.60E-03  0.725 0.1540 0.1556  0.005  0.547  0.1159          
 5.093260E+07  4.110  3.692  0.821  8.281  7.032  0.0000  0.0000 4.23E-01 5.77E-01 0.0000 0.1558  0.064 0.1558 0.1559 7.00E-04  0.643 0.1541 0.1556  0.005  0.572  0.1167          
 5.093313E+07  4.103  3.692  0.829  8.278  7.039  0.0000  0.0000 4.23E-01 5.77E-01 0.0000 0.1559  0.186 0.1558 0.1559 2.42E-04  0.468 0.1542 0.1557  0.005  0.576  0.1175  Ldumin  
 5.093397E+07  4.123  3.692  0.806  8.273  7.050  0.0000  0.0000 4.23E-01 5.77E-01 0.0000 0.1559  0.381 0.1558 0.1559 9.55E-05  0.236 0.1543 0.1557  0.005  0.539  0.1182          
 5.093456E+07  4.141  3.691  0.784  8.270  7.058  0.0000  0.0000 4.23E-01 5.77E-01 0.0000 0.1559  0.422 0.1558 0.1559 7.84E-05  0.203 0.1543 0.1557  0.004  0.507  0.1189          
 5.093631E+07  4.161  3.690  0.761  8.259  7.079  0.0000  0.0000 4.23E-01 5.77E-01 0.0000 0.1559  0.440 0.1558 0.1559 6.50E-05  0.192 0.1545 0.1558  0.003  0.456  0.1203          
 5.093842E+07  4.180  3.689  0.739  8.247  7.101  0.0000  0.0000 4.23E-01 5.77E-01 0.0000 0.1559  0.445 0.1559 0.1559 6.84E-05  0.223 0.1546 0.1558  0.002  0.401  0.1226          
 5.094087E+07  4.198  3.688  0.717  8.234  7.125  0.0000  0.0000 4.23E-01 5.77E-01 0.0000 0.1560  0.461 0.1559 0.1560 6.17E-05  0.208 0.1547 0.1559  0.001  0.345  0.1239          
 5.094364E+07  4.218  3.687  0.693  8.220  7.149  0.0000  0.0000 4.23E-01 5.77E-01 0.0000 0.1560  0.540 0.1560 0.1560 4.14E-05  0.065 0.1549 0.1559  0.001  0.290  0.1258          
 5.094514E+07  4.233  3.686  0.673  8.213  7.161  0.0000  0.0000 4.23E-01 5.77E-01 0.0000 0.1561  0.556 0.1560 0.1561 5.52E-05  0.084 0.1550 0.1560  0.000  0.262  0.1269  1tp
