#age/yr        logL   logTef lgrav  logTc  logrho Xc      Yc     Xc_C     Xc_O     Q_conv Q_disc  L_H/L Q1_H   Q2_H   f_pp      L_He/L Q1_He  Q2_He  L_C/L  L_nu/L Q_Tmax  stage
 0.000000E+00  1.105  4.050  4.682  7.323  2.020  0.7682  0.2318 0.00E+00 0.00E+00 0.2072 0.2041  1.001 0.0000 0.5664 1.00E+00  0.000 0.0000 0.0000  0.000  0.000  0.0000  ZAMS                
 7.757870E+07  1.123  4.050  4.667  7.328  2.025  0.7424  0.2576 0.00E+00 0.00E+00 0.2093 0.5501  1.000 0.0000 0.6189 1.00E+00  0.000 0.0000 0.0000  0.000  0.000  0.0000          
 1.517495E+08  1.140  4.053  4.659  7.334  2.037  0.7185  0.2815 0.00E+00 0.00E+00 0.2041 0.6189  1.000 0.0000 0.6259 1.00E+00  0.000 0.0000 0.0000  0.000  0.000  0.0000          
 2.246724E+08  1.157  4.055  4.650  7.341  2.051  0.6934  0.3066 0.00E+00 0.00E+00 0.1988 0.6608  1.000 0.0000 0.6259 1.00E+00  0.000 0.0000 0.0000  0.000  0.000  0.0000          
 2.886963E+08  1.174  4.057  4.642  7.347  2.065  0.6698  0.3302 0.00E+00 0.00E+00 0.1926 0.6920  1.000 0.0000 0.6259 1.00E+00  0.000 0.0000 0.0000  0.000  0.000  0.0000          
 3.577228E+08  1.192  4.059  4.633  7.355  2.082  0.6426  0.3574 0.00E+00 0.00E+00 0.1883 0.7065  1.000 0.0000 0.6327 1.00E+00  0.000 0.0000 0.0000  0.000  0.000  0.0000          
 4.182437E+08  1.209  4.061  4.624  7.362  2.097  0.6172  0.3827 0.00E+00 0.00E+00 0.1860 0.7204  1.000 0.0000 0.6327 1.00E+00  0.000 0.0000 0.0000  0.000  0.000  0.0000          
 4.770538E+08  1.226  4.063  4.616  7.371  2.115  0.5911  0.4089 0.00E+00 0.00E+00 0.1827 0.7335  1.000 0.0000 0.6327 1.00E+00  0.000 0.0000 0.0000  0.000  0.000  0.0000          
 5.273797E+08  1.243  4.066  4.608  7.379  2.135  0.5671  0.4329 0.00E+00 0.00E+00 0.1744 0.7399  1.000 0.0000 0.6327 1.00E+00  0.000 0.0000 0.0000  0.000  0.000  0.0000          
 5.750785E+08  1.260  4.068  4.601  7.387  2.157  0.5425  0.4575 0.00E+00 0.00E+00 0.1670 0.7461  1.000 0.0000 0.6394 1.00E+00  0.000 0.0000 0.0000  0.000  0.000  0.0000          
 6.208319E+08  1.278  4.071  4.594  7.396  2.180  0.5174  0.4826 0.00E+00 0.00E+00 0.1638 0.7522  1.000 0.0000 0.6394 1.00E+00  0.000 0.0000 0.0000  0.000  0.000  0.0000          
 6.593441E+08  1.294  4.073  4.588  7.405  2.204  0.4949  0.5051 0.00E+00 0.00E+00 0.1532 0.7581  1.000 0.0000 0.6460 1.00E+00  0.000 0.0000 0.0000  0.000  0.000  0.0000          
 6.956204E+08  1.310  4.076  4.583  7.414  2.229  0.4720  0.5280 0.00E+00 0.00E+00 0.1478 0.7639  1.000 0.0000 0.6525 1.00E+00  0.000 0.0000 0.0000  0.000  0.000  0.0000          
 7.306211E+08  1.327  4.079  4.577  7.424  2.258  0.4488  0.5512 0.00E+00 0.00E+00 0.1381 0.7639  1.000 0.0000 0.6525 1.00E+00  0.000 0.0000 0.0000  0.000  0.000  0.0000          
 7.636376E+08  1.344  4.082  4.572  7.434  2.288  0.4251  0.5749 0.00E+00 0.00E+00 0.1315 0.7686  1.000 0.0000 0.6608 1.00E+00  0.000 0.0000 0.0000  0.000  0.000  0.0000          
 7.909622E+08  1.360  4.084  4.566  7.443  2.317  0.4046  0.5954 0.00E+00 0.00E+00 0.1193 0.7686  1.000 0.0000 0.6608 1.00E+00  0.000 0.0000 0.0000  0.000  0.000  0.0000          
 8.211768E+08  1.377  4.087  4.560  7.453  2.349  0.3803  0.6197 0.00E+00 0.00E+00 0.1139 0.7732  1.000 0.0000 0.6608 1.00E+00  0.000 0.0000 0.0000  0.000  0.000  0.0000          
 8.463069E+08  1.393  4.090  4.554  7.463  2.380  0.3592  0.6408 0.00E+00 0.00E+00 0.1045 0.7732  1.000 0.0000 0.6689 1.00E+00  0.000 0.0000 0.0000  0.000  0.000  0.0000          
 8.705150E+08  1.409  4.092  4.547  7.472  2.413  0.3379  0.6621 0.00E+00 0.00E+00 0.0957 0.7777  1.000 0.0000 0.6689 1.00E+00  0.000 0.0000 0.0000  0.000  0.000  0.0000          
 8.939378E+08  1.426  4.094  4.540  7.482  2.449  0.3164  0.6836 0.00E+00 0.00E+00 0.0852 0.7777  1.000 0.0000 0.6768 1.00E+00  0.000 0.0000 0.0000  0.000  0.000  0.0000          
 9.165698E+08  1.442  4.097  4.533  7.492  2.485  0.2946  0.7054 0.00E+00 0.00E+00 0.0803 0.7821  1.000 0.0000 0.6768 1.00E+00  0.000 0.0000 0.0000  0.000  0.000  0.0000          
 9.386623E+08  1.459  4.099  4.526  7.502  2.526  0.2727  0.7273 0.00E+00 0.00E+00 0.0708 0.7821  1.000 0.0000 0.6768 1.00E+00  0.000 0.0000 0.0000  0.000  0.000  0.0000          
 9.601691E+08  1.477  4.101  4.517  7.513  2.569  0.2505  0.7495 0.00E+00 0.00E+00 0.0628 0.7865  1.000 0.0000 0.6768 1.00E+00  0.000 0.0000 0.0000  0.000  0.000  0.0000          
 9.805630E+08  1.495  4.104  4.508  7.523  2.616  0.2287  0.7713 0.00E+00 0.00E+00 0.0514 0.7865  1.000 0.0000 0.6845 1.00E+00  0.000 0.0000 0.0000  0.000  0.000  0.0000          
 9.980714E+08  1.512  4.106  4.499  7.531  2.666  0.2086  0.7914 0.00E+00 0.00E+00 0.0317 0.7865  1.000 0.0000 0.6845 1.00E+00  0.000 0.0000 0.0000  0.000  0.000  0.0000          
 1.014307E+09  1.529  4.107  4.490  7.535  2.726  0.1871  0.8129 0.00E+00 0.00E+00 0.0018 0.7865  1.000 0.0000 0.6845 1.00E+00  0.000 0.0000 0.0000  0.000  0.000  0.0000          
 1.030962E+09  1.546  4.110  4.482  7.543  2.785  0.1615  0.8385 0.00E+00 0.00E+00 0.0000 0.7907  1.000 0.0000 0.6920 1.00E+00  0.000 0.0000 0.0000  0.000  0.000  0.0000          
 1.046656E+09  1.563  4.112  4.473  7.551  2.840  0.1397  0.8603 0.00E+00 0.00E+00 0.0000 0.7907  1.000 0.0000 0.6920 1.00E+00  0.000 0.0000 0.0000  0.000  0.000  0.0000          
 1.062174E+09  1.581  4.113  4.461  7.560  2.895  0.1203  0.8797 0.00E+00 0.00E+00 0.0000 0.7907  1.000 0.0000 0.6920 1.00E+00  0.000 0.0000 0.0000  0.000  0.000  0.0000          
 1.077052E+09  1.599  4.115  4.450  7.570  2.951  0.1036  0.8964 0.00E+00 0.00E+00 0.0000 0.7949  1.000 0.0000 0.6920 1.00E+00  0.000 0.0000 0.0000  0.000  0.000  0.0000          
 1.092052E+09  1.617  4.116  4.436  7.579  3.005  0.0886  0.9114 0.00E+00 0.00E+00 0.0000 0.7949  1.000 0.0000 0.6920 1.00E+00  0.000 0.0000 0.0000  0.000  0.000  0.0000          
 1.108973E+09  1.639  4.117  4.420  7.591  3.071  0.0738  0.9262 0.00E+00 0.00E+00 0.0000 0.7949  1.000 0.0000 0.6920 1.00E+00  0.000 0.0000 0.0000  0.000  0.000  0.0000          
 1.125365E+09  1.662  4.119  4.402  7.605  3.141  0.0612  0.9388 0.00E+00 0.00E+00 0.0000 0.7949  1.000 0.0000 0.6920 1.00E+00  0.000 0.0000 0.0000  0.000  0.000  0.0000          
 1.140764E+09  1.685  4.120  4.384  7.619  3.211  0.0508  0.9492 0.00E+00 0.00E+00 0.0000 0.7949  1.000 0.0000 0.6920 1.00E+00  0.000 0.0000 0.0000  0.000  0.000  0.0000          
 1.155197E+09  1.708  4.121  4.364  7.634  3.282  0.0421  0.9579 0.00E+00 0.00E+00 0.0000 0.7990  1.000 0.0000 0.6920 1.00E+00  0.000 0.0000 0.0000  0.000  0.000  0.0000          
 1.168680E+09  1.732  4.121  4.343  7.649  3.354  0.0349  0.9651 0.00E+00 0.00E+00 0.0000 0.7990  1.000 0.0000 0.6920 1.00E+00  0.000 0.0000 0.0000  0.000  0.000  0.0000          
 1.175071E+09  1.743  4.122  4.332  7.657  3.390  0.0318  0.9682 0.00E+00 0.00E+00 0.0000 0.7990  1.000 0.0000 0.6920 1.00E+00  0.000 0.0000 0.0000  0.000  0.000  0.0000  Tmax    
 1.187168E+09  1.767  4.121  4.308  7.673  3.462  0.0263  0.9737 0.00E+00 0.00E+00 0.0000 0.7990  1.000 0.0000 0.6920 1.00E+00  0.000 0.0000 0.0000  0.000  0.000  0.0000          
 1.198377E+09  1.790  4.121  4.282  7.689  3.536  0.0218  0.9782 0.00E+00 0.00E+00 0.0000 0.7990  1.000 0.0000 0.6845 1.00E+00  0.000 0.0000 0.0000  0.000  0.000  0.0000          
 1.208730E+09  1.813  4.120  4.254  7.705  3.611  0.0181  0.9819 0.00E+00 0.00E+00 0.0000 0.7990  1.000 0.0000 0.6845 1.00E+00  0.000 0.0000 0.0000  0.000  0.000  0.0000          
 1.215947E+09  1.831  4.118  4.231  7.718  3.668  0.0157  0.9843 0.00E+00 0.00E+00 0.0000 0.7990  1.000 0.0000 0.6845 1.00E+00  0.000 0.0000 0.0000  0.000  0.000  0.0000          
 1.222712E+09  1.847  4.117  4.207  7.731  3.726  0.0136  0.9864 0.00E+00 0.00E+00 0.0000 0.7990  1.000 0.0000 0.6768 1.00E+00  0.000 0.0000 0.0000  0.000  0.000  0.0000          
 1.229038E+09  1.865  4.114  4.182  7.745  3.784  0.0118  0.9882 8.07E-21 3.91E-21 0.0000 0.8030  1.000 0.0000 0.6728 1.00E+00  0.000 0.0000 0.0000  0.000  0.000  0.0000          
 1.234479E+09  1.882  4.113  4.160  7.761  3.851  0.0104  0.9896 3.34E-19 1.48E-19 0.0000 0.8030  1.000 0.0000 0.6728 1.00E+00  0.000 0.0000 0.0000  0.000  0.000  0.0000          
 1.239220E+09  1.897  4.111  4.135  7.773  3.904  0.0091  0.9909 4.21E-18 1.74E-18 0.0000 0.8030  1.000 0.0000 0.6689 1.00E+00  0.000 0.0000 0.0000  0.000  0.000  0.0000          
 1.243537E+09  1.911  4.108  4.109  7.785  3.955  0.0081  0.9919 3.92E-17 1.51E-17 0.0000 0.8030  1.000 0.0000 0.6608 1.00E+00  0.000 0.0000 0.0000  0.000  0.000  0.0000          
 1.247494E+09  1.925  4.104  4.082  7.798  4.005  0.0072  0.9928 3.33E-16 1.20E-16 0.0000 0.8030  0.999 0.0000 0.6566 1.00E+00  0.000 0.0000 0.0000  0.000  0.000  0.0000          
 1.250923E+09  1.937  4.101  4.056  7.809  4.052  0.0064  0.9936 2.33E-15 7.91E-16 0.0000 0.8030  0.999 0.0000 0.6525 1.00E+00  0.000 0.0000 0.0000  0.000  0.000  0.0000          
 1.254025E+09  1.949  4.098  4.030  7.820  4.096  0.0058  0.9942 1.49E-14 4.75E-15 0.0000 0.8030  0.999 0.0000 0.6460 1.00E+00  0.000 0.0000 0.0000  0.000  0.000  0.0000          
 1.256779E+09  1.959  4.094  4.005  7.832  4.136  0.0052  0.9948 8.73E-14 2.63E-14 0.0000 0.8030  0.999 0.0000 0.6460 1.00E+00  0.000 0.0000 0.0000  0.000  0.000  0.0000          
 1.259516E+09  1.970  4.090  3.979  7.858  4.161  0.0044  0.9956 9.58E-13 2.56E-13 0.0010 0.8030  1.000 0.0000 0.6394 9.98E-01  0.000 0.0000 0.0000  0.000  0.000  0.0000          
 1.260123E+09  1.973  4.090  3.974  7.877  4.141  0.0048  0.9952 9.77E-13 2.57E-13 0.0094 0.8030  1.000 0.0000 0.6394 9.93E-01  0.000 0.0000 0.0000  0.000  0.000  0.0000  T1min   
 1.260732E+09  1.979  4.094  3.986  7.906  3.957  0.0084  0.9916 3.01E-12 7.79E-13 0.0624 0.8030  1.034 0.0000 0.6259 8.74E-01  0.000 0.0000 0.0000  0.000  0.000  0.0000          
 1.260873E+09  1.979  4.099  4.005  7.901  3.887  0.0088  0.9912 3.54E-12 9.43E-13 0.0657 0.8030  1.007 0.0000 0.6394 8.71E-01  0.000 0.0000 0.0000  0.000  0.000  0.0000          
 1.261009E+09  1.976  4.104  4.030  7.897  3.845  0.0086  0.9914 3.87E-12 1.06E-12 0.0652 0.8030  0.986 0.0000 0.6608 8.83E-01  0.000 0.0000 0.0000  0.000  0.000  0.0000          
 1.261161E+09  1.968  4.109  4.057  7.892  3.822  0.0085  0.9915 4.04E-12 1.12E-12 0.0596 0.8030  0.984 0.0000 0.6768 8.95E-01  0.000 0.0000 0.0000  0.000  0.000  0.0000          
 1.261522E+09  1.955  4.113  4.086  7.889  3.809  0.0080  0.9920 4.29E-12 1.21E-12 0.0551 0.8030  0.996 0.0000 0.6883 9.04E-01  0.000 0.0000 0.0000  0.000  0.000  0.0000          
 1.262118E+09  1.952  4.114  4.092  7.889  3.810  0.0074  0.9926 4.66E-12 1.31E-12 0.0535 0.8030  1.000 0.0000 0.6920 9.04E-01  0.000 0.0000 0.0000  0.000  0.000  0.0000  T1max   
 1.267213E+09  1.966  4.111  4.066  7.905  3.859  0.0015  0.9985 1.46E-11 3.79E-12 0.0514 0.8030  0.998 0.0000 0.6806 8.99E-01  0.000 0.0000 0.0000  0.000  0.000  0.0000          
 1.268283E+09  1.973  4.107  4.042  7.912  3.924  0.0004  0.9996 2.70E-11 6.72E-12 0.0441 0.8030  0.994 0.0000 0.6689 9.28E-01  0.000 0.0000 0.0000  0.000  0.000  0.0000          
 1.268745E+09  1.978  4.102  4.020  7.912  4.006  0.0001  0.9999 4.60E-11 1.10E-11 0.0172 0.8030  0.987 0.0000 0.6566 9.63E-01  0.000 0.0000 0.0000  0.000  0.000  0.0000          
 1.269015E+09  1.982  4.098  3.998  7.895  4.100  0.0000  1.0000 1.30E-10 2.87E-11 0.0000 0.8030  0.991 0.0000 0.6460 9.79E-01  0.000 0.0000 0.0000  0.000  0.000  0.0000          
 1.269242E+09  1.986  4.093  3.975  7.888  4.162  0.0000  1.0000 7.26E-10 3.13E-11 0.0000 0.8030  1.002 0.0013 0.6394 9.80E-01  0.000 0.0000 0.0000  0.000  0.000  0.0000          
 1.269509E+09  1.991  4.088  3.950  7.884  4.214  0.0000  1.0000 1.52E-09 3.13E-11 0.0000 0.8030  1.003 0.0034 0.6259 9.81E-01  0.000 0.0000 0.0000  0.000  0.000  0.0000          
 1.269862E+09  1.997  4.082  3.921  7.880  4.266  0.0000  1.0000 2.33E-09 3.13E-11 0.0000 0.8030  1.002 0.0087 0.6189 9.80E-01  0.000 0.0000 0.0000  0.000  0.000  0.0000          
 1.270346E+09  2.004  4.077  3.893  7.875  4.317  0.0000  1.0000 3.19E-09 3.14E-11 0.0000 0.8030  1.001 0.0131 0.6118 9.80E-01  0.000 0.0000 0.0000  0.000  0.000  0.0000          
 1.271027E+09  2.010  4.071  3.864  7.871  4.367  0.0000  1.0000 4.09E-09 3.14E-11 0.0000 0.8030  1.001 0.0215 0.6046 9.81E-01  0.000 0.0000 0.0000  0.000  0.000  0.0000          
 1.272009E+09  2.017  4.065  3.832  7.868  4.416  0.0000  1.0000 5.09E-09 3.14E-11 0.0000 0.8030  1.000 0.0319 0.5972 9.80E-01  0.000 0.0000 0.0000  0.000  0.000  0.0000          
 1.273292E+09  2.025  4.058  3.797  7.869  4.464  0.0000  1.0000 6.37E-09 3.15E-11 0.0000 0.8030  0.999 0.0393 0.5897 9.82E-01  0.000 0.0000 0.0000  0.000  0.000  0.0000          
 1.274324E+09  2.031  4.054  3.772  7.873  4.499  0.0000  1.0000 8.13E-09 3.15E-11 0.0000 0.8030  0.996 0.0451 0.5860 9.81E-01  0.000 0.0000 0.0000  0.000  0.000  0.0000          
 1.275769E+09  2.039  4.050  3.748  7.874  4.530  0.0000  1.0000 1.30E-08 3.17E-11 0.0000 0.8030  0.999 0.0493 0.5860 9.69E-01  0.000 0.0000 0.0000  0.000  0.000  0.0000          
 1.276469E+09  2.042  4.049  3.744  7.871  4.532  0.0000  1.0000 1.55E-08 3.19E-11 0.0000 0.8030  1.000 0.0493 0.5860 9.56E-01  0.000 0.0000 0.0000  0.000  0.000  0.0000  T2min   
 1.277952E+09  2.045  4.054  3.759  7.861  4.515  0.0000  1.0000 1.77E-08 3.21E-11 0.0000 0.8030  0.998 0.0551 0.5972 9.20E-01  0.000 0.0000 0.0000  0.000  0.000  0.0688          
 1.278138E+09  2.045  4.054  3.761  7.862  4.515  0.0000  1.0000 1.79E-08 3.21E-11 0.0000 0.8030  0.994 0.0554 0.5972 9.21E-01  0.000 0.0000 0.0000  0.000  0.000  0.0671  T2max   
 1.279338E+09  2.050  4.050  3.737  7.883  4.536  0.0000  1.0000 2.15E-08 3.24E-11 0.0000 0.8030  0.998 0.0635 0.5935 9.29E-01  0.000 0.0000 0.0000  0.000  0.000  0.0013          
 1.280357E+09  2.055  4.045  3.713  7.891  4.557  0.0000  1.0000 4.28E-08 3.32E-11 0.0000 0.8030  1.000 0.0688 0.5860 9.19E-01  0.000 0.0000 0.0000  0.000  0.000  0.0000          
 1.281662E+09  2.061  4.039  3.684  7.898  4.587  0.0000  1.0000 1.10E-07 3.72E-11 0.0000 0.8030  0.999 0.0772 0.5821 9.05E-01  0.000 0.0000 0.0000  0.000  0.000  0.0000          
 1.282851E+09  2.067  4.034  3.656  7.904  4.617  0.0000  1.0000 2.55E-07 5.03E-11 0.0000 0.8030  0.999 0.0872 0.5664 8.90E-01  0.000 0.0000 0.0000  0.000  0.000  0.0000          
 1.283918E+09  2.072  4.027  3.626  7.911  4.647  0.0000  1.0000 5.87E-07 9.15E-11 0.0000 0.8030  0.999 0.0955 0.5543 8.75E-01  0.000 0.0000 0.0000  0.000  0.000  0.0000          
 1.284621E+09  2.076  4.022  3.602  7.916  4.669  0.0000  1.0000 1.09E-06 1.72E-10 0.0000 0.8030  0.999 0.1010 0.5418 8.62E-01  0.000 0.0000 0.0000  0.000  0.000  0.0000          
 1.285274E+09  2.080  4.017  3.578  7.921  4.690  0.0000  1.0000 2.01E-06 3.63E-10 0.0000 0.8030  0.999 0.1065 0.5332 8.51E-01  0.000 0.0000 0.0000  0.000  0.000  0.0000          
 1.286005E+09  2.084  4.011  3.548  7.927  4.715  0.0000  1.0000 4.25E-06 9.76E-10 0.0000 0.8030  1.000 0.1151 0.5206 8.35E-01  0.000 0.0000 0.0000  0.000  0.000  0.0000          
 1.286471E+09  2.087  4.006  3.526  7.931  4.732  0.0000  1.0000 7.08E-06 1.97E-09 0.0000 0.8030  0.999 0.1181 0.5110 8.23E-01  0.000 0.0000 0.0000  0.000  0.000  0.0000          
 1.286968E+09  2.090  4.000  3.500  7.936  4.751  0.0000  1.0000 1.25E-05 4.37E-09 0.0000 0.8030  1.001 0.1241 0.5044 8.10E-01  0.000 0.0000 0.0000  0.000  0.000  0.0000          
 1.287398E+09  2.092  3.995  3.478  7.939  4.767  0.0000  1.0000 2.04E-05 8.86E-09 0.0000 0.8030  1.000 0.1271 0.4978 8.01E-01  0.000 0.0000 0.0000  0.000  0.000  0.0000          
 1.287752E+09  2.095  3.990  3.456  7.943  4.781  0.0000  1.0000 3.13E-05 1.63E-08 0.0000 0.8030  1.001 0.1301 0.4910 7.86E-01  0.000 0.0000 0.0000  0.000  0.000  0.0000          
 1.288052E+09  2.096  3.986  3.436  7.947  4.794  0.0000  1.0000 4.53E-05 2.78E-08 0.0000 0.8030  1.000 0.1331 0.4876 7.86E-01  0.000 0.0000 0.0005  0.000  0.000  0.0000          
 1.288369E+09  2.099  3.981  3.413  7.951  4.807  0.0000  0.9999 6.99E-05 5.11E-08 0.0000 0.8030  1.000 0.1392 0.4807 7.72E-01  0.000 0.0000 0.0034  0.000  0.000  0.0000          
 1.288705E+09  2.101  3.975  3.389  7.955  4.821  0.0000  0.9999 1.12E-04 1.00E-07 0.0000 0.8030  1.003 0.1424 0.4703 7.57E-01  0.000 0.0000 0.0055  0.000  0.000  0.0000          
 1.288987E+09  2.102  3.970  3.366  7.959  4.834  0.0000  0.9998 1.66E-04 1.79E-07 0.0000 0.8030  1.000 0.1457 0.4703 7.60E-01  0.000 0.0000 0.0106  0.000  0.000  0.0000          
 1.289291E+09  2.105  3.964  3.339  7.965  4.847  0.0000  0.9997 2.76E-04 3.60E-07 0.0000 0.8030  1.001 0.1489 0.4632 7.47E-01  0.000 0.0000 0.0131  0.000  0.000  0.0000          
 1.289610E+09  2.107  3.957  3.310  7.972  4.859  0.0000  0.9995 4.96E-04 8.14E-07 0.0000 0.8030  1.001 0.1521 0.4560 7.36E-01  0.001 0.0000 0.0172  0.000  0.000  0.0000          
 1.289866E+09  2.109  3.951  3.285  7.982  4.867  0.0000  0.9991 9.32E-04 1.85E-06 0.0001 0.8030  1.000 0.1553 0.4523 7.26E-01  0.001 0.0000 0.0215  0.000  0.000  0.0000          
 1.290078E+09  2.111  3.947  3.264  7.998  4.868  0.0000  0.9987 1.26E-03 2.54E-06 0.0034 0.8030  0.999 0.1569 0.4487 7.17E-01  0.003 0.0000 0.0239  0.000  0.000  0.0000          
 1.290283E+09  2.113  3.942  3.244  8.027  4.850  0.0000  0.9985 1.49E-03 2.48E-06 0.0191 0.8030  0.979 0.1601 0.4450 7.23E-01  0.037 0.0000 0.0182  0.000  0.000  0.0000          
 1.290380E+09  2.116  3.940  3.233  8.075  4.650  0.0000  0.9957 4.29E-03 3.57E-06 0.0817 0.8030  0.724 0.1601 0.4807 8.81E-01  0.990 0.0000 0.0287  0.000  0.000  0.0000  Blp     
 1.290444E+09  2.131  3.943  3.230  8.075  4.482  0.0000  0.9925 7.50E-03 8.84E-06 0.1016 0.8030  0.633 0.1601 0.4978 9.65E-01  0.455 0.0000 0.0287  0.000  0.000  0.0000          
 1.290479E+09  2.142  3.948  3.240  8.074  4.440  0.0000  0.9913 8.71E-03 1.22E-05 0.1023 0.8030  0.634 0.1601 0.5044 9.76E-01  0.328 0.0000 0.0287  0.000  0.000  0.0000          
 1.290523E+09  2.152  3.958  3.267  8.072  4.405  0.0000  0.9901 9.92E-03 1.66E-05 0.1003 0.8030  0.648 0.1601 0.5174 9.82E-01  0.236 0.0000 0.0332  0.000  0.000  0.0000          
 1.290550E+09  2.156  3.964  3.290  8.071  4.391  0.0000  0.9895 1.05E-02 1.91E-05 0.0976 0.8030  0.660 0.1601 0.5238 9.84E-01  0.204 0.0000 0.0332  0.000  0.000  0.0000          
 1.290583E+09  2.158  3.973  3.323  8.070  4.377  0.0000  0.9888 1.12E-02 2.24E-05 0.0938 0.8030  0.678 0.1601 0.5332 9.85E-01  0.171 0.0000 0.0332  0.000  0.000  0.0000          
 1.290617E+09  2.158  3.982  3.361  8.068  4.367  0.0000  0.9882 1.18E-02 2.59E-05 0.0896 0.8030  0.698 0.1601 0.5418 9.86E-01  0.146 0.0000 0.0332  0.000  0.000  0.0000          
 1.290659E+09  2.154  3.993  3.405  8.067  4.358  0.0000  0.9876 1.24E-02 3.00E-05 0.0838 0.8030  0.723 0.1601 0.5501 9.87E-01  0.126 0.0000 0.0332  0.000  0.000  0.0000          
 1.290710E+09  2.148  4.004  3.456  8.065  4.352  0.0000  0.9868 1.32E-02 3.55E-05 0.0774 0.8030  0.754 0.1601 0.5624 9.87E-01  0.110 0.0000 0.0332  0.000  0.000  0.0000          
 1.290779E+09  2.139  4.016  3.513  8.064  4.348  0.0000  0.9859 1.41E-02 4.31E-05 0.0717 0.8030  0.790 0.1601 0.5743 9.87E-01  0.097 0.0000 0.0332  0.000  0.000  0.0000          
 1.290887E+09  2.126  4.027  3.573  8.063  4.348  0.0000  0.9846 1.54E-02 5.59E-05 0.0662 0.8030  0.832 0.1601 0.5860 9.87E-01  0.090 0.0000 0.0332  0.000  0.000  0.0000          
 1.291088E+09  2.112  4.037  3.626  8.062  4.350  0.0000  0.9821 1.78E-02 8.33E-05 0.0636 0.8030  0.870 0.1601 0.5972 9.87E-01  0.089 0.0000 0.0332  0.000  0.000  0.0000          
 1.291344E+09  2.105  4.043  3.654  8.063  4.349  0.0000  0.9790 2.08E-02 1.25E-04 0.0636 0.8030  0.887 0.1617 0.6009 9.87E-01  0.094 0.0000 0.0332  0.000  0.000  0.0000          
 1.292303E+09  2.103  4.046  3.670  8.065  4.336  0.0000  0.9669 3.28E-02 3.46E-04 0.0867 0.8030  0.899 0.1617 0.6046 9.88E-01  0.103 0.0000 0.0332  0.000  0.000  0.0000  Helmin  
 1.295270E+09  2.109  4.051  3.683  8.069  4.307  0.0000  0.9426 5.63E-02 1.10E-03 0.0932 0.8030  0.881 0.1633 0.6154 9.91E-01  0.118 0.0000 0.0332  0.000  0.000  0.0000          
 1.297693E+09  2.114  4.056  3.697  8.072  4.287  0.0000  0.9184 7.94E-02 2.20E-03 0.0969 0.8030  0.866 0.1633 0.6224 9.92E-01  0.133 0.0000 0.0332  0.000  0.000  0.0000          
 1.300380E+09  2.119  4.061  3.712  8.076  4.264  0.0000  0.8917 1.04E-01 3.90E-03 0.1043 0.8030  0.850 0.1649 0.6293 9.94E-01  0.150 0.0000 0.0376  0.000  0.000  0.0000          
 1.303203E+09  2.124  4.065  3.725  8.079  4.244  0.0000  0.8598 1.34E-01 6.43E-03 0.1093 0.8030  0.832 0.1662 0.6361 9.95E-01  0.169 0.0000 0.0376  0.000  0.000  0.0000          
 1.306308E+09  2.130  4.070  3.739  8.083  4.223  0.0000  0.8247 1.65E-01 1.00E-02 0.1149 0.8030  0.810 0.1662 0.6460 9.95E-01  0.191 0.0000 0.0420  0.000  0.000  0.0000          
 1.309578E+09  2.135  4.074  3.751  8.088  4.202  0.0000  0.7864 1.99E-01 1.48E-02 0.1216 0.8030  0.785 0.1675 0.6525 9.96E-01  0.216 0.0000 0.0420  0.000  0.000  0.0000          
 1.313524E+09  2.141  4.079  3.762  8.093  4.180  0.0000  0.7377 2.40E-01 2.22E-02 0.1299 0.8030  0.754 0.1689 0.6648 9.96E-01  0.247 0.0000 0.0470  0.000  0.000  0.0000          
 1.318449E+09  2.148  4.083  3.771  8.099  4.153  0.0000  0.6757 2.90E-01 3.42E-02 0.1414 0.8030  0.714 0.1702 0.6689 9.97E-01  0.288 0.0000 0.0470  0.000  0.000  0.0000          
 1.325948E+09  2.159  4.086  3.776  8.110  4.119  0.0000  0.5719 3.68E-01 6.03E-02 0.1574 0.8030  0.645 0.1717 0.6768 9.97E-01  0.358 0.0000 0.0534  0.000  0.000  0.0000          
 1.328501E+09  2.162  4.087  3.773  8.114  4.108  0.0000  0.5320 3.96E-01 7.23E-02 0.1640 0.8030  0.619 0.1731 0.6728 9.97E-01  0.385 0.0000 0.0534  0.000  0.000  0.0000  Lpt     
 1.336244E+09  2.173  4.083  3.747  8.129  4.095  0.0000  0.3941 4.82E-01 1.24E-01 0.1733 0.8030  0.531 0.1733 0.6608 9.97E-01  0.474 0.0000 0.0601  0.000  0.000  0.0000          
 1.339327E+09  2.178  4.079  3.725  8.138  4.099  0.0000  0.3247 5.19E-01 1.56E-01 0.1739 0.8030  0.491 0.1740 0.6566 9.97E-01  0.514 0.0000 0.0670  0.000  0.000  0.0000          
 1.341717E+09  2.183  4.074  3.703  8.145  4.106  0.0000  0.2693 5.42E-01 1.89E-01 0.1745 0.8030  0.461 0.1746 0.6493 9.96E-01  0.544 0.0000 0.0670  0.000  0.000  0.0000          
 1.343667E+09  2.187  4.070  3.681  8.152  4.116  0.0000  0.2238 5.56E-01 2.20E-01 0.1750 0.8030  0.439 0.1750 0.6460 9.96E-01  0.566 0.0000 0.0670  0.000  0.000  0.0000          
 1.345312E+09  2.191  4.065  3.659  8.159  4.128  0.0000  0.1851 5.63E-01 2.52E-01 0.1752 0.8030  0.421 0.1752 0.6427 9.95E-01  0.583 0.0000 0.0740  0.000  0.001  0.0000          
 1.346839E+09  2.195  4.061  3.637  8.166  4.139  0.0000  0.1514 5.64E-01 2.85E-01 0.1758 0.8030  0.407 0.1758 0.6361 9.93E-01  0.598 0.0000 0.0740  0.000  0.001  0.0000          
 1.348267E+09  2.200  4.056  3.615  8.173  4.155  0.0000  0.1205 5.58E-01 3.22E-01 0.1762 0.8030  0.398 0.1763 0.6327 9.89E-01  0.606 0.0000 0.0740  0.000  0.001  0.0000          
 1.349581E+09  2.204  4.052  3.591  8.181  4.173  0.0000  0.0950 5.46E-01 3.59E-01 0.1770 0.8030  0.394 0.1770 0.6293 9.81E-01  0.609 0.0000 0.0812  0.000  0.001  0.0000          
 1.350848E+09  2.210  4.047  3.567  8.189  4.191  0.0000  0.0738 5.29E-01 3.97E-01 0.1782 0.8030  0.394 0.1782 0.6259 9.70E-01  0.608 0.0000 0.0812  0.000  0.001  0.0000          
 1.351928E+09  2.215  4.043  3.544  8.197  4.210  0.0000  0.0573 5.10E-01 4.33E-01 0.1796 0.8030  0.398 0.1796 0.6224 9.55E-01  0.604 0.0000 0.0812  0.000  0.001  0.0000          
 1.353111E+09  2.220  4.038  3.521  8.204  4.227  0.0000  0.0450 4.85E-01 4.70E-01 0.1824 0.8030  0.401 0.1825 0.6189 9.43E-01  0.601 0.0000 0.0812  0.000  0.001  0.0000          
 1.354217E+09  2.225  4.034  3.498  8.211  4.242  0.0000  0.0356 4.58E-01 5.06E-01 0.1857 0.8030  0.404 0.1860 0.6154 9.33E-01  0.598 0.0000 0.0885  0.000  0.001  0.0000          
 1.355382E+09  2.230  4.029  3.475  8.218  4.255  0.0000  0.0288 4.29E-01 5.42E-01 0.1901 0.8030  0.406 0.1901 0.6154 9.26E-01  0.593 0.0000 0.0885  0.000  0.001  0.0000          
 1.356583E+09  2.235  4.024  3.451  8.225  4.269  0.0000  0.0233 3.98E-01 5.79E-01 0.1947 0.8030  0.405 0.1947 0.6118 9.27E-01  0.597 0.0000 0.0885  0.000  0.002  0.0000          
 1.357772E+09  2.241  4.020  3.426  8.232  4.284  0.0000  0.0186 3.66E-01 6.15E-01 0.1990 0.8030  0.409 0.1990 0.6082 9.23E-01  0.592 0.0000 0.0960  0.000  0.002  0.0000          
 1.358797E+09  2.246  4.015  3.403  8.239  4.300  0.0000  0.0146 3.40E-01 6.45E-01 0.2032 0.8030  0.417 0.2032 0.6046 9.14E-01  0.586 0.0000 0.0960  0.000  0.002  0.0000          
 1.359727E+09  2.251  4.011  3.380  8.246  4.315  0.0000  0.0115 3.16E-01 6.72E-01 0.2070 0.8030  0.425 0.2070 0.6046 9.06E-01  0.575 0.0000 0.0960  0.000  0.002  0.0000          
 1.360672E+09  2.257  4.006  3.357  8.253  4.331  0.0000  0.0091 2.92E-01 6.99E-01 0.2112 0.8030  0.436 0.2113 0.6009 8.97E-01  0.565 0.0000 0.0960  0.000  0.002  0.0000          
 1.361478E+09  2.262  4.001  3.331  8.260  4.351  0.0000  0.0067 2.73E-01 7.20E-01 0.2150 0.8030  0.450 0.2150 0.5972 8.91E-01  0.548 0.0000 0.0960  0.000  0.003  0.0000          
 1.362367E+09  2.267  3.997  3.309  8.266  4.364  0.0000  0.0055 2.53E-01 7.42E-01 0.2193 0.8030  0.457 0.2196 0.5935 8.89E-01  0.542 0.0000 0.0960  0.000  0.003  0.0000          
 1.363137E+09  2.272  3.992  3.284  8.274  4.384  0.0000  0.0038 2.35E-01 7.61E-01 0.1326 0.8030  0.478 0.2237 0.5860 8.82E-01  0.498 0.0000 0.0970  0.000  0.004  0.0000          
 1.363264E+09  2.273  3.987  3.264  8.283  4.428  0.0000  0.0019 2.30E-01 7.68E-01 0.1009 0.8030  0.525 0.2246 0.5704 8.37E-01  0.384 0.0000 0.0967  0.000  0.004  0.0000          
 1.363330E+09  2.273  3.982  3.246  8.290  4.472  0.0000  0.0009 2.27E-01 7.72E-01 0.0761 0.8030  0.617 0.2252 0.5460 7.33E-01  0.269 0.0000 0.1126  0.000  0.005  0.0000          
 1.363377E+09  2.272  3.978  3.228  8.292  4.521  0.0000  0.0004 2.25E-01 7.74E-01 0.0460 0.8030  0.918 0.2260 0.5142 4.77E-01  0.124 0.0000 0.1326  0.000  0.006  0.0000          
 1.363421E+09  2.265  3.974  3.218  8.253  4.542  0.0000  0.0000 2.24E-01 7.76E-01 0.0000 0.8030  1.870 0.2287 0.4685 1.42E-01  0.010 0.0000 0.1252  0.000  0.005  0.0000  Yc=0    
 1.363445E+09  2.246  3.974  3.238  8.248  4.580  0.0000  0.0000 2.25E-01 7.75E-01 0.0000 0.8030  0.960 0.2303 0.4790 2.38E-01  0.009 0.0024 0.1290  0.000  0.005  0.0000          
 1.363455E+09  2.227  3.972  3.250  8.250  4.598  0.0000  0.0000 2.25E-01 7.75E-01 0.0000 0.8030  0.915 0.2303 0.4773 2.53E-01  0.010 0.0040 0.1326  0.000  0.006  0.0000          
 1.363462E+09  2.209  3.969  3.256  8.252  4.611  0.0000  0.0000 2.25E-01 7.75E-01 0.0000 0.8030  0.921 0.2303 0.4755 2.59E-01  0.011 0.0050 0.1396  0.000  0.006  0.0000          
 1.363467E+09  2.195  3.966  3.258  8.253  4.621  0.0000  0.0000 2.25E-01 7.75E-01 0.0000 0.8030  0.938 0.2319 0.4720 2.62E-01  0.012 0.0055 0.1396  0.000  0.006  0.0000          
 1.363473E+09  2.182  3.962  3.254  8.254  4.631  0.0000  0.0000 2.25E-01 7.75E-01 0.0000 0.8030  0.960 0.2322 0.4703 2.63E-01  0.014 0.0062 0.1426  0.000  0.007  0.0000          
 1.363477E+09  2.172  3.957  3.245  8.256  4.640  0.0000  0.0000 2.25E-01 7.75E-01 0.0000 0.8030  0.979 0.2322 0.4685 2.64E-01  0.015 0.0068 0.1461  0.000  0.007  0.0000          
 1.363482E+09  2.164  3.953  3.235  8.257  4.648  0.0000  0.0000 2.25E-01 7.75E-01 0.0000 0.8030  0.999 0.2322 0.4667 2.63E-01  0.016 0.0075 0.1531  0.000  0.007  0.0000          
 1.363487E+09  2.157  3.946  3.215  8.258  4.658  0.0000  0.0000 2.25E-01 7.75E-01 0.0000 0.8030  1.022 0.2332 0.4632 2.62E-01  0.017 0.0082 0.1531  0.000  0.008  0.0000          
 1.363492E+09  2.154  3.940  3.194  8.259  4.666  0.0000  0.0000 2.25E-01 7.75E-01 0.0000 0.8030  1.038 0.2332 0.4614 2.61E-01  0.018 0.0090 0.1566  0.000  0.008  0.0000          
 1.363497E+09  2.152  3.934  3.172  8.260  4.673  0.0000  0.0000 2.25E-01 7.75E-01 0.0000 0.8030  1.054 0.2332 0.4596 2.59E-01  0.019 0.0097 0.1566  0.000  0.008  0.0000  Lmin    
 1.363501E+09  2.152  3.929  3.151  8.261  4.680  0.0000  0.0000 2.25E-01 7.75E-01 0.0000 0.8030  1.065 0.2343 0.4578 2.56E-01  0.020 0.0105 0.1566  0.000  0.009  0.0000          
 1.363508E+09  2.156  3.918  3.106  8.263  4.691  0.0000  0.0000 2.25E-01 7.75E-01 0.0000 0.8030  1.085 0.2343 0.4541 2.50E-01  0.021 0.0113 0.1601  0.000  0.009  0.0000          
 1.363513E+09  2.160  3.912  3.076  8.264  4.699  0.0000  0.0000 2.25E-01 7.75E-01 0.0000 0.8030  1.102 0.2343 0.4523 2.44E-01  0.022 0.0126 0.1601  0.000  0.009  0.0000          
 1.363517E+09  2.165  3.906  3.049  8.264  4.704  0.0000  0.0000 2.25E-01 7.75E-01 0.0000 0.8030  1.118 0.2353 0.4505 2.38E-01  0.022 0.0139 0.1628  0.000  0.009  0.0000          
 1.363524E+09  2.174  3.896  2.997  8.265  4.715  0.0000  0.0000 2.25E-01 7.75E-01 0.0000 0.8030  1.155 0.2353 0.4468 2.25E-01  0.022 0.0153 0.1628  0.000  0.009  0.0000          
 1.363527E+09  2.178  3.891  2.975  8.266  4.719  0.0000  0.0000 2.25E-01 7.75E-01 0.0000 0.8030  1.177 0.2364 0.4468 2.18E-01  0.022 0.0153 0.1628  0.000  0.009  0.0000          
 1.363532E+09  2.185  3.884  2.940  8.266  4.726  0.0000  0.0000 2.25E-01 7.75E-01 0.0000 0.8030  1.215 0.2364 0.4431 2.06E-01  0.022 0.0166 0.1656  0.000  0.009  0.0000          
 1.363539E+09  2.193  3.875  2.897  8.267  4.733  0.0000  0.0000 2.25E-01 7.75E-01 0.0000 0.8030  1.280 0.2375 0.4413 1.89E-01  0.022 0.0166 0.1656  0.000  0.009  0.0000          
 1.363546E+09  2.203  3.865  2.848  8.267  4.741  0.0000  0.0000 2.25E-01 7.75E-01 0.0000 0.8030  1.343 0.2375 0.4375 1.70E-01  0.021 0.0189 0.1656  0.000  0.009  0.0000          
 1.363551E+09  2.208  3.860  2.819  8.266  4.746  0.0000  0.0000 2.25E-01 7.75E-01 0.0000 0.8030  1.392 0.2375 0.4338 1.60E-01  0.020 0.0189 0.1656  0.000  0.008  0.0000          
 1.363556E+09  2.213  3.853  2.788  8.266  4.750  0.0000  0.0000 2.25E-01 7.75E-01 0.0000 0.8030  1.439 0.2391 0.4319 1.48E-01  0.019 0.0189 0.1656  0.000  0.008  0.0000          
 1.363564E+09  2.221  3.844  2.742  8.265  4.757  0.0000  0.0000 2.25E-01 7.75E-01 0.0000 0.8030  1.473 0.2391 0.4281 1.34E-01  0.018 0.0212 0.1656  0.000  0.008  0.0000          
 1.363569E+09  2.224  3.838  2.716  8.265  4.761  0.0000  0.0000 2.25E-01 7.75E-01 0.0000 0.8010  1.475 0.2401 0.4281 1.30E-01  0.017 0.0212 0.1628  0.000  0.008  0.0000          
 1.363579E+09  2.229  3.826  2.663  8.264  4.770  0.0000  0.0000 2.25E-01 7.75E-01 0.0000 0.8010  1.424 0.2406 0.4243 1.23E-01  0.016 0.0237 0.1628  0.000  0.008  0.0000          
 1.363586E+09  2.231  3.819  2.633  8.264  4.776  0.0000  0.0000 2.25E-01 7.75E-01 0.0000 0.8010  1.372 0.2412 0.4223 1.24E-01  0.016 0.0237 0.1628  0.000  0.008  0.0000          
 1.363595E+09  2.230  3.807  2.588  8.265  4.786  0.0000  0.0000 2.25E-01 7.75E-01 0.0000 0.8010  1.298 0.2417 0.4198 1.25E-01  0.017 0.0237 0.1656  0.000  0.008  0.0000          
 1.363615E+09  2.225  3.785  2.503  8.268  4.808  0.0000  0.0000 2.25E-01 7.75E-01 0.0000 0.8010  1.215 0.2434 0.4147 1.29E-01  0.019 0.0270 0.1721  0.000  0.009  0.0000          
 1.363626E+09  2.222  3.774  2.464  8.270  4.820  0.0000  0.0000 2.25E-01 7.75E-01 0.0000 0.8010  1.197 0.2442 0.4134 1.30E-01  0.021 0.0270 0.1748  0.000  0.009  0.0000          
 1.363642E+09  2.221  3.764  2.423  8.273  4.839  0.0000  0.0000 2.25E-01 7.75E-01 0.0000 0.8010  1.187 0.2452 0.4083 1.29E-01  0.024 0.0304 0.1775  0.000  0.009  0.0000          
 1.363652E+09  2.221  3.759  2.402  8.274  4.849  0.0000  0.0000 2.25E-01 7.75E-01 0.0000 0.8010  1.209 0.2459 0.4070 1.25E-01  0.026 0.0304 0.1775  0.000  0.010  0.0000          
 1.363669E+09  2.228  3.752  2.369  8.276  4.866  0.0000  0.0000 2.25E-01 7.75E-01 0.0000 0.8010  1.227 0.2471 0.4017 1.18E-01  0.028 0.0338 0.1834  0.000  0.010  0.0000          
 1.363688E+09  2.238  3.745  2.331  8.278  4.884  0.0000  0.0000 2.25E-01 7.75E-01 0.0000 0.8010  1.282 0.2485 0.3971 1.05E-01  0.028 0.0371 0.1862  0.000  0.010  0.0000          
 1.363705E+09  2.249  3.741  2.303  8.279  4.897  0.0000  0.0000 2.25E-01 7.75E-01 0.0000 0.8010  1.289 0.2497 0.3925 9.69E-02  0.029 0.0371 0.1862  0.000  0.010  0.0000  Bagb    
 1.363728E+09  2.268  3.736  2.265  8.281  4.918  0.0000  0.0000 2.25E-01 7.75E-01 0.0000 0.8010  1.211 0.2512 0.3885 9.36E-02  0.030 0.0420 0.1889  0.000  0.010  0.0000          
 1.363746E+09  2.285  3.733  2.235  8.283  4.933  0.0000  0.0000 2.25E-01 7.75E-01 0.0000 0.8010  1.140 0.2524 0.3851 9.36E-02  0.032 0.0420 0.1916  0.000  0.010  0.0000          
 1.363763E+09  2.309  3.730  2.199  8.285  4.949  0.0000  0.0000 2.25E-01 7.75E-01 0.0000 0.8010  1.072 0.2536 0.3831 9.38E-02  0.033 0.0460 0.1971  0.000  0.010  0.0000          
 1.363774E+09  2.326  3.728  2.175  8.286  4.958  0.0000  0.0000 2.25E-01 7.75E-01 0.0000 0.7970  1.048 0.2542 0.3818 9.11E-02  0.034 0.0460 0.1971  0.000  0.010  0.0000          
 1.363793E+09  2.354  3.726  2.138  8.288  4.973  0.0000  0.0000 2.25E-01 7.75E-01 0.0000 0.7949  0.998 0.2555 0.3791 8.90E-02  0.034 0.0507 0.1997  0.000  0.010  0.0000          
 1.363822E+09  2.393  3.723  2.089  8.291  4.996  0.0000  0.0000 2.25E-01 7.75E-01 0.0000 0.7709  0.958 0.2575 0.3756 8.23E-02  0.035 0.0552 0.1997  0.000  0.009  0.0000          
 1.363850E+09  2.419  3.722  2.057  8.293  5.017  0.0000  0.0000 2.25E-01 7.75E-01 0.0000 0.7303  0.932 0.2593 0.3729 7.77E-02  0.035 0.0568 0.2024  0.000  0.009  0.0000          
 1.363877E+09  2.438  3.720  2.031  8.295  5.036  0.0000  0.0000 2.25E-01 7.75E-01 0.0000 0.7030  0.904 0.2611 0.3708 7.60E-02  0.037 0.0612 0.2050  0.000  0.009  0.0000          
 1.363913E+09  2.461  3.719  2.004  8.298  5.061  0.0000  0.0000 2.25E-01 7.75E-01 0.0000 0.6748  0.883 0.2634 0.3681 7.34E-02  0.040 0.0658 0.2275  0.000  0.009  0.0000          
 1.363951E+09  2.480  3.718  1.981  8.301  5.087  0.0000  0.0000 2.25E-01 7.75E-01 0.0000 0.6493  0.885 0.2658 0.3660 6.87E-02  0.042 0.0704 0.2303  0.000  0.009  0.0000          
 1.363995E+09  2.499  3.717  1.959  8.304  5.115  0.0000  0.0000 2.25E-01 7.75E-01 0.0000 0.6344  0.871 0.2685 0.3639 6.73E-02  0.046 0.0761 0.2332  0.000  0.010  0.0000          
 1.364045E+09  2.518  3.716  1.936  8.307  5.146  0.0000  0.0000 2.25E-01 7.75E-01 0.0000 0.6136  0.869 0.2715 0.3625 6.43E-02  0.050 0.0810 0.2375  0.000  0.010  0.0000          
 1.364102E+09  2.537  3.715  1.913  8.311  5.179  0.0000  0.0000 2.25E-01 7.75E-01 0.0000 0.5991  0.856 0.2748 0.3604 6.41E-02  0.055 0.0876 0.2422  0.000  0.011  0.0000          
 1.364166E+09  2.555  3.714  1.890  8.314  5.215  0.0000  0.0000 2.25E-01 7.75E-01 0.0000 0.5856  0.848 0.2784 0.3597 6.40E-02  0.061 0.0962 0.2468  0.000  0.011  0.0000          
 1.364238E+09  2.573  3.713  1.869  8.318  5.253  0.0000  0.0000 2.25E-01 7.75E-01 0.0000 0.5704  0.860 0.2822 0.3583 6.13E-02  0.067 0.1044 0.2510  0.000  0.012  0.0000          
 1.364311E+09  2.592  3.712  1.847  8.322  5.290  0.0000  0.0000 2.25E-01 7.75E-01 0.0000 0.5584  0.845 0.2859 0.3576 6.16E-02  0.076 0.1126 0.2563  0.000  0.013  0.0000          
 1.364416E+09  2.611  3.712  1.825  8.325  5.341  0.0000  0.0000 2.25E-01 7.75E-01 0.0000 0.5476  0.810 0.2909 0.3583 6.59E-02  0.107 0.1236 0.2600  0.000  0.014  0.0000          
 1.364459E+09  2.616  3.712  1.819  8.326  5.360  0.0000  0.0000 2.25E-01 7.75E-01 0.0000 0.5458  0.762 0.2928 0.3597 7.18E-02  0.168 0.1290 0.2588  0.000  0.014  0.0000  1tp
