#age/yr        logL   logTef lgrav  logTc  logrho Xc      Yc     Xc_C     Xc_O     Q_conv Q_disc  L_H/L Q1_H   Q2_H   f_pp      L_He/L Q1_He  Q2_He  L_C/L  L_nu/L Q_Tmax  stage
 0.000000E+00  3.349  4.542  5.049  7.768  2.093  0.7675  0.2325 0.00E+00 0.00E+00 0.2922 0.2868  0.953 0.0000 0.8599 1.00E+00  0.000 0.0000 0.0000  0.000  0.000  0.0000  ZAMS                
 3.216489E+06  3.363  4.545  5.049  7.783  2.119  0.7269  0.2731 0.00E+00 0.00E+00 0.3144 0.7104  1.001 0.0000 0.8299 1.00E+00  0.000 0.0000 0.0000  0.000  0.000  0.0000          
 4.891609E+06  3.378  4.548  5.045  7.791  2.137  0.7072  0.2928 0.00E+00 0.00E+00 0.3020 0.7447  1.001 0.0000 0.8299 1.00E+00  0.000 0.0000 0.0000  0.000  0.000  0.0000          
 6.562407E+06  3.392  4.551  5.044  7.800  2.156  0.6869  0.3131 0.00E+00 0.00E+00 0.2975 0.7633  1.001 0.0000 0.8299 1.00E+00  0.000 0.0000 0.0000  0.000  0.000  0.0000          
 8.209434E+06  3.408  4.555  5.041  7.809  2.178  0.6657  0.3343 0.00E+00 0.00E+00 0.2823 0.7797  1.001 0.0000 0.8336 1.00E+00  0.000 0.0000 0.0000  0.000  0.000  0.0000          
 9.826456E+06  3.423  4.558  5.038  7.819  2.199  0.6440  0.3560 2.66E-21 8.26E-33 0.2786 0.7890  1.001 0.0000 0.8336 1.00E+00  0.000 0.0000 0.0000  0.000  0.000  0.0000          
 1.121436E+07  3.437  4.561  5.035  7.828  2.221  0.6243  0.3757 5.41E-20 1.57E-30 0.2635 0.7979  1.001 0.0000 0.8336 1.00E+00  0.000 0.0000 0.0000  0.000  0.000  0.0000          
 1.254537E+07  3.451  4.564  5.032  7.837  2.244  0.6045  0.3955 9.85E-21 3.71E-21 0.2555 0.8064  1.000 0.0000 0.8371 1.00E+00  0.000 0.0000 0.0000  0.000  0.000  0.0000          
 1.380627E+07  3.466  4.566  5.030  7.847  2.267  0.5846  0.4154 5.46E-20 1.96E-20 0.2438 0.8146  1.001 0.0000 0.8371 1.00E+00  0.000 0.0000 0.0000  0.000  0.000  0.0000          
 1.499290E+07  3.481  4.569  5.027  7.856  2.291  0.5648  0.4352 2.58E-19 8.81E-20 0.2258 0.8186  1.001 0.0000 0.8406 1.00E+00  0.000 0.0000 0.0000  0.000  0.000  0.0000          
 1.620361E+07  3.495  4.572  5.023  7.866  2.316  0.5435  0.4565 1.34E-18 4.35E-19 0.2172 0.8224  1.001 0.0000 0.8406 1.00E+00  0.000 0.0000 0.0000  0.000  0.000  0.0000          
 1.728817E+07  3.510  4.575  5.020  7.876  2.342  0.5232  0.4768 6.41E-18 1.97E-18 0.2043 0.8299  1.001 0.0000 0.8440 1.00E+00  0.000 0.0000 0.0000  0.000  0.000  0.0000          
 1.833189E+07  3.525  4.578  5.015  7.885  2.371  0.5026  0.4974 3.07E-17 8.98E-18 0.1850 0.8336  1.001 0.0000 0.8440 1.00E+00  0.000 0.0000 0.0000  0.000  0.000  0.0000          
 1.932561E+07  3.540  4.580  5.011  7.896  2.399  0.4818  0.5182 1.46E-16 4.04E-17 0.1713 0.8371  1.000 0.0000 0.8440 1.00E+00  0.000 0.0000 0.0000  0.000  0.000  0.0000          
 2.031891E+07  3.555  4.583  5.007  7.906  2.430  0.4595  0.5405 7.63E-16 2.00E-16 0.1618 0.8406  1.001 0.0000 0.8473 1.00E+00  0.000 0.0000 0.0000  0.000  0.000  0.0000          
 2.122662E+07  3.570  4.586  5.002  7.917  2.463  0.4382  0.5618 3.63E-15 9.05E-16 0.1470 0.8406  1.001 0.0000 0.8473 1.00E+00  0.000 0.0000 0.0000  0.000  0.000  0.0000          
 2.208719E+07  3.585  4.588  4.997  7.928  2.496  0.4167  0.5833 1.74E-14 4.09E-15 0.1333 0.8440  1.001 0.0000 0.8506 9.99E-01  0.000 0.0000 0.0000  0.000  0.000  0.0000          
 2.294870E+07  3.601  4.591  4.991  7.939  2.533  0.3937  0.6063 9.13E-14 2.03E-14 0.1185 0.8473  1.001 0.0000 0.8506 9.96E-01  0.000 0.0000 0.0000  0.000  0.000  0.0000          
 2.393032E+07  3.618  4.593  4.983  7.951  2.568  0.3663  0.6337 5.56E-13 1.17E-13 0.1147 0.8506  1.003 0.0000 0.8473 9.70E-01  0.000 0.0000 0.0000  0.000  0.000  0.0000          
 2.409604E+07  3.620  4.593  4.980  7.953  2.572  0.3615  0.6385 7.36E-13 1.53E-13 0.1147 0.8506  1.004 0.0000 0.8473 9.60E-01  0.000 0.0000 0.0000  0.000  0.000  0.0000  Tmax    
 2.560693E+07  3.632  4.589  4.953  7.962  2.565  0.3228  0.6772 3.61E-12 7.33E-13 0.1455 0.8538  1.007 0.0000 0.8224 7.90E-01  0.000 0.0000 0.0000  0.000  0.000  0.0000          
 2.672382E+07  3.641  4.584  4.925  7.964  2.551  0.2945  0.7055 6.63E-12 1.34E-12 0.1589 0.8569  1.008 0.0000 0.7979 6.49E-01  0.000 0.0000 0.0000  0.000  0.000  0.0000          
 2.765191E+07  3.650  4.579  4.897  7.965  2.540  0.2697  0.7303 9.63E-12 1.94E-12 0.1701 0.8569  1.008 0.0000 0.7797 5.43E-01  0.000 0.0000 0.0000  0.000  0.000  0.0000          
 2.846915E+07  3.658  4.575  4.871  7.966  2.533  0.2462  0.7538 1.28E-11 2.57E-12 0.1716 0.8569  1.008 0.0000 0.7633 4.56E-01  0.000 0.0000 0.0000  0.000  0.000  0.0000          
 2.921983E+07  3.666  4.570  4.844  7.967  2.528  0.2245  0.7755 1.62E-11 3.23E-12 0.1738 0.8599  1.008 0.0000 0.7447 3.85E-01  0.000 0.0000 0.0000  0.000  0.000  0.0000          
 2.990606E+07  3.674  4.565  4.818  7.969  2.524  0.2018  0.7982 2.02E-11 4.00E-12 0.1716 0.8599  1.008 0.0000 0.7247 3.24E-01  0.000 0.0000 0.0000  0.000  0.000  0.0000          
 3.049634E+07  3.680  4.561  4.793  7.970  2.522  0.1815  0.8185 2.43E-11 4.80E-12 0.1708 0.8599  1.008 0.0000 0.7104 2.76E-01  0.000 0.0000 0.0000  0.000  0.000  0.0000          
 3.107630E+07  3.687  4.556  4.768  7.971  2.521  0.1607  0.8393 2.93E-11 5.75E-12 0.1693 0.8599  1.009 0.0000 0.6955 2.34E-01  0.000 0.0000 0.0000  0.000  0.000  0.0000          
 3.162590E+07  3.694  4.552  4.743  7.973  2.521  0.1402  0.8598 3.53E-11 6.87E-12 0.1669 0.8599  1.009 0.0000 0.6716 1.98E-01  0.000 0.0000 0.0000  0.000  0.000  0.0000          
 3.213152E+07  3.701  4.547  4.718  7.975  2.523  0.1204  0.8796 4.24E-11 8.18E-12 0.1629 0.8599  1.009 0.0000 0.6569 1.68E-01  0.000 0.0000 0.0000  0.000  0.000  0.0000          
 3.258129E+07  3.708  4.543  4.694  7.977  2.526  0.1019  0.8981 5.08E-11 9.71E-12 0.1581 0.8599  1.009 0.0000 0.6371 1.44E-01  0.000 0.0000 0.0000  0.000  0.000  0.0000          
 3.307790E+07  3.715  4.538  4.668  7.980  2.531  0.0804  0.9196 6.38E-11 1.20E-11 0.1557 0.8599  1.008 0.0000 0.6162 1.21E-01  0.000 0.0000 0.0000  0.000  0.000  0.0000          
 3.352974E+07  3.722  4.534  4.643  7.984  2.539  0.0601  0.9399 8.23E-11 1.53E-11 0.1526 0.8599  1.008 0.0000 0.6016 1.04E-01  0.000 0.0000 0.0000  0.000  0.000  0.0000          
 3.397800E+07  3.730  4.529  4.617  7.990  2.554  0.0388  0.9613 1.16E-10 2.10E-11 0.1471 0.8599  1.007 0.0000 0.5864 9.03E-02  0.000 0.0000 0.0000  0.000  0.000  0.0000          
 3.440505E+07  3.740  4.527  4.597  8.001  2.588  0.0170  0.9830 2.05E-10 3.52E-11 0.1389 0.8599  1.002 0.0000 0.5707 8.40E-02  0.000 0.0000 0.0000  0.000  0.000  0.0000  Tmin    
 3.464327E+07  3.751  4.530  4.600  8.019  2.651  0.0043  0.9957 4.65E-10 7.40E-11 0.1325 0.8599  0.975 0.0000 0.5786 9.53E-02  0.000 0.0000 0.0000  0.000  0.000  0.0000          
 3.469559E+07  3.760  4.535  4.608  8.033  2.702  0.0015  0.9985 8.34E-10 1.25E-10 0.1285 0.8599  0.919 0.0000 0.6016 1.13E-01  0.000 0.0000 0.0000  0.000  0.000  0.0000          
 3.471729E+07  3.770  4.539  4.615  8.047  2.764  0.0004  0.9996 1.58E-09 2.23E-10 0.1136 0.8599  0.782 0.0000 0.6303 1.50E-01  0.000 0.0000 0.0000  0.000  0.000  0.0000          
 3.472657E+07  3.780  4.543  4.621  8.063  2.846  0.0000  1.0000 3.70E-09 4.83E-10 0.0745 0.8599  0.465 0.0000 0.7176 2.85E-01  0.000 0.0000 0.0095  0.000  0.000  0.0000          
 3.473192E+07  3.791  4.546  4.625  8.076  2.966  0.0000  1.0000 1.97E-06 1.42E-09 0.0000 0.8599  0.306 0.0246 0.8186 5.00E-01  0.000 0.0000 0.0165  0.000  0.000  0.0000          
 3.473762E+07  3.802  4.550  4.629  8.088  3.088  0.0000  1.0000 1.76E-05 1.89E-09 0.0000 0.8599  0.413 0.0535 0.7979 4.22E-01  0.000 0.0000 0.0282  0.000  0.000  0.0000          
 3.474541E+07  3.814  4.554  4.631  8.103  3.219  0.0000  0.9999 1.34E-04 1.48E-08 0.0000 0.8599  0.597 0.0690 0.7510 3.34E-01  0.001 0.0000 0.0437  0.000  0.000  0.0000          
 3.475907E+07  3.824  4.557  4.633  8.118  3.368  0.0000  0.9986 1.37E-03 6.53E-07 0.0000 0.8599  0.884 0.0925 0.6877 2.48E-01  0.006 0.0000 0.0437  0.000  0.000  0.0000  T2max   
 3.478547E+07  3.813  4.551  4.622  8.129  3.503  0.0000  0.9949 5.12E-03 7.39E-06 0.0065 0.8599  1.081 0.1136 0.6303 1.89E-01  0.019 0.0000 0.0366  0.000  0.000  0.0000          
 3.479830E+07  3.812  4.547  4.606  8.134  3.537  0.0000  0.9930 7.01E-03 1.33E-05 0.0106 0.8599  1.075 0.1166 0.6162 1.79E-01  0.031 0.0000 0.0308  0.000  0.000  0.0000          
 3.481470E+07  3.817  4.542  4.580  8.143  3.553  0.0000  0.9914 8.58E-03 1.97E-05 0.0181 0.8599  1.012 0.1205 0.6089 1.79E-01  0.062 0.0000 0.0282  0.000  0.000  0.0000          
 3.483305E+07  3.831  4.539  4.555  8.152  3.535  0.0000  0.9881 1.19E-02 3.27E-05 0.0273 0.8599  0.908 0.1245 0.6089 1.94E-01  0.106 0.0000 0.0288  0.000  0.000  0.0000  Blp     
 3.486391E+07  3.852  4.542  4.544  8.160  3.485  0.0000  0.9787 2.12E-02 8.47E-05 0.0350 0.8599  0.806 0.1305 0.6162 2.33E-01  0.143 0.0000 0.0328  0.000  0.000  0.0000          
 3.488728E+07  3.858  4.546  4.556  8.163  3.457  0.0000  0.9704 2.95E-02 1.55E-04 0.0374 0.8599  0.785 0.1333 0.6233 2.54E-01  0.155 0.0000 0.0350  0.000  0.000  0.0000          
 3.491209E+07  3.857  4.551  4.575  8.165  3.431  0.0000  0.9717 2.82E-02 1.78E-04 0.0398 0.8599  0.788 0.1349 0.6303 2.69E-01  0.162 0.0000 0.0366  0.000  0.000  0.0000          
 3.494958E+07  3.852  4.556  4.601  8.168  3.401  0.0000  0.9622 3.75E-02 2.86E-04 0.0620 0.8599  0.787 0.1385 0.6371 2.94E-01  0.178 0.0000 0.0388  0.000  0.000  0.0000          
 3.501404E+07  3.846  4.561  4.626  8.172  3.378  0.0000  0.9437 5.57E-02 5.88E-04 0.0667 0.8629  0.772 0.1423 0.6504 3.28E-01  0.209 0.0000 0.0415  0.000  0.000  0.0000          
 3.509843E+07  3.845  4.566  4.647  8.177  3.353  0.0000  0.9203 7.86E-02 1.17E-03 0.0739 0.8629  0.723 0.1482 0.6632 3.81E-01  0.260 0.0000 0.0448  0.000  0.000  0.0000          
 3.520991E+07  3.842  4.570  4.668  8.182  3.330  0.0000  0.8863 1.11E-01 2.37E-03 0.0823 0.8629  0.675 0.1532 0.6632 4.39E-01  0.318 0.0000 0.0515  0.000  0.000  0.0000          
 3.541666E+07  3.841  4.574  4.683  8.190  3.311  0.0000  0.8160 1.78E-01 6.26E-03 0.0927 0.8629  0.606 0.1609 0.6632 5.11E-01  0.399 0.0000 0.0550  0.000  0.000  0.0000  Lpt     
 3.570970E+07  3.844  4.569  4.662  8.198  3.324  0.0000  0.6904 2.92E-01 1.79E-02 0.0958 0.8629  0.593 0.1681 0.6438 4.66E-01  0.422 0.0000 0.0550  0.000  0.000  0.0000          
 3.593370E+07  3.850  4.565  4.639  8.205  3.338  0.0000  0.5950 3.73E-01 3.22E-02 0.0974 0.8629  0.573 0.1712 0.6569 4.35E-01  0.438 0.0000 0.0585  0.000  0.000  0.0000          
 3.633535E+07  3.858  4.561  4.614  8.221  3.356  0.0000  0.4385 4.89E-01 7.26E-02 0.1059 0.8629  0.497 0.1748 0.6632 4.54E-01  0.512 0.0000 0.0619  0.000  0.000  0.0000          
 3.664546E+07  3.865  4.556  4.590  8.236  3.386  0.0000  0.3134 5.61E-01 1.25E-01 0.1111 0.8629  0.456 0.1759 0.6569 4.56E-01  0.553 0.0000 0.0653  0.000  0.000  0.0000          
 3.689078E+07  3.873  4.552  4.566  8.251  3.426  0.0000  0.2159 5.96E-01 1.89E-01 0.1134 0.8629  0.444 0.1783 0.6438 4.36E-01  0.565 0.0000 0.0686  0.000  0.000  0.0000          
 3.708205E+07  3.881  4.548  4.542  8.265  3.473  0.0000  0.1436 5.99E-01 2.58E-01 0.1136 0.8629  0.454 0.1804 0.6233 4.01E-01  0.555 0.0000 0.0719  0.000  0.000  0.0000          
 3.723295E+07  3.888  4.544  4.517  8.279  3.523  0.0000  0.0942 5.79E-01 3.27E-01 0.1109 0.8629  0.479 0.1822 0.6016 3.57E-01  0.530 0.0000 0.0751  0.000  0.000  0.0000          
 3.734856E+07  3.894  4.539  4.493  8.292  3.570  0.0000  0.0622 5.49E-01 3.89E-01 0.1079 0.8629  0.507 0.1842 0.5786 3.20E-01  0.503 0.0000 0.0751  0.000  0.000  0.0000          
 3.743693E+07  3.900  4.535  4.470  8.303  3.615  0.0000  0.0410 5.17E-01 4.42E-01 0.1037 0.8629  0.542 0.1858 0.5543 2.81E-01  0.472 0.0000 0.0751  0.000  0.000  0.0000          
 3.750451E+07  3.904  4.530  4.447  8.313  3.659  0.0000  0.0270 4.89E-01 4.84E-01 0.1001 0.8629  0.573 0.1869 0.5266 2.51E-01  0.442 0.0000 0.0765  0.000  0.001  0.0000          
 3.755553E+07  3.909  4.526  4.424  8.324  3.703  0.0000  0.0172 4.65E-01 5.17E-01 0.0960 0.8629  0.607 0.1881 0.5066 2.24E-01  0.412 0.0000 0.0727  0.000  0.001  0.0000          
 3.759393E+07  3.912  4.521  4.402  8.334  3.749  0.0000  0.0104 4.47E-01 5.43E-01 0.0913 0.8629  0.648 0.1891 0.4856 1.97E-01  0.375 0.0000 0.1163  0.000  0.001  0.0000          
 3.762232E+07  3.914  4.516  4.379  8.345  3.800  0.0000  0.0058 4.34E-01 5.60E-01 0.0844 0.8629  0.696 0.1899 0.4638 1.72E-01  0.334 0.0000 0.1205  0.000  0.001  0.0000          
 3.763925E+07  3.914  4.511  4.361  8.356  3.849  0.0000  0.0032 4.26E-01 5.71E-01 0.0771 0.8629  0.747 0.1901 0.4410 1.51E-01  0.288 0.0000 0.1245  0.000  0.001  0.0000          
 3.764130E+07  3.914  4.511  4.358  8.357  3.856  0.0000  0.0029 4.25E-01 5.72E-01 0.0768 0.8629  0.756 0.1905 0.4410 1.48E-01  0.280 0.0000 0.1267  0.000  0.001  0.0000  Yc=0    
 3.765344E+07  3.913  4.506  4.340  8.369  3.916  0.0000  0.0012 4.20E-01 5.78E-01 0.0665 0.8629  0.834 0.1909 0.4120 1.26E-01  0.214 0.0000 0.1311  0.000  0.001  0.0000          
 3.766220E+07  3.911  4.501  4.324  8.384  3.995  0.0000  0.0003 4.18E-01 5.82E-01 0.0446 0.8629  0.934 0.1911 0.3900 1.04E-01  0.106 0.0000 0.1409  0.000  0.001  0.0000          
 3.766890E+07  3.906  4.496  4.307  8.395  4.103  0.0000  0.0000 4.17E-01 5.83E-01 0.0000 0.8629  1.066 0.1916 0.3613 8.28E-02  0.033 0.0254 0.1542  0.000  0.002  0.0000          
 3.767365E+07  3.901  4.491  4.292  8.403  4.184  0.0000  0.0000 4.17E-01 5.83E-01 0.0000 0.8629  1.077 0.1918 0.3494 7.45E-02  0.065 0.0299 0.1512  0.000  0.002  0.0000          
 3.767796E+07  3.896  4.485  4.275  8.410  4.251  0.0000  0.0000 4.17E-01 5.83E-01 0.0000 0.8629  1.037 0.1922 0.3399 7.14E-02  0.131 0.0355 0.1497  0.000  0.002  0.0000          
 3.768181E+07  3.892  4.480  4.257  8.416  4.304  0.0000  0.0000 4.17E-01 5.83E-01 0.0000 0.8629  0.953 0.1924 0.3363 7.25E-02  0.259 0.0378 0.1482  0.000  0.003  0.0000          
 3.768565E+07  3.891  4.474  4.236  8.418  4.345  0.0000  0.0000 4.17E-01 5.83E-01 0.0000 0.8629  0.803 0.1926 0.3434 8.01E-02  0.488 0.0412 0.1482  0.000  0.003  0.0000  Lmin    
 3.768890E+07  3.893  4.470  4.216  8.415  4.370  0.0000  0.0000 4.17E-01 5.83E-01 0.0000 0.8629  0.651 0.1926 0.3554 9.27E-02  0.671 0.0446 0.1458  0.000  0.003  0.0000          
 3.769591E+07  3.907  4.462  4.172  8.411  4.420  0.0000  0.0000 4.17E-01 5.83E-01 0.0000 0.8629  0.455 0.1930 0.3729 1.18E-01  0.752 0.0461 0.1458  0.000  0.002  0.0000          
 3.770436E+07  3.925  4.457  4.132  8.412  4.479  0.0000  0.0000 4.17E-01 5.83E-01 0.0000 0.8629  0.344 0.1932 0.3900 1.40E-01  0.773 0.0477 0.1482  0.000  0.002  0.0000          
 3.771303E+07  3.934  4.452  4.105  8.415  4.538  0.0000  0.0000 4.17E-01 5.83E-01 0.0000 0.8629  0.274 0.1934 0.3956 1.57E-01  0.810 0.0508 0.1482  0.000  0.002  0.0000          
 3.772221E+07  3.937  4.449  4.087  8.420  4.596  0.0000  0.0000 4.17E-01 5.83E-01 0.0000 0.8629  0.223 0.1936 0.4066 1.74E-01  0.856 0.0538 0.1482  0.000  0.002  0.0000  L3max   
 3.773198E+07  3.936  4.444  4.070  8.426  4.654  0.0000  0.0000 4.17E-01 5.83E-01 0.0000 0.8629  0.182 0.1936 0.4120 1.92E-01  0.903 0.0552 0.1482  0.000  0.003  0.0000          
 3.774230E+07  3.934  4.438  4.049  8.433  4.713  0.0000  0.0000 4.17E-01 5.83E-01 0.0000 0.8629  0.147 0.1938 0.4174 2.11E-01  0.947 0.0586 0.1482  0.000  0.003  0.0000          
 3.775317E+07  3.933  4.431  4.022  8.442  4.771  0.0000  0.0000 4.17E-01 5.83E-01 0.0000 0.8629  0.117 0.1938 0.4227 2.31E-01  0.986 0.0614 0.1482  0.000  0.003  0.0000          
 3.776457E+07  3.932  4.423  3.989  8.451  4.830  0.0000  0.0000 4.17E-01 5.83E-01 0.0000 0.8629  0.091 0.1940 0.4280 2.53E-01  1.020 0.0658 0.1497  0.000  0.004  0.0000          
 3.777046E+07  3.932  4.418  3.969  8.456  4.859  0.0000  0.0000 4.17E-01 5.83E-01 0.0000 0.8629  0.079 0.1940 0.4332 2.65E-01  1.035 0.0668 0.1497  0.000  0.004  0.0000          
 3.777648E+07  3.932  4.413  3.949  8.462  4.889  0.0000  0.0000 4.17E-01 5.83E-01 0.0000 0.8629  0.069 0.1940 0.4332 2.78E-01  1.049 0.0692 0.1497  0.000  0.005  0.0000          
 3.778261E+07  3.933  4.407  3.927  8.467  4.918  0.0000  0.0000 4.17E-01 5.83E-01 0.0000 0.8629  0.059 0.1940 0.4332 2.92E-01  1.061 0.0709 0.1497  0.000  0.005  0.0000          
 3.778883E+07  3.933  4.402  3.903  8.473  4.948  0.0000  0.0000 4.17E-01 5.83E-01 0.0000 0.8629  0.051 0.1940 0.4372 3.07E-01  1.073 0.0730 0.1497  0.000  0.006  0.0000          
 3.779515E+07  3.934  4.395  3.877  8.478  4.978  0.0000  0.0000 4.17E-01 5.83E-01 0.0000 0.8629  0.044 0.1940 0.4410 3.34E-01  1.084 0.0750 0.1497  0.000  0.006  0.0000          
 3.780146E+07  3.934  4.389  3.851  8.484  5.007  0.0000  0.0000 4.17E-01 5.83E-01 0.0000 0.8629  0.036 0.1942 0.4372 3.42E-01  1.094 0.0771 0.1497  0.000  0.007  0.0000          
 3.780573E+07  3.935  4.384  3.832  8.489  5.027  0.0000  0.0000 4.17E-01 5.83E-01 0.0000 0.8629  0.032 0.1942 0.4372 3.59E-01  1.101 0.0782 0.1497  0.000  0.007  0.0000          
 3.780999E+07  3.935  4.379  3.812  8.493  5.047  0.0000  0.0000 4.17E-01 5.83E-01 0.0000 0.8629  0.028 0.1942 0.4372 3.74E-01  1.107 0.0806 0.1497  0.000  0.008  0.0000          
 3.781424E+07  3.935  4.374  3.792  8.497  5.067  0.0000  0.0000 4.17E-01 5.83E-01 0.0000 0.8629  0.025 0.1942 0.4372 3.90E-01  1.114 0.0820 0.1497  0.000  0.008  0.0000          
 3.781846E+07  3.935  4.369  3.771  8.502  5.088  0.0000  0.0000 4.17E-01 5.83E-01 0.0000 0.8629  0.022 0.1942 0.4372 4.06E-01  1.121 0.0837 0.1497  0.000  0.009  0.0000          
 3.782264E+07  3.935  4.364  3.749  8.506  5.108  0.0000  0.0000 4.17E-01 5.83E-01 0.0000 0.8629  0.019 0.1942 0.4372 4.24E-01  1.128 0.0847 0.1482  0.000  0.010  0.0000          
 3.782679E+07  3.935  4.358  3.727  8.511  5.128  0.0000  0.0000 4.17E-01 5.83E-01 0.0000 0.8629  0.016 0.1942 0.4372 4.44E-01  1.135 0.0866 0.1482  0.000  0.010  0.0000          
 3.783089E+07  3.935  4.352  3.703  8.516  5.148  0.0000  0.0000 4.17E-01 5.83E-01 0.0000 0.8629  0.014 0.1942 0.4332 4.65E-01  1.143 0.0879 0.1482  0.000  0.011  0.0000          
 3.783493E+07  3.935  4.346  3.678  8.520  5.169  0.0000  0.0000 4.17E-01 5.83E-01 0.0000 0.8629  0.012 0.1942 0.4332 4.88E-01  1.151 0.0893 0.1482  0.000  0.012  0.0000          
 3.783892E+07  3.934  4.339  3.652  8.525  5.189  0.0000  0.0000 4.17E-01 5.83E-01 0.0000 0.8629  0.010 0.1942 0.4332 5.13E-01  1.159 0.0909 0.1482  0.000  0.013  0.0000          
 3.784283E+07  3.934  4.332  3.625  8.530  5.209  0.0000  0.0000 4.17E-01 5.83E-01 0.0000 0.8629  0.008 0.1942 0.4280 5.39E-01  1.167 0.0922 0.1482  0.000  0.014  0.0000          
 3.784668E+07  3.934  4.325  3.597  8.535  5.230  0.0000  0.0000 4.17E-01 5.83E-01 0.0000 0.8629  0.007 0.1942 0.4280 5.67E-01  1.176 0.0934 0.1482  0.000  0.016  0.0000          
 3.785046E+07  3.933  4.317  3.567  8.540  5.250  0.0000  0.0000 4.17E-01 5.83E-01 0.0000 0.8629  0.006 0.1942 0.4280 5.96E-01  1.185 0.0950 0.1482  0.000  0.017  0.0000          
 3.785415E+07  3.932  4.309  3.535  8.545  5.270  0.0000  0.0000 4.17E-01 5.83E-01 0.0000 0.8629  0.005 0.1942 0.4174 6.27E-01  1.193 0.0962 0.1482  0.000  0.019  0.0000          
 3.785777E+07  3.932  4.301  3.502  8.550  5.291  0.0000  0.0000 4.17E-01 5.83E-01 0.0000 0.8629  0.004 0.1942 0.4066 6.59E-01  1.203 0.0975 0.1482  0.000  0.021  0.0000          
 3.786132E+07  3.931  4.292  3.467  8.555  5.311  0.0000  0.0000 4.17E-01 5.83E-01 0.0000 0.8629  0.003 0.1942 0.3900 6.91E-01  1.212 0.0988 0.1470  0.000  0.023  0.0000          
 3.786478E+07  3.930  4.283  3.431  8.560  5.332  0.0000  0.0000 4.17E-01 5.83E-01 0.0000 0.8629  0.002 0.1942 0.3787 7.24E-01  1.221 0.0998 0.1470  0.000  0.025  0.0000          
 3.786816E+07  3.929  4.273  3.392  8.564  5.352  0.0000  0.0000 4.17E-01 5.83E-01 0.0000 0.8629  0.002 0.1942 0.3613 7.57E-01  1.231 0.1012 0.1470  0.000  0.027  0.0000          
 3.787146E+07  3.928  4.262  3.351  8.569  5.373  0.0000  0.0000 4.17E-01 5.83E-01 0.0000 0.8629  0.002 0.1942 0.3494 7.89E-01  1.241 0.1021 0.1470  0.000  0.030  0.0000          
 3.787467E+07  3.927  4.251  3.307  8.574  5.393  0.0000  0.0000 4.17E-01 5.83E-01 0.0000 0.8629  0.001 0.1942 0.3363 8.20E-01  1.251 0.1033 0.1464  0.000  0.033  0.0000          
 3.787765E+07  3.926  4.240  3.264  8.578  5.413  0.0000  0.0000 4.17E-01 5.83E-01 0.0000 0.8629  0.001 0.1942 0.3218 8.48E-01  1.260 0.1044 0.1464  0.000  0.036  0.0000          
 3.788028E+07  3.925  4.230  3.223  8.582  5.431  0.0000  0.0000 4.17E-01 5.83E-01 0.0000 0.8629  0.001 0.1942 0.3113 8.72E-01  1.269 0.1053 0.1464  0.000  0.039  0.0000          
 3.788262E+07  3.924  4.220  3.184  8.585  5.447  0.0000  0.0000 4.17E-01 5.83E-01 0.0000 0.8629  0.001 0.1942 0.3020 8.92E-01  1.276 0.1063 0.1464  0.000  0.042  0.0000          
 3.788470E+07  3.923  4.210  3.147  8.589  5.461  0.0000  0.0000 4.17E-01 5.83E-01 0.0000 0.8629  0.001 0.1942 0.2926 9.08E-01  1.284 0.1069 0.1464  0.000  0.045  0.0000          
 3.788657E+07  3.922  4.201  3.111  8.591  5.475  0.0000  0.0000 4.17E-01 5.83E-01 0.0000 0.8629  0.000 0.1942 0.2863 9.21E-01  1.291 0.1077 0.1464  0.000  0.048  0.0000          
 3.788826E+07  3.921  4.192  3.078  8.594  5.487  0.0000  0.0000 4.17E-01 5.83E-01 0.0000 0.8629  0.000 0.1942 0.2800 9.32E-01  1.298 0.1082 0.1458  0.000  0.050  0.0000          
 3.788980E+07  3.921  4.184  3.045  8.596  5.499  0.0000  0.0000 4.17E-01 5.83E-01 0.0000 0.8629  0.000 0.1942 0.2720 9.42E-01  1.304 0.1087 0.1458  0.000  0.053  0.0000          
 3.789120E+07  3.920  4.176  3.014  8.598  5.509  0.0000  0.0000 4.17E-01 5.83E-01 0.0000 0.8629  0.000 0.1942 0.2672 9.49E-01  1.311 0.1092 0.1458  0.000  0.056  0.0000          
 3.789249E+07  3.919  4.168  2.984  8.600  5.520  0.0000  0.0000 4.17E-01 5.83E-01 0.0000 0.8629  0.000 0.1942 0.2625 9.56E-01  1.317 0.1096 0.1458  0.000  0.058  0.0000          
 3.789368E+07  3.918  4.161  2.956  8.601  5.529  0.0000  0.0000 4.17E-01 5.83E-01 0.0000 0.8629  0.000 0.1942 0.2579 9.61E-01  1.322 0.1101 0.1458  0.000  0.061  0.0000          
 3.789477E+07  3.917  4.154  2.928  8.602  5.538  0.0000  0.0000 4.17E-01 5.83E-01 0.0000 0.8629  0.000 0.1942 0.2547 9.66E-01  1.328 0.1106 0.1458  0.000  0.064  0.0000          
 3.789580E+07  3.917  4.147  2.901  8.603  5.547  0.0000  0.0000 4.17E-01 5.83E-01 0.0000 0.8629  0.000 0.1942 0.2514 9.70E-01  1.333 0.1111 0.1458  0.000  0.066  0.0000          
 3.789675E+07  3.916  4.140  2.874  8.604  5.555  0.0000  0.0000 4.17E-01 5.83E-01 0.0000 0.8629  0.000 0.1942 0.2480 9.73E-01  1.338 0.1112 0.1458  0.000  0.069  0.0000          
 3.789764E+07  3.915  4.134  2.849  8.605  5.562  0.0000  0.0000 4.17E-01 5.83E-01 0.0000 0.8629  0.000 0.1942 0.2446 9.76E-01  1.343 0.1116 0.1458  0.000  0.071  0.0000          
 3.789847E+07  3.914  4.127  2.824  8.606  5.569  0.0000  0.0000 4.17E-01 5.83E-01 0.0000 0.8629  0.000 0.1942 0.2431 9.79E-01  1.348 0.1120 0.1458  0.000  0.074  0.0000          
 3.789926E+07  3.914  4.121  2.800  8.607  5.576  0.0000  0.0000 4.17E-01 5.83E-01 0.0000 0.8629  0.000 0.1942 0.2399 9.81E-01  1.353 0.1124 0.1458  0.000  0.076  0.0000          
 3.790000E+07  3.913  4.115  2.777  8.608  5.583  0.0000  0.0000 4.17E-01 5.83E-01 0.0000 0.8629  0.000 0.1942 0.2384 9.83E-01  1.358 0.1125 0.1458  0.000  0.078  0.0000          
 3.790070E+07  3.912  4.109  2.753  8.609  5.589  0.0000  0.0000 4.17E-01 5.83E-01 0.0000 0.8629  0.000 0.1942 0.2368 9.85E-01  1.361 0.1128 0.1458  0.000  0.081  0.0000          
 3.790137E+07  3.911  4.103  2.731  8.609  5.595  0.0000  0.0000 4.17E-01 5.83E-01 0.0000 0.8629  0.000 0.1942 0.2336 9.86E-01  1.367 0.1131 0.1458  0.000  0.083  0.0000          
 3.790199E+07  3.911  4.097  2.709  8.610  5.601  0.0000  0.0000 4.17E-01 5.83E-01 0.0000 0.8629  0.000 0.1942 0.2321 9.87E-01  1.371 0.1133 0.1458  0.000  0.085  0.0000          
 3.790259E+07  3.910  4.092  2.687  8.611  5.606  0.0000  0.0000 4.17E-01 5.83E-01 0.0000 0.8629  0.000 0.1942 0.2305 9.88E-01  1.375 0.1141 0.1451  0.000  0.087  0.0000          
 3.790355E+07  3.909  4.082  2.651  8.612  5.615  0.0000  0.0000 4.17E-01 5.83E-01 0.0000 0.8629  0.000 0.1942 0.2282 9.90E-01  1.384 0.1147 0.1451  0.000  0.091  0.0000          
 3.790476E+07  3.907  4.069  2.601  8.613  5.626  0.0000  0.0000 4.17E-01 5.83E-01 0.0000 0.8629  0.000 0.1942 0.2251 9.92E-01  1.393 0.1150 0.1451  0.000  0.096  0.0000          
 3.790665E+07  3.904  4.047  2.514  8.616  5.644  0.0000  0.0000 4.17E-01 5.83E-01 0.0000 0.8629  0.000 0.1942 0.2197 9.94E-01  1.412 0.1157 0.1451  0.000  0.104  0.0000          
 3.790874E+07  3.900  4.018  2.402  8.618  5.665  0.0000  0.0000 4.17E-01 5.83E-01 0.0000 0.8629  0.000 0.1942 0.2151 9.96E-01  1.437 0.1165 0.1451  0.000  0.114  0.0000          
 3.791060E+07  3.896  3.988  2.287  8.620  5.683  0.0000  0.0000 4.17E-01 5.83E-01 0.0000 0.8629  0.000 0.1942 0.2112 9.97E-01  1.456 0.1172 0.1451  0.000  0.124  0.0000          
 3.791258E+07  3.890  3.950  2.139  8.622  5.704  0.0000  0.0000 4.17E-01 5.83E-01 0.0000 0.8629  0.000 0.1942 0.2061 9.98E-01  1.484 0.1178 0.1448  0.000  0.136  0.0000          
 3.791450E+07  3.881  3.905  1.969  8.625  5.725  0.0000  0.0000 4.17E-01 5.83E-01 0.0000 0.8629  0.000 0.1942 0.0000 9.99E-01  1.520 0.1185 0.1448  0.000  0.151  0.0000          
 3.791637E+07  3.868  3.848  1.754  8.627  5.745  0.0000  0.0000 4.17E-01 5.83E-01 0.0000 0.8629  0.000 0.1942 0.0000 9.99E-01  1.571 0.1192 0.1445  0.000  0.168  0.0000          
 3.791818E+07  3.845  3.778  1.495  8.629  5.766  0.0000  0.0000 4.17E-01 5.83E-01 0.0000 0.8629  0.000 0.1942 0.0000 1.00E+00  1.660 0.1198 0.1445  0.000  0.191  0.0000          
 3.791862E+07  3.837  3.760  1.433  8.629  5.771  0.0000  0.0000 4.17E-01 5.83E-01 0.0000 0.8629  0.000 0.1942 0.0000 1.00E+00  1.703 0.1201 0.1445  0.000  0.198  0.0000          
 3.791906E+07  3.826  3.743  1.374  8.630  5.776  0.0000  0.0000 4.17E-01 5.83E-01 0.0000 0.8629  0.000 0.1942 0.0000 1.00E+00  1.740 0.1202 0.1445  0.000  0.208  0.0000          
 3.791922E+07  3.822  3.737  1.358  8.630  5.778  0.0000  0.0000 4.17E-01 5.83E-01 0.0000 0.8629  0.000 0.1942 0.0000 1.00E+00  1.758 0.1202 0.1445  0.000  0.211  0.0000          
 3.791945E+07  3.815  3.732  1.343  8.630  5.780  0.0000  0.0000 4.17E-01 5.83E-01 0.0000 0.8629  0.000 0.1942 0.0000 1.00E+00  1.782 0.1203 0.1445  0.000  0.216  0.0000          
 3.791983E+07  3.804  3.726  1.330  8.631  5.785  0.0000  0.0000 4.17E-01 5.83E-01 0.0000 0.8629  0.000 0.1942 0.0000 1.00E+00  1.828 0.1205 0.1445  0.000  0.226  0.0000          
 3.792024E+07  3.791  3.721  1.324  8.631  5.790  0.0000  0.0000 4.17E-01 5.83E-01 0.0000 0.8629  0.000 0.1942 0.0000 1.00E+00  1.879 0.1206 0.1445  0.000  0.236  0.0000          
 3.792085E+07  3.773  3.716  1.321  8.632  5.797  0.0000  0.0000 4.17E-01 5.83E-01 0.0000 0.8629  0.000 0.1942 0.0000 1.00E+00  1.958 0.1210 0.1445  0.000  0.253  0.0000          
 3.792162E+07  3.767  3.710  1.302  8.633  5.806  0.0000  0.0000 4.17E-01 5.83E-01 0.0000 0.8629  0.000 0.1942 0.0000 1.00E+00  1.984 0.1212 0.1445  0.000  0.265  0.0000  Bagb    
 3.792240E+07  3.822  3.704  1.224  8.634  5.816  0.0000  0.0000 4.17E-01 5.83E-01 0.0000 0.8538  0.000 0.1942 0.0000 1.00E+00  1.750 0.1215 0.1442  0.000  0.243  0.0003          
 3.792318E+07  3.926  3.699  1.099  8.634  5.826  0.0000  0.0000 4.17E-01 5.83E-01 0.0000 0.6916  0.000 0.1942 0.0000 1.00E+00  1.382 0.1218 0.1442  0.000  0.198  0.0008          
 3.792376E+07  4.004  3.696  1.011  8.635  5.833  0.0000  0.0000 4.17E-01 5.83E-01 0.0000 0.4675  0.000 0.1942 0.0000 1.00E+00  1.161 0.1221 0.1442  0.000  0.169  0.0012          
 3.792438E+07  4.057  3.695  0.953  8.636  5.841  0.0000  0.0000 4.17E-01 5.83E-01 0.0000 0.3434  0.000 0.1942 0.0000 1.00E+00  1.034 0.1224 0.1442  0.000  0.155  0.0015          
 3.792538E+07  4.096  3.694  0.910  8.637  5.854  0.0000  0.0000 4.17E-01 5.83E-01 0.0000 0.2911  0.000 0.1942 0.0000 1.00E+00  0.958 0.1227 0.1442  0.000  0.147  0.0024          
 3.792665E+07  4.116  3.693  0.887  8.638  5.870  0.0000  0.0000 4.17E-01 5.83E-01 0.0000 0.2640  0.000 0.1942 0.0000 1.00E+00  0.928 0.1231 0.1442  0.000  0.149  0.0033          
 3.792954E+07  4.137  3.693  0.865  8.641  5.910  0.0000  0.0000 4.17E-01 5.83E-01 0.0000 0.2407  0.000 0.1942 0.0000 1.00E+00  0.913 0.1242 0.1442  0.000  0.163  0.0065          
 3.793372E+07  4.156  3.692  0.843  8.645  5.972  0.0000  0.0000 4.17E-01 5.83E-01 0.0000 0.2252  0.000 0.1942 0.0000 1.00E+00  0.909 0.1259 0.1442  0.000  0.190  0.0111          
 3.793871E+07  4.180  3.691  0.815  8.648  6.053  0.0000  0.0000 4.17E-01 5.83E-01 0.0000 0.2113  0.000 0.1942 0.0000 1.00E+00  0.900 0.1279 0.1439  0.000  0.231  0.0188          
 3.794322E+07  4.202  3.690  0.789  8.649  6.135  0.0000  0.0000 4.17E-01 5.83E-01 0.0000 0.2076  0.000 0.1942 0.0000 1.00E+00  0.897 0.1299 0.1439  0.001  0.280  0.0272          
 3.794706E+07  4.220  3.690  0.769  8.648  6.212  0.0000  0.0000 4.17E-01 5.83E-01 0.0000 0.2024  0.000 0.1943 0.0000 1.00E+00  0.888 0.1316 0.1439  0.002  0.336  0.0367          
 3.795077E+07  4.240  3.689  0.745  8.644  6.296  0.0000  0.0000 4.17E-01 5.83E-01 0.0000 0.1998  0.000 0.1943 0.0000 1.00E+00  0.891 0.1332 0.1439  0.004  0.401  0.0446          
 3.795404E+07  4.260  3.688  0.722  8.634  6.378  0.0000  0.0000 4.17E-01 5.83E-01 0.0000 0.1968  0.000 0.1943 0.0000 0.00E+00  0.885 0.1346 0.1439  0.009  0.474  0.0508          
 3.795704E+07  4.280  3.687  0.699  8.620  6.459  0.0000  0.0000 4.17E-01 5.83E-01 0.0000 0.1930  0.000 0.1930 0.0000 0.00E+00  0.877 0.1359 0.1438  0.020  0.549  0.0586          
 3.795981E+07  4.303  3.687  0.674  8.600  6.541  0.0000  0.0000 4.17E-01 5.83E-01 0.0000 0.1875  0.000 0.1875 0.0000 0.00E+00  0.869 0.1371 0.1439  0.041  0.628  0.0637          
 3.796114E+07  4.314  3.686  0.661  8.589  6.581  0.0000  0.0000 4.17E-01 5.83E-01 0.0000 0.1822  0.000 0.1822 0.0000 0.00E+00  0.870 0.1377 0.1439  0.059  0.668  0.0658  Ldumax  
 3.796150E+07  4.297  3.688  0.684  8.585  6.592  0.0000  0.0000 4.17E-01 5.83E-01 0.0000 0.1700  0.000 0.1700 0.0000 0.00E+00  0.878 0.1379 0.1439  0.069  0.710  0.0676          
 3.796167E+07  4.294  3.688  0.687  8.583  6.597  0.0000  0.0000 4.17E-01 5.83E-01 0.0000 0.1667  0.000 0.1667 0.0000 0.00E+00  0.875 0.1380 0.1439  0.073  0.723  0.0676  Ldumin  
 3.796232E+07  4.313  3.687  0.666  8.577  6.617  0.0000  0.0000 4.17E-01 5.83E-01 0.0000 0.1617  0.000 0.1617 0.0000 0.00E+00  0.845 0.1383 0.1439  0.086  0.722  0.0687          
 3.796316E+07  4.333  3.686  0.642  8.567  6.643  0.0000  0.0000 4.17E-01 5.83E-01 0.0000 0.1599  0.000 0.1599 0.0000 0.00E+00  0.828 0.1386 0.1440  0.109  0.729  0.0697          
 3.796445E+07  4.351  3.686  0.621  8.551  6.682  0.0000  0.0000 4.17E-01 5.83E-01 0.0000 0.1587  0.000 0.1587 0.0000 0.00E+00  0.831 0.1392 0.1441  0.172  0.760  0.0687          
 3.796621E+07  4.366  3.685  0.603  8.520  6.722  0.0000  0.0000 4.17E-01 5.83E-01 0.0000 0.1560  0.000 0.1560 0.0000 0.00E+00  0.798 0.1399 0.1442  1.815  0.857  0.0552  1tp
