#age/yr        logL   logTef lgrav  logTc  logrho Xc      Yc     Xc_C     Xc_O     Q_conv Q_disc  L_H/L Q1_H   Q2_H   f_pp      L_He/L Q1_He  Q2_He  L_C/L  L_nu/L Q_Tmax  stage
 0.000000E+00  1.215  4.074  4.696  7.342  2.023  0.7685  0.2315 0.00E+00 0.00E+00 0.2041 0.2187  0.988 0.0000 0.5821 1.00E+00  0.000 0.0000 0.0000  0.000  0.000  0.0000  ZAMS                
 7.604327E+07  1.234  4.074  4.679  7.347  2.029  0.7372  0.2628 0.00E+00 0.00E+00 0.2041 0.5584  1.001 0.0000 0.6394 1.00E+00  0.000 0.0000 0.0000  0.000  0.000  0.0000          
 1.357464E+08  1.250  4.077  4.672  7.354  2.041  0.7130  0.2870 0.00E+00 0.00E+00 0.2041 0.6259  1.001 0.0000 0.6460 1.00E+00  0.000 0.0000 0.0000  0.000  0.000  0.0000          
 1.953071E+08  1.267  4.079  4.663  7.361  2.055  0.6877  0.3123 0.00E+00 0.00E+00 0.2032 0.6608  1.001 0.0000 0.6460 1.00E+00  0.000 0.0000 0.0000  0.000  0.000  0.0000          
 2.542003E+08  1.285  4.081  4.653  7.368  2.069  0.6613  0.3387 0.00E+00 0.00E+00 0.1997 0.6920  1.001 0.0000 0.6460 1.00E+00  0.000 0.0000 0.0000  0.000  0.000  0.0000          
 3.056672E+08  1.302  4.083  4.645  7.375  2.086  0.6365  0.3635 0.00E+00 0.00E+00 0.1917 0.7065  1.000 0.0000 0.6460 1.00E+00  0.000 0.0000 0.0000  0.000  0.000  0.0000          
 3.547668E+08  1.320  4.085  4.637  7.383  2.104  0.6109  0.3891 0.00E+00 0.00E+00 0.1847 0.7204  1.000 0.0000 0.6525 1.00E+00  0.000 0.0000 0.0000  0.000  0.000  0.0000          
 4.021544E+08  1.337  4.088  4.629  7.392  2.124  0.5845  0.4155 0.00E+00 0.00E+00 0.1816 0.7335  1.000 0.0000 0.6525 1.00E+00  0.000 0.0000 0.0000  0.000  0.000  0.0000          
 4.427225E+08  1.355  4.090  4.623  7.400  2.146  0.5603  0.4397 0.00E+00 0.00E+00 0.1723 0.7399  1.000 0.0000 0.6608 1.00E+00  0.000 0.0000 0.0000  0.000  0.000  0.0000          
 4.810323E+08  1.372  4.093  4.616  7.410  2.170  0.5356  0.4644 0.00E+00 0.00E+00 0.1660 0.7461  1.000 0.0000 0.6608 1.00E+00  0.000 0.0000 0.0000  0.000  0.000  0.0000          
 5.134080E+08  1.387  4.096  4.611  7.418  2.193  0.5135  0.4865 0.00E+00 0.00E+00 0.1596 0.7522  1.000 0.0000 0.6608 1.00E+00  0.000 0.0000 0.0000  0.000  0.000  0.0000          
 5.441420E+08  1.404  4.099  4.606  7.427  2.218  0.4909  0.5091 0.00E+00 0.00E+00 0.1505 0.7581  1.000 0.0000 0.6689 1.00E+00  0.000 0.0000 0.0000  0.000  0.000  0.0000          
 5.736779E+08  1.420  4.101  4.600  7.437  2.245  0.4680  0.5320 0.00E+00 0.00E+00 0.1430 0.7639  1.000 0.0000 0.6689 1.00E+00  0.000 0.0000 0.0000  0.000  0.000  0.0000          
 6.017050E+08  1.437  4.104  4.595  7.446  2.274  0.4447  0.5553 0.00E+00 0.00E+00 0.1337 0.7639  1.000 0.0000 0.6768 1.00E+00  0.000 0.0000 0.0000  0.000  0.000  0.0000          
 6.287234E+08  1.455  4.107  4.589  7.456  2.306  0.4210  0.5790 0.00E+00 0.00E+00 0.1222 0.7686  1.000 0.0000 0.6768 1.00E+00  0.000 0.0000 0.0000  0.000  0.000  0.0000          
 6.543012E+08  1.472  4.110  4.582  7.466  2.337  0.3969  0.6031 0.00E+00 0.00E+00 0.1161 0.7686  1.000 0.0000 0.6845 1.00E+00  0.000 0.0000 0.0000  0.000  0.000  0.0000          
 6.756682E+08  1.487  4.112  4.576  7.475  2.367  0.3761  0.6239 0.00E+00 0.00E+00 0.1069 0.7732  1.000 0.0000 0.6845 1.00E+00  0.000 0.0000 0.0000  0.000  0.000  0.0000          
 6.963162E+08  1.503  4.114  4.570  7.484  2.399  0.3550  0.6450 0.00E+00 0.00E+00 0.0984 0.7732  1.000 0.0000 0.6845 1.00E+00  0.000 0.0000 0.0000  0.000  0.000  0.0000          
 7.195779E+08  1.521  4.117  4.562  7.496  2.438  0.3301  0.6699 0.00E+00 0.00E+00 0.0893 0.7777  1.000 0.0000 0.6920 1.00E+00  0.000 0.0000 0.0000  0.000  0.000  0.0000          
 7.406563E+08  1.539  4.120  4.555  7.507  2.477  0.3063  0.6937 0.00E+00 0.00E+00 0.0819 0.7821  1.000 0.0000 0.6920 1.00E+00  0.000 0.0000 0.0000  0.000  0.000  0.0000          
 7.593952E+08  1.555  4.122  4.547  7.517  2.515  0.2845  0.7155 0.00E+00 0.00E+00 0.0744 0.7821  1.000 0.0000 0.6920 1.00E+00  0.000 0.0000 0.0000  0.000  0.000  0.0000          
 7.776515E+08  1.573  4.124  4.539  7.528  2.557  0.2624  0.7376 0.00E+00 0.00E+00 0.0659 0.7821  1.000 0.0000 0.6993 1.00E+00  0.000 0.0000 0.0000  0.000  0.000  0.0000          
 7.953970E+08  1.591  4.127  4.531  7.539  2.602  0.2402  0.7598 0.00E+00 0.00E+00 0.0568 0.7865  1.000 0.0000 0.6993 1.00E+00  0.000 0.0000 0.0000  0.000  0.000  0.0000          
 8.113328E+08  1.609  4.129  4.521  7.548  2.652  0.2191  0.7809 0.00E+00 0.00E+00 0.0400 0.7865  1.000 0.0000 0.6993 1.00E+00  0.000 0.0000 0.0000  0.000  0.000  0.0000          
 8.264743E+08  1.627  4.131  4.512  7.554  2.714  0.1966  0.8034 0.00E+00 0.00E+00 0.0116 0.7865  1.000 0.0000 0.6993 1.00E+00  0.000 0.0000 0.0000  0.000  0.000  0.0000          
 8.404315E+08  1.644  4.133  4.504  7.560  2.774  0.1713  0.8287 0.00E+00 0.00E+00 0.0000 0.7907  1.000 0.0000 0.7065 1.00E+00  0.000 0.0000 0.0000  0.000  0.000  0.0000          
 8.540007E+08  1.661  4.135  4.494  7.569  2.829  0.1480  0.8520 0.00E+00 0.00E+00 0.0000 0.7907  1.000 0.0000 0.7065 1.00E+00  0.000 0.0000 0.0000  0.000  0.000  0.0000          
 8.669875E+08  1.678  4.137  4.484  7.578  2.885  0.1280  0.8720 0.00E+00 0.00E+00 0.0000 0.7907  1.000 0.0000 0.7065 1.00E+00  0.000 0.0000 0.0000  0.000  0.000  0.0000          
 8.797589E+08  1.696  4.138  4.473  7.588  2.942  0.1102  0.8898 0.00E+00 0.00E+00 0.0000 0.7949  1.000 0.0000 0.7065 1.00E+00  0.000 0.0000 0.0000  0.000  0.000  0.0000          
 8.939937E+08  1.716  4.140  4.459  7.599  3.004  0.0925  0.9075 0.00E+00 0.00E+00 0.0000 0.7949  1.001 0.0000 0.7065 1.00E+00  0.000 0.0000 0.0000  0.000  0.000  0.0000          
 9.079525E+08  1.737  4.141  4.442  7.611  3.067  0.0775  0.9225 0.00E+00 0.00E+00 0.0000 0.7949  1.000 0.0000 0.7065 1.00E+00  0.000 0.0000 0.0000  0.000  0.000  0.0000          
 9.219165E+08  1.760  4.143  4.425  7.624  3.138  0.0643  0.9357 0.00E+00 0.00E+00 0.0000 0.7949  1.000 0.0000 0.7065 1.00E+00  0.000 0.0000 0.0000  0.000  0.000  0.0000          
 9.350263E+08  1.783  4.144  4.407  7.639  3.209  0.0533  0.9467 0.00E+00 0.00E+00 0.0000 0.7990  1.000 0.0000 0.7065 1.00E+00  0.000 0.0000 0.0000  0.000  0.000  0.0000          
 9.473018E+08  1.806  4.145  4.387  7.653  3.280  0.0442  0.9558 0.00E+00 0.00E+00 0.0000 0.7990  1.000 0.0000 0.7065 1.00E+00  0.000 0.0000 0.0000  0.000  0.000  0.0000          
 9.587651E+08  1.829  4.145  4.366  7.669  3.352  0.0367  0.9634 0.00E+00 0.00E+00 0.0000 0.7990  1.000 0.0000 0.7065 1.00E+00  0.000 0.0000 0.0000  0.000  0.000  0.0000          
 9.668385E+08  1.847  4.145  4.349  7.680  3.407  0.0318  0.9682 0.00E+00 0.00E+00 0.0000 0.7990  1.000 0.0000 0.7065 1.00E+00  0.000 0.0000 0.0000  0.000  0.000  0.0000  Tmax    
 9.769205E+08  1.870  4.145  4.325  7.696  3.481  0.0264  0.9736 0.00E+00 0.00E+00 0.0000 0.7990  1.000 0.0000 0.7065 1.00E+00  0.000 0.0000 0.0000  0.000  0.000  0.0000          
 9.862434E+08  1.893  4.144  4.298  7.713  3.556  0.0219  0.9781 0.00E+00 0.00E+00 0.0000 0.7990  1.000 0.0000 0.6993 1.00E+00  0.000 0.0000 0.0000  0.000  0.000  0.0000          
 9.948391E+08  1.916  4.143  4.270  7.730  3.632  0.0181  0.9819 0.00E+00 0.00E+00 0.0000 0.7990  1.000 0.0000 0.6993 1.00E+00  0.000 0.0000 0.0000  0.000  0.000  0.0000          
 1.002728E+09  1.939  4.141  4.239  7.748  3.708  0.0150  0.9850 8.47E-21 4.05E-21 0.0000 0.8030  1.000 0.0000 0.6920 1.00E+00  0.000 0.0000 0.0000  0.000  0.000  0.0000          
 1.007951E+09  1.957  4.140  4.219  7.764  3.778  0.0131  0.9869 3.74E-19 1.63E-19 0.0000 0.8030  1.000 0.0000 0.6920 1.00E+00  0.000 0.0000 0.0000  0.000  0.000  0.0000          
 1.012646E+09  1.972  4.138  4.194  7.777  3.834  0.0114  0.9886 5.25E-18 2.13E-18 0.0000 0.8030  1.000 0.0000 0.6920 1.00E+00  0.000 0.0000 0.0000  0.000  0.000  0.0000          
 1.016872E+09  1.988  4.135  4.168  7.790  3.889  0.0100  0.9900 5.39E-17 2.04E-17 0.0000 0.8030  1.000 0.0000 0.6806 1.00E+00  0.000 0.0000 0.0000  0.000  0.000  0.0000          
 1.020734E+09  2.002  4.132  4.142  7.803  3.942  0.0088  0.9912 5.06E-16 1.78E-16 0.0000 0.8030  1.000 0.0000 0.6768 1.00E+00  0.000 0.0000 0.0000  0.000  0.000  0.0000          
 1.024080E+09  2.015  4.129  4.117  7.815  3.992  0.0078  0.9922 3.91E-15 1.29E-15 0.0000 0.8030  0.999 0.0000 0.6728 1.00E+00  0.000 0.0000 0.0000  0.000  0.000  0.0000          
 1.027099E+09  2.028  4.126  4.091  7.827  4.039  0.0070  0.9930 2.75E-14 8.53E-15 0.0000 0.8030  0.999 0.0000 0.6689 1.00E+00  0.000 0.0000 0.0000  0.000  0.000  0.0000          
 1.029848E+09  2.040  4.122  4.066  7.841  4.082  0.0062  0.9938 2.01E-13 5.80E-14 0.0000 0.8030  0.999 0.0000 0.6608 1.00E+00  0.000 0.0000 0.0000  0.000  0.000  0.0000          
 1.031866E+09  2.048  4.120  4.047  7.874  4.081  0.0055  0.9945 1.27E-12 3.28E-13 0.0064 0.8030  1.001 0.0000 0.6608 9.96E-01  0.000 0.0000 0.0000  0.000  0.000  0.0000  T1min   
 1.032640E+09  2.054  4.125  4.061  7.906  3.893  0.0098  0.9902 2.89E-12 7.45E-13 0.0557 0.8030  1.021 0.0000 0.6525 8.91E-01  0.000 0.0000 0.0000  0.000  0.000  0.0000          
 1.032807E+09  2.052  4.130  4.083  7.902  3.825  0.0102  0.9898 3.45E-12 9.15E-13 0.0601 0.8030  1.000 0.0000 0.6648 8.87E-01  0.000 0.0000 0.0000  0.000  0.000  0.0000          
 1.032997E+09  2.045  4.135  4.112  7.897  3.787  0.0099  0.9901 3.82E-12 1.04E-12 0.0567 0.8030  0.990 0.0000 0.6845 8.97E-01  0.000 0.0000 0.0000  0.000  0.000  0.0000          
 1.033317E+09  2.034  4.139  4.137  7.893  3.770  0.0095  0.9905 4.16E-12 1.15E-12 0.0513 0.8030  0.997 0.0000 0.6957 9.04E-01  0.000 0.0000 0.0000  0.000  0.000  0.0000          
 1.034440E+09  2.031  4.140  4.144  7.894  3.765  0.0079  0.9921 5.19E-12 1.42E-12 0.0513 0.8030  1.001 0.0000 0.6957 8.98E-01  0.000 0.0000 0.0000  0.000  0.000  0.0000  T1max   
 1.039165E+09  2.046  4.137  4.119  7.911  3.818  0.0013  0.9987 1.94E-11 4.89E-12 0.0507 0.8030  0.997 0.0000 0.6883 8.96E-01  0.000 0.0000 0.0000  0.000  0.000  0.0000          
 1.040007E+09  2.053  4.133  4.094  7.918  3.898  0.0003  0.9997 3.75E-11 9.01E-12 0.0377 0.8030  0.990 0.0000 0.6845 9.36E-01  0.000 0.0000 0.0000  0.000  0.000  0.0000          
 1.040354E+09  2.058  4.129  4.072  7.912  3.996  0.0000  1.0000 7.32E-11 1.60E-11 0.0024 0.8030  0.983 0.0000 0.6728 9.74E-01  0.000 0.0000 0.0000  0.000  0.000  0.0000          
 1.040575E+09  2.062  4.124  4.050  7.896  4.086  0.0000  1.0000 2.83E-10 3.64E-11 0.0000 0.8030  0.996 0.0002 0.6608 9.82E-01  0.000 0.0000 0.0000  0.000  0.000  0.0000          
 1.040786E+09  2.067  4.120  4.027  7.891  4.144  0.0000  1.0000 1.38E-09 3.64E-11 0.0000 0.8030  1.003 0.0024 0.6525 9.83E-01  0.000 0.0000 0.0000  0.000  0.000  0.0000          
 1.041043E+09  2.072  4.115  4.002  7.887  4.197  0.0000  1.0000 2.38E-09 3.64E-11 0.0000 0.8030  1.003 0.0055 0.6460 9.84E-01  0.000 0.0000 0.0000  0.000  0.000  0.0000          
 1.041380E+09  2.079  4.110  3.975  7.884  4.249  0.0000  1.0000 3.50E-09 3.64E-11 0.0000 0.8030  1.002 0.0122 0.6327 9.85E-01  0.000 0.0000 0.0000  0.000  0.000  0.0000          
 1.041839E+09  2.085  4.105  3.949  7.880  4.300  0.0000  1.0000 4.77E-09 3.65E-11 0.0000 0.8030  1.001 0.0169 0.6259 9.87E-01  0.000 0.0000 0.0000  0.000  0.000  0.0000          
 1.042477E+09  2.091  4.099  3.921  7.877  4.350  0.0000  1.0000 6.25E-09 3.65E-11 0.0000 0.8030  1.001 0.0257 0.6189 9.88E-01  0.000 0.0000 0.0000  0.000  0.000  0.0000          
 1.043136E+09  2.097  4.095  3.899  7.876  4.389  0.0000  1.0000 7.61E-09 3.65E-11 0.0000 0.8030  0.998 0.0325 0.6154 9.89E-01  0.000 0.0000 0.0000  0.000  0.000  0.0000          
 1.044154E+09  2.103  4.090  3.871  7.875  4.433  0.0000  1.0000 9.82E-09 3.66E-11 0.0000 0.8030  1.000 0.0394 0.6118 9.89E-01  0.000 0.0000 0.0000  0.000  0.000  0.0000          
 1.045517E+09  2.112  4.085  3.845  7.874  4.468  0.0000  1.0000 1.36E-08 3.68E-11 0.0000 0.8030  0.998 0.0479 0.6082 9.74E-01  0.000 0.0000 0.0000  0.000  0.000  0.0000  T2min   
 1.046713E+09  2.116  4.091  3.863  7.856  4.443  0.0000  1.0000 1.55E-08 3.69E-11 0.0000 0.8030  0.999 0.0507 0.6189 9.22E-01  0.000 0.0000 0.0000  0.000  0.000  0.0607          
 1.047321E+09  2.114  4.094  3.877  7.854  4.425  0.0000  1.0000 1.56E-08 3.70E-11 0.0000 0.8030  0.999 0.0519 0.6259 9.19E-01  0.000 0.0000 0.0000  0.000  0.000  0.0605  T2max   
 1.048683E+09  2.120  4.089  3.852  7.884  4.445  0.0000  1.0000 1.79E-08 3.71E-11 0.0000 0.8030  0.998 0.0552 0.6189 9.30E-01  0.000 0.0000 0.0000  0.000  0.000  0.0000          
 1.050043E+09  2.127  4.084  3.825  7.892  4.476  0.0000  1.0000 3.95E-08 3.80E-11 0.0000 0.8030  1.001 0.0607 0.6154 9.15E-01  0.000 0.0000 0.0000  0.000  0.000  0.0000          
 1.051213E+09  2.134  4.080  3.800  7.897  4.506  0.0000  1.0000 7.78E-08 4.02E-11 0.0000 0.8030  0.999 0.0692 0.6009 9.01E-01  0.000 0.0000 0.0000  0.000  0.000  0.0000          
 1.052638E+09  2.140  4.074  3.771  7.904  4.544  0.0000  1.0000 1.91E-07 4.92E-11 0.0000 0.8030  0.999 0.0792 0.5860 8.80E-01  0.000 0.0000 0.0000  0.000  0.000  0.0000          
 1.053608E+09  2.145  4.069  3.748  7.910  4.573  0.0000  1.0000 3.81E-07 6.93E-11 0.0000 0.8030  1.000 0.0894 0.5704 8.64E-01  0.000 0.0000 0.0000  0.000  0.000  0.0000          
 1.054357E+09  2.150  4.065  3.725  7.916  4.598  0.0000  1.0000 7.45E-07 1.16E-10 0.0000 0.8030  1.000 0.0946 0.5584 8.48E-01  0.000 0.0000 0.0000  0.000  0.000  0.0000          
 1.055094E+09  2.154  4.059  3.699  7.921  4.624  0.0000  1.0000 1.55E-06 2.51E-10 0.0000 0.8030  0.999 0.1025 0.5501 8.28E-01  0.000 0.0000 0.0000  0.000  0.000  0.0000          
 1.055626E+09  2.157  4.055  3.678  7.926  4.645  0.0000  1.0000 2.69E-06 5.02E-10 0.0000 0.8030  1.000 0.1082 0.5418 8.16E-01  0.000 0.0000 0.0000  0.000  0.000  0.0000          
 1.056212E+09  2.161  4.050  3.652  7.932  4.669  0.0000  1.0000 5.23E-06 1.22E-09 0.0000 0.8030  1.001 0.1144 0.5270 8.01E-01  0.000 0.0000 0.0000  0.000  0.000  0.0000          
 1.056680E+09  2.164  4.044  3.629  7.937  4.689  0.0000  1.0000 9.33E-06 2.69E-09 0.0000 0.8030  1.000 0.1193 0.5206 7.86E-01  0.000 0.0000 0.0000  0.000  0.000  0.0000          
 1.057093E+09  2.166  4.039  3.606  7.941  4.707  0.0000  1.0000 1.60E-05 5.73E-09 0.0000 0.8030  1.002 0.1240 0.5110 7.75E-01  0.000 0.0000 0.0000  0.000  0.000  0.0000          
 1.057559E+09  2.170  4.033  3.577  7.948  4.730  0.0000  1.0000 3.04E-05 1.43E-08 0.0000 0.8030  1.000 0.1286 0.5044 7.65E-01  0.000 0.0000 0.0000  0.000  0.000  0.0000          
 1.057872E+09  2.172  4.028  3.556  7.951  4.744  0.0000  1.0000 4.94E-05 2.81E-08 0.0000 0.8030  1.003 0.1316 0.4910 7.46E-01  0.000 0.0000 0.0013  0.000  0.000  0.0000          
 1.058139E+09  2.174  4.024  3.536  7.956  4.758  0.0000  0.9999 7.42E-05 5.07E-08 0.0000 0.8030  1.001 0.1362 0.4910 7.45E-01  0.000 0.0000 0.0055  0.000  0.000  0.0000          
 1.058433E+09  2.176  4.019  3.513  7.960  4.773  0.0000  0.9999 1.22E-04 1.03E-07 0.0000 0.8030  1.002 0.1392 0.4842 7.29E-01  0.000 0.0000 0.0072  0.000  0.000  0.0000          
 1.058749E+09  2.179  4.013  3.487  7.965  4.788  0.0000  0.9998 2.13E-04 2.28E-07 0.0000 0.8030  1.004 0.1424 0.4738 7.12E-01  0.000 0.0000 0.0122  0.000  0.000  0.0000          
 1.058975E+09  2.180  4.008  3.466  7.971  4.800  0.0000  0.9997 3.27E-04 4.19E-07 0.0000 0.8030  1.000 0.1457 0.4738 7.12E-01  0.000 0.0000 0.0169  0.000  0.000  0.0000          
 1.059263E+09  2.183  4.001  3.437  7.980  4.812  0.0000  0.9994 6.43E-04 1.05E-06 0.0000 0.8030  1.002 0.1489 0.4667 6.97E-01  0.001 0.0000 0.0212  0.000  0.000  0.0000          
 1.059495E+09  2.185  3.996  3.414  7.995  4.817  0.0000  0.9988 1.17E-03 2.24E-06 0.0013 0.8030  1.002 0.1521 0.4596 6.82E-01  0.002 0.0000 0.0234  0.000  0.000  0.0000          
 1.059693E+09  2.187  3.991  3.393  8.016  4.811  0.0000  0.9986 1.44E-03 2.61E-06 0.0089 0.8030  0.998 0.1537 0.4523 6.71E-01  0.010 0.0000 0.0234  0.000  0.000  0.0000          
 1.059860E+09  2.191  3.988  3.376  8.076  4.618  0.0000  0.9958 4.16E-03 3.77E-06 0.0724 0.8030  0.747 0.1553 0.4842 8.36E-01  0.740 0.0000 0.0269  0.000  0.000  0.0000  Blp     
 1.059927E+09  2.206  3.991  3.372  8.078  4.444  0.0000  0.9925 7.45E-03 9.25E-06 0.0939 0.8030  0.644 0.1569 0.5206 9.49E-01  0.410 0.0000 0.0315  0.000  0.000  0.0000          
 1.059965E+09  2.217  3.996  3.382  8.077  4.397  0.0000  0.9911 8.91E-03 1.34E-05 0.0946 0.8030  0.648 0.1569 0.5270 9.65E-01  0.297 0.0000 0.0315  0.000  0.000  0.0000          
 1.059988E+09  2.223  4.000  3.394  8.076  4.377  0.0000  0.9903 9.66E-03 1.59E-05 0.0939 0.8030  0.655 0.1569 0.5332 9.70E-01  0.252 0.0000 0.0315  0.000  0.000  0.0000          
 1.060014E+09  2.227  4.006  3.412  8.075  4.360  0.0000  0.9896 1.04E-02 1.88E-05 0.0926 0.8030  0.666 0.1569 0.5418 9.74E-01  0.216 0.0000 0.0315  0.000  0.000  0.0000          
 1.060045E+09  2.230  4.013  3.439  8.074  4.344  0.0000  0.9888 1.11E-02 2.23E-05 0.0894 0.8030  0.682 0.1569 0.5501 9.77E-01  0.181 0.0000 0.0315  0.000  0.000  0.0000          
 1.060077E+09  2.231  4.021  3.469  8.072  4.332  0.0000  0.9881 1.18E-02 2.60E-05 0.0855 0.8030  0.701 0.1569 0.5584 9.79E-01  0.155 0.0000 0.0315  0.000  0.000  0.0000          
 1.060116E+09  2.229  4.030  3.508  8.071  4.322  0.0000  0.9874 1.26E-02 3.06E-05 0.0805 0.8030  0.725 0.1569 0.5664 9.80E-01  0.134 0.0000 0.0315  0.000  0.000  0.0000          
 1.060164E+09  2.224  4.040  3.552  8.070  4.315  0.0000  0.9866 1.34E-02 3.64E-05 0.0754 0.8030  0.754 0.1569 0.5782 9.81E-01  0.116 0.0000 0.0315  0.000  0.000  0.0000          
 1.060227E+09  2.215  4.051  3.602  8.068  4.310  0.0000  0.9855 1.44E-02 4.45E-05 0.0694 0.8030  0.788 0.1569 0.5897 9.81E-01  0.103 0.0000 0.0315  0.000  0.000  0.0000          
 1.060323E+09  2.203  4.061  3.656  8.067  4.309  0.0000  0.9841 1.59E-02 5.79E-05 0.0645 0.8030  0.828 0.1569 0.6009 9.81E-01  0.094 0.0000 0.0315  0.000  0.000  0.0000          
 1.060515E+09  2.190  4.071  3.708  8.067  4.310  0.0000  0.9813 1.86E-02 8.87E-05 0.0615 0.8030  0.867 0.1569 0.6118 9.81E-01  0.093 0.0000 0.0315  0.000  0.000  0.0000          
 1.060759E+09  2.183  4.076  3.735  8.067  4.309  0.0000  0.9777 2.22E-02 1.36E-04 0.0615 0.8030  0.884 0.1569 0.6189 9.81E-01  0.098 0.0000 0.0315  0.000  0.000  0.0000          
 1.062078E+09  2.181  4.079  3.749  8.070  4.289  0.0000  0.9625 3.71E-02 4.40E-04 0.0858 0.8030  0.894 0.1569 0.6224 9.85E-01  0.108 0.0000 0.0315  0.000  0.000  0.0000  Helmin  
 1.064259E+09  2.187  4.083  3.762  8.073  4.264  0.0000  0.9398 5.90E-02 1.15E-03 0.0916 0.8030  0.876 0.1585 0.6293 9.88E-01  0.123 0.0000 0.0359  0.000  0.000  0.0000          
 1.066566E+09  2.192  4.088  3.777  8.077  4.241  0.0000  0.9123 8.53E-02 2.43E-03 0.0975 0.8030  0.859 0.1601 0.6394 9.91E-01  0.141 0.0000 0.0359  0.000  0.000  0.0000          
 1.069021E+09  2.197  4.093  3.790  8.081  4.220  0.0000  0.8811 1.15E-01 4.43E-03 0.1020 0.8030  0.840 0.1617 0.6460 9.92E-01  0.161 0.0000 0.0359  0.000  0.000  0.0000          
 1.071759E+09  2.202  4.097  3.802  8.085  4.198  0.0000  0.8448 1.48E-01 7.47E-03 0.1079 0.8030  0.818 0.1617 0.6566 9.94E-01  0.183 0.0000 0.0406  0.000  0.000  0.0000          
 1.074872E+09  2.208  4.102  3.815  8.090  4.175  0.0000  0.8024 1.86E-01 1.21E-02 0.1150 0.8030  0.791 0.1633 0.6648 9.95E-01  0.211 0.0000 0.0430  0.000  0.000  0.0000          
 1.078472E+09  2.214  4.106  3.826  8.096  4.150  0.0000  0.7502 2.31E-01 1.92E-02 0.1238 0.8030  0.758 0.1649 0.6728 9.95E-01  0.244 0.0000 0.0430  0.000  0.000  0.0000          
 1.083284E+09  2.221  4.110  3.835  8.103  4.121  0.0000  0.6785 2.89E-01 3.21E-02 0.1352 0.8030  0.711 0.1662 0.6806 9.96E-01  0.292 0.0000 0.0479  0.000  0.000  0.0000          
 1.091436E+09  2.234  4.113  3.835  8.117  4.081  0.0000  0.5446 3.89E-01 6.61E-02 0.1564 0.8030  0.623 0.1675 0.6845 9.97E-01  0.381 0.0000 0.0519  0.000  0.000  0.0000  Lpt     
 1.098604E+09  2.244  4.110  3.809  8.133  4.064  0.0000  0.4008 4.81E-01 1.18E-01 0.1688 0.8030  0.531 0.1689 0.6728 9.96E-01  0.474 0.0000 0.0594  0.000  0.000  0.0000          
 1.101477E+09  2.250  4.105  3.786  8.142  4.069  0.0000  0.3268 5.22E-01 1.52E-01 0.1698 0.8030  0.489 0.1700 0.6648 9.96E-01  0.516 0.0000 0.0670  0.000  0.000  0.0000          
 1.103577E+09  2.254  4.101  3.764  8.149  4.077  0.0000  0.2702 5.46E-01 1.83E-01 0.1702 0.8030  0.460 0.1703 0.6608 9.95E-01  0.545 0.0000 0.0670  0.000  0.000  0.0000          
 1.105387E+09  2.259  4.096  3.742  8.157  4.087  0.0000  0.2218 5.62E-01 2.17E-01 0.1707 0.8030  0.436 0.1708 0.6566 9.94E-01  0.569 0.0000 0.0670  0.000  0.000  0.0000          
 1.106940E+09  2.263  4.092  3.720  8.164  4.098  0.0000  0.1810 5.68E-01 2.51E-01 0.1713 0.8030  0.418 0.1713 0.6493 9.91E-01  0.587 0.0000 0.0749  0.000  0.000  0.0000          
 1.108356E+09  2.267  4.087  3.698  8.171  4.112  0.0000  0.1460 5.67E-01 2.87E-01 0.1720 0.8030  0.406 0.1721 0.6460 9.87E-01  0.598 0.0000 0.0749  0.000  0.001  0.0000          
 1.109654E+09  2.272  4.083  3.675  8.179  4.130  0.0000  0.1152 5.60E-01 3.25E-01 0.1727 0.8030  0.399 0.1727 0.6427 9.79E-01  0.604 0.0000 0.0749  0.000  0.001  0.0000          
 1.110780E+09  2.277  4.079  3.652  8.187  4.147  0.0000  0.0913 5.47E-01 3.61E-01 0.1736 0.8030  0.398 0.1737 0.6361 9.66E-01  0.606 0.0000 0.0749  0.000  0.001  0.0000          
 1.111930E+09  2.282  4.074  3.629  8.195  4.165  0.0000  0.0712 5.29E-01 4.00E-01 0.1753 0.8030  0.399 0.1753 0.6327 9.51E-01  0.604 0.0000 0.0820  0.000  0.001  0.0000          
 1.113023E+09  2.287  4.069  3.606  8.202  4.184  0.0000  0.0550 5.06E-01 4.39E-01 0.1774 0.8030  0.403 0.1776 0.6293 9.36E-01  0.599 0.0000 0.0820  0.000  0.001  0.0000          
 1.114072E+09  2.293  4.065  3.582  8.210  4.201  0.0000  0.0422 4.81E-01 4.77E-01 0.1810 0.8030  0.407 0.1812 0.6259 9.21E-01  0.596 0.0000 0.0820  0.000  0.001  0.0000          
 1.115201E+09  2.298  4.060  3.557  8.218  4.218  0.0000  0.0326 4.51E-01 5.17E-01 0.1853 0.8030  0.409 0.1856 0.6224 9.15E-01  0.593 0.0000 0.0894  0.000  0.001  0.0000          
 1.116326E+09  2.304  4.055  3.532  8.227  4.235  0.0000  0.0248 4.19E-01 5.56E-01 0.1901 0.8030  0.414 0.1904 0.6189 9.06E-01  0.587 0.0000 0.0894  0.000  0.001  0.0000          
 1.117333E+09  2.310  4.051  3.507  8.234  4.252  0.0000  0.0192 3.90E-01 5.91E-01 0.1948 0.8030  0.420 0.1948 0.6154 8.97E-01  0.581 0.0000 0.0894  0.000  0.001  0.0000          
 1.118340E+09  2.316  4.046  3.484  8.241  4.265  0.0000  0.0154 3.60E-01 6.25E-01 0.1997 0.8030  0.422 0.1997 0.6154 8.95E-01  0.580 0.0000 0.0894  0.000  0.002  0.0000          
 1.119140E+09  2.321  4.042  3.462  8.249  4.284  0.0000  0.0116 3.37E-01 6.51E-01 0.2034 0.8030  0.435 0.2034 0.6046 8.83E-01  0.567 0.0000 0.0968  0.000  0.002  0.0000          
 1.120018E+09  2.326  4.037  3.439  8.256  4.298  0.0000  0.0092 3.12E-01 6.78E-01 0.2080 0.8030  0.443 0.2080 0.6009 8.75E-01  0.561 0.0000 0.0968  0.000  0.002  0.0000          
 1.121072E+09  2.332  4.033  3.413  8.264  4.318  0.0000  0.0067 2.83E-01 7.10E-01 0.2130 0.8030  0.455 0.2133 0.5972 8.78E-01  0.535 0.0000 0.0968  0.000  0.002  0.0000          
 1.121354E+09  2.335  4.028  3.391  8.274  4.359  0.0000  0.0035 2.73E-01 7.24E-01 0.0849 0.8030  0.496 0.2149 0.5782 8.41E-01  0.439 0.0000 0.0975  0.000  0.003  0.0000          
 1.121444E+09  2.336  4.023  3.370  8.283  4.416  0.0000  0.0015 2.67E-01 7.32E-01 0.0548 0.8030  0.600 0.2156 0.5543 7.24E-01  0.293 0.0000 0.1140  0.000  0.004  0.0000          
 1.121493E+09  2.334  4.018  3.354  8.286  4.456  0.0000  0.0008 2.65E-01 7.35E-01 0.0613 0.8030  0.901 0.2164 0.5142 4.61E-01  0.191 0.0000 0.1265  0.000  0.004  0.0000          
 1.121534E+09  2.328  4.014  3.344  8.268  4.483  0.0000  0.0004 2.63E-01 7.36E-01 0.0183 0.8030  1.639 0.2187 0.4790 1.91E-01  0.049 0.0000 0.1302  0.000  0.004  0.0000  Yc=0    
 1.121561E+09  2.310  4.011  3.349  8.257  4.520  0.0000  0.0001 2.63E-01 7.37E-01 0.0000 0.8030  1.141 0.2198 0.4807 2.29E-01  0.026 0.0000 0.1339  0.000  0.004  0.0000          
 1.121573E+09  2.295  4.008  3.352  8.257  4.543  0.0000  0.0001 2.62E-01 7.38E-01 0.0000 0.8030  1.043 0.2206 0.4790 2.46E-01  0.026 0.0000 0.1412  0.000  0.005  0.0000          
 1.121581E+09  2.283  4.005  3.351  8.257  4.559  0.0000  0.0001 2.62E-01 7.38E-01 0.0000 0.8030  1.022 0.2215 0.4755 2.52E-01  0.027 0.0000 0.1448  0.000  0.005  0.0000          
 1.121591E+09  2.268  3.999  3.343  8.257  4.575  0.0000  0.0000 2.62E-01 7.38E-01 0.0000 0.8030  1.063 0.2215 0.4720 2.44E-01  0.029 0.0002 0.1448  0.000  0.005  0.0000          
 1.121596E+09  2.261  3.995  3.334  8.257  4.586  0.0000  0.0000 2.62E-01 7.38E-01 0.0000 0.8030  1.079 0.2215 0.4703 2.43E-01  0.030 0.0010 0.1483  0.000  0.006  0.0000          
 1.121603E+09  2.253  3.990  3.321  8.258  4.598  0.0000  0.0000 2.62E-01 7.38E-01 0.0000 0.8030  1.101 0.2215 0.4667 2.39E-01  0.031 0.0022 0.1483  0.000  0.006  0.0000          
 1.121608E+09  2.249  3.985  3.307  8.258  4.606  0.0000  0.0000 2.62E-01 7.38E-01 0.0000 0.8030  1.120 0.2231 0.4649 2.35E-01  0.031 0.0028 0.1518  0.000  0.006  0.0000          
 1.121613E+09  2.246  3.981  3.292  8.259  4.614  0.0000  0.0000 2.62E-01 7.38E-01 0.0000 0.8030  1.140 0.2231 0.4614 2.31E-01  0.032 0.0036 0.1518  0.000  0.006  0.0000          
 1.121617E+09  2.245  3.976  3.275  8.259  4.622  0.0000  0.0000 2.62E-01 7.38E-01 0.0000 0.8030  1.162 0.2231 0.4596 2.25E-01  0.032 0.0046 0.1518  0.000  0.006  0.0000          
 1.121622E+09  2.244  3.971  3.256  8.260  4.629  0.0000  0.0000 2.62E-01 7.38E-01 0.0000 0.8030  1.185 0.2231 0.4578 2.19E-01  0.032 0.0052 0.1552  0.000  0.007  0.0000  Lmin    
 1.121626E+09  2.245  3.967  3.237  8.260  4.636  0.0000  0.0000 2.62E-01 7.38E-01 0.0000 0.8030  1.208 0.2244 0.4541 2.12E-01  0.031 0.0058 0.1552  0.000  0.007  0.0000          
 1.121632E+09  2.247  3.961  3.212  8.261  4.644  0.0000  0.0000 2.62E-01 7.38E-01 0.0000 0.8030  1.241 0.2244 0.4523 2.03E-01  0.031 0.0070 0.1552  0.000  0.007  0.0000          
 1.121636E+09  2.249  3.956  3.190  8.261  4.651  0.0000  0.0000 2.62E-01 7.38E-01 0.0000 0.8030  1.271 0.2244 0.4487 1.95E-01  0.031 0.0075 0.1552  0.000  0.007  0.0000          
 1.121641E+09  2.252  3.951  3.168  8.261  4.657  0.0000  0.0000 2.62E-01 7.38E-01 0.0000 0.8030  1.298 0.2244 0.4468 1.87E-01  0.031 0.0075 0.1552  0.000  0.007  0.0000          
 1.121645E+09  2.255  3.946  3.145  8.261  4.663  0.0000  0.0000 2.62E-01 7.38E-01 0.0000 0.8030  1.322 0.2257 0.4450 1.78E-01  0.030 0.0086 0.1552  0.000  0.007  0.0000          
 1.121654E+09  2.261  3.936  3.099  8.261  4.674  0.0000  0.0000 2.62E-01 7.38E-01 0.0000 0.8030  1.362 0.2257 0.4394 1.64E-01  0.029 0.0097 0.1587  0.000  0.007  0.0000          
 1.121660E+09  2.265  3.930  3.070  8.261  4.680  0.0000  0.0000 2.62E-01 7.38E-01 0.0000 0.8030  1.385 0.2257 0.4375 1.56E-01  0.028 0.0108 0.1587  0.000  0.007  0.0000          
 1.121665E+09  2.268  3.925  3.046  8.261  4.686  0.0000  0.0000 2.62E-01 7.38E-01 0.0000 0.8030  1.392 0.2257 0.4338 1.50E-01  0.028 0.0119 0.1587  0.000  0.007  0.0000          
 1.121674E+09  2.274  3.915  3.001  8.260  4.696  0.0000  0.0000 2.62E-01 7.38E-01 0.0000 0.8030  1.387 0.2279 0.4300 1.41E-01  0.027 0.0130 0.1587  0.000  0.006  0.0000          
 1.121686E+09  2.278  3.902  2.943  8.261  4.710  0.0000  0.0000 2.62E-01 7.38E-01 0.0000 0.8030  1.345 0.2289 0.4262 1.35E-01  0.026 0.0142 0.1587  0.000  0.006  0.0000          
 1.121692E+09  2.280  3.896  2.920  8.261  4.716  0.0000  0.0000 2.62E-01 7.38E-01 0.0000 0.8030  1.325 0.2289 0.4243 1.34E-01  0.026 0.0153 0.1587  0.000  0.006  0.0000          
 1.121701E+09  2.281  3.885  2.874  8.262  4.727  0.0000  0.0000 2.62E-01 7.38E-01 0.0000 0.8030  1.286 0.2300 0.4223 1.32E-01  0.027 0.0153 0.1587  0.000  0.007  0.0000          
 1.121716E+09  2.281  3.866  2.798  8.264  4.745  0.0000  0.0000 2.62E-01 7.38E-01 0.0000 0.8030  1.243 0.2300 0.4160 1.30E-01  0.030 0.0176 0.1618  0.000  0.007  0.0000          
 1.121725E+09  2.281  3.854  2.749  8.265  4.756  0.0000  0.0000 2.62E-01 7.38E-01 0.0000 0.8030  1.233 0.2322 0.4147 1.29E-01  0.032 0.0176 0.1618  0.000  0.007  0.0000          
 1.121744E+09  2.285  3.823  2.623  8.268  4.778  0.0000  0.0000 2.62E-01 7.38E-01 0.0000 0.8030  1.208 0.2338 0.4070 1.25E-01  0.036 0.0199 0.1650  0.000  0.007  0.0000          
 1.121756E+09  2.288  3.804  2.541  8.269  4.791  0.0000  0.0000 2.62E-01 7.38E-01 0.0000 0.8030  1.222 0.2347 0.4044 1.20E-01  0.038 0.0229 0.1738  0.000  0.008  0.0000          
 1.121763E+09  2.291  3.792  2.493  8.270  4.799  0.0000  0.0000 2.62E-01 7.38E-01 0.0000 0.8030  1.241 0.2352 0.4031 1.16E-01  0.039 0.0229 0.1738  0.000  0.008  0.0000          
 1.121778E+09  2.297  3.773  2.411  8.272  4.815  0.0000  0.0000 2.62E-01 7.38E-01 0.0000 0.8030  1.245 0.2364 0.3978 1.09E-01  0.041 0.0259 0.1738  0.000  0.008  0.0000          
 1.121787E+09  2.301  3.766  2.379  8.272  4.824  0.0000  0.0000 2.62E-01 7.38E-01 0.0000 0.8030  1.256 0.2371 0.3952 1.05E-01  0.043 0.0259 0.1768  0.000  0.008  0.0000          
 1.121800E+09  2.306  3.759  2.344  8.274  4.836  0.0000  0.0000 2.62E-01 7.38E-01 0.0000 0.8030  1.252 0.2380 0.3912 1.00E-01  0.045 0.0288 0.1768  0.000  0.008  0.0000          
 1.121812E+09  2.309  3.753  2.318  8.275  4.848  0.0000  0.0000 2.62E-01 7.38E-01 0.0000 0.8030  1.251 0.2388 0.3885 9.67E-02  0.046 0.0302 0.1768  0.000  0.008  0.0000          
 1.121829E+09  2.314  3.747  2.290  8.276  4.864  0.0000  0.0000 2.62E-01 7.38E-01 0.0000 0.8030  1.229 0.2400 0.3858 9.37E-02  0.049 0.0330 0.1825  0.000  0.008  0.0000          
 1.121861E+09  2.330  3.738  2.238  8.280  4.893  0.0000  0.0000 2.62E-01 7.38E-01 0.0000 0.8030  1.152 0.2422 0.3784 9.27E-02  0.059 0.0373 0.1853  0.000  0.009  0.0000  Bagb    
 1.121891E+09  2.361  3.732  2.181  8.283  4.920  0.0000  0.0000 2.62E-01 7.38E-01 0.0000 0.8030  1.080 0.2442 0.3736 8.98E-02  0.066 0.0402 0.1908  0.000  0.009  0.0000          
 1.121903E+09  2.378  3.730  2.156  8.284  4.930  0.0000  0.0000 2.62E-01 7.38E-01 0.0000 0.8010  1.058 0.2450 0.3722 8.71E-02  0.067 0.0445 0.1908  0.000  0.009  0.0000          
 1.121922E+09  2.406  3.727  2.119  8.285  4.945  0.0000  0.0000 2.62E-01 7.38E-01 0.0000 0.7990  1.018 0.2463 0.3688 8.30E-02  0.069 0.0445 0.1908  0.000  0.008  0.0000          
 1.121941E+09  2.427  3.725  2.088  8.287  4.959  0.0000  0.0000 2.62E-01 7.38E-01 0.0000 0.7949  0.967 0.2475 0.3674 8.27E-02  0.071 0.0476 0.1935  0.000  0.008  0.0000          
 1.121967E+09  2.456  3.723  2.051  8.288  4.979  0.0000  0.0000 2.62E-01 7.38E-01 0.0000 0.7821  0.914 0.2490 0.3653 8.12E-02  0.074 0.0523 0.1961  0.000  0.008  0.0000          
 1.121994E+09  2.478  3.722  2.024  8.290  4.997  0.0000  0.0000 2.62E-01 7.38E-01 0.0000 0.7492  0.882 0.2507 0.3639 8.02E-02  0.078 0.0555 0.2159  0.000  0.008  0.0000          
 1.122024E+09  2.496  3.720  1.999  8.291  5.017  0.0000  0.0000 2.62E-01 7.38E-01 0.0000 0.7135  0.874 0.2525 0.3618 7.65E-02  0.081 0.0587 0.2179  0.000  0.008  0.0000          
 1.122072E+09  2.517  3.719  1.974  8.294  5.047  0.0000  0.0000 2.62E-01 7.38E-01 0.0000 0.6864  0.853 0.2553 0.3597 7.50E-02  0.084 0.0658 0.2198  0.000  0.008  0.0000          
 1.122132E+09  2.536  3.718  1.952  8.297  5.083  0.0000  0.0000 2.62E-01 7.38E-01 0.0000 0.6628  0.843 0.2586 0.3583 7.44E-02  0.089 0.0730 0.2244  0.000  0.009  0.0000          
 1.122211E+09  2.555  3.717  1.928  8.301  5.127  0.0000  0.0000 2.62E-01 7.38E-01 0.0000 0.6427  0.846 0.2629 0.3555 7.04E-02  0.089 0.0795 0.2300  0.000  0.009  0.0000          
 1.122279E+09  2.574  3.716  1.905  8.305  5.165  0.0000  0.0000 2.62E-01 7.38E-01 0.0000 0.6259  0.829 0.2663 0.3541 7.03E-02  0.090 0.0873 0.2347  0.000  0.010  0.0000          
 1.122349E+09  2.592  3.715  1.882  8.310  5.203  0.0000  0.0000 2.62E-01 7.38E-01 0.0000 0.6046  0.835 0.2699 0.3520 6.68E-02  0.092 0.0967 0.2404  0.000  0.010  0.0000          
 1.122421E+09  2.611  3.714  1.859  8.316  5.241  0.0000  0.0000 2.62E-01 7.38E-01 0.0000 0.5897  0.826 0.2734 0.3506 6.63E-02  0.097 0.1045 0.2443  0.000  0.011  0.0000          
 1.122492E+09  2.629  3.713  1.838  8.320  5.278  0.0000  0.0000 2.62E-01 7.38E-01 0.0000 0.5743  0.827 0.2768 0.3491 6.36E-02  0.105 0.1131 0.2494  0.000  0.012  0.0000          
 1.122569E+09  2.647  3.712  1.817  8.325  5.316  0.0000  0.0000 2.62E-01 7.38E-01 0.0000 0.5629  0.788 0.2802 0.3491 6.57E-02  0.140 0.1214 0.2494  0.000  0.013  0.0000          
 1.122619E+09  2.653  3.712  1.811  8.317  5.324  0.0000  0.0000 2.62E-01 7.38E-01 0.0000 0.5609  0.404 0.2822 0.3590 1.22E-01  4.118 0.1265 0.2390  0.000  0.011  0.0000  1tp
