#age/yr        logL   logTef lgrav  logTc  logrho Xc      Yc     Xc_C     Xc_O     Q_conv Q_disc  L_H/L Q1_H   Q2_H   f_pp      L_He/L Q1_He  Q2_He  L_C/L  L_nu/L Q_Tmax  stage
 0.000000E+00  1.727  4.188  4.772  7.435  2.036  0.7670  0.2330 0.00E+00 0.00E+00 0.2187 0.2332  0.991 0.0000 0.6845 1.00E+00  0.000 0.0000 0.0000  0.000  0.000  0.0000  ZAMS                
 2.962318E+07  1.745  4.187  4.751  7.439  2.036  0.7330  0.2670 0.00E+00 0.00E+00 0.2187 0.5664  1.001 0.0000 0.7204 1.00E+00  0.000 0.0000 0.0000  0.000  0.000  0.0000          
 5.278256E+07  1.760  4.190  4.746  7.447  2.052  0.7087  0.2913 0.00E+00 0.00E+00 0.2187 0.6189  1.001 0.0000 0.7270 1.00E+00  0.000 0.0000 0.0000  0.000  0.000  0.0000          
 7.354218E+07  1.776  4.192  4.740  7.454  2.069  0.6857  0.3143 0.00E+00 0.00E+00 0.2096 0.6525  1.001 0.0000 0.7335 1.00E+00  0.000 0.0000 0.0000  0.000  0.000  0.0000          
 9.347309E+07  1.793  4.195  4.734  7.462  2.088  0.6618  0.3382 0.00E+00 0.00E+00 0.1997 0.6768  1.000 0.0000 0.7335 1.00E+00  0.000 0.0000 0.0000  0.000  0.000  0.0000          
 1.129682E+08  1.809  4.198  4.729  7.471  2.109  0.6371  0.3629 0.00E+00 0.00E+00 0.1970 0.6920  1.000 0.0000 0.7335 1.00E+00  0.000 0.0000 0.0000  0.000  0.000  0.0000          
 1.299685E+08  1.825  4.201  4.724  7.479  2.131  0.6144  0.3856 0.00E+00 0.00E+00 0.1858 0.7065  1.000 0.0000 0.7335 1.00E+00  0.000 0.0000 0.0000  0.000  0.000  0.0000          
 1.461292E+08  1.842  4.204  4.718  7.488  2.154  0.5911  0.4089 0.00E+00 0.00E+00 0.1734 0.7135  1.001 0.0000 0.7399 1.00E+00  0.000 0.0000 0.0000  0.000  0.000  0.0000          
 1.618708E+08  1.858  4.206  4.713  7.497  2.177  0.5672  0.4328 0.00E+00 0.00E+00 0.1698 0.7270  1.000 0.0000 0.7399 1.00E+00  0.000 0.0000 0.0000  0.000  0.000  0.0000          
 1.754518E+08  1.873  4.209  4.709  7.505  2.199  0.5458  0.4542 0.00E+00 0.00E+00 0.1627 0.7335  1.000 0.0000 0.7399 1.00E+00  0.000 0.0000 0.0000  0.000  0.000  0.0000          
 1.903999E+08  1.890  4.212  4.703  7.515  2.226  0.5207  0.4793 0.00E+00 0.00E+00 0.1539 0.7399  1.000 0.0000 0.7399 1.00E+00  0.000 0.0000 0.0000  0.000  0.000  0.0000          
 2.032033E+08  1.905  4.214  4.697  7.524  2.251  0.4984  0.5016 0.00E+00 0.00E+00 0.1478 0.7461  1.000 0.0000 0.7399 1.00E+00  0.000 0.0000 0.0000  0.000  0.000  0.0000          
 2.155537E+08  1.921  4.217  4.692  7.533  2.279  0.4756  0.5244 0.00E+00 0.00E+00 0.1373 0.7522  1.000 0.0000 0.7399 1.00E+00  0.000 0.0000 0.0000  0.000  0.000  0.0000          
 2.275870E+08  1.937  4.219  4.686  7.543  2.306  0.4525  0.5475 0.00E+00 0.00E+00 0.1342 0.7522  1.000 0.0000 0.7399 1.00E+00  0.000 0.0000 0.0000  0.000  0.000  0.0000          
 2.393083E+08  1.954  4.222  4.680  7.553  2.339  0.4289  0.5711 0.00E+00 0.00E+00 0.1205 0.7581  1.000 0.0000 0.7399 1.00E+00  0.000 0.0000 0.0000  0.000  0.000  0.0000          
 2.505274E+08  1.971  4.224  4.674  7.564  2.370  0.4051  0.5949 0.00E+00 0.00E+00 0.1172 0.7639  1.000 0.0000 0.7461 1.00E+00  0.000 0.0000 0.0000  0.000  0.000  0.0000          
 2.615529E+08  1.988  4.227  4.667  7.575  2.405  0.3809  0.6191 0.00E+00 0.00E+00 0.1085 0.7686  1.000 0.0000 0.7461 1.00E+00  0.000 0.0000 0.0000  0.000  0.000  0.0000          
 2.721993E+08  2.006  4.230  4.660  7.587  2.441  0.3563  0.6437 0.00E+00 0.00E+00 0.1013 0.7686  1.000 0.0000 0.7461 1.00E+00  0.000 0.0000 0.0000  0.000  0.000  0.0000          
 2.810312E+08  2.021  4.232  4.654  7.597  2.475  0.3350  0.6650 0.00E+00 0.00E+00 0.0949 0.7732  1.000 0.0000 0.7461 1.00E+00  0.000 0.0000 0.0000  0.000  0.000  0.0000          
 2.896124E+08  2.038  4.234  4.647  7.608  2.512  0.3134  0.6866 0.00E+00 0.00E+00 0.0851 0.7732  1.000 0.0000 0.7522 1.00E+00  0.000 0.0000 0.0000  0.000  0.000  0.0000          
 2.979426E+08  2.054  4.237  4.640  7.619  2.551  0.2916  0.7084 0.00E+00 0.00E+00 0.0780 0.7777  1.000 0.0000 0.7522 1.00E+00  0.000 0.0000 0.0000  0.000  0.000  0.0000          
 3.060249E+08  2.071  4.239  4.632  7.630  2.593  0.2696  0.7304 0.00E+00 0.00E+00 0.0686 0.7777  1.000 0.0000 0.7581 1.00E+00  0.000 0.0000 0.0000  0.000  0.000  0.0000          
 3.138517E+08  2.088  4.241  4.624  7.642  2.640  0.2474  0.7526 0.00E+00 0.00E+00 0.0576 0.7821  1.000 0.0000 0.7581 1.00E+00  0.000 0.0000 0.0000  0.000  0.000  0.0000          
 3.210082E+08  2.106  4.244  4.614  7.651  2.694  0.2256  0.7744 0.00E+00 0.00E+00 0.0364 0.7821  1.000 0.0000 0.7686 1.00E+00  0.000 0.0000 0.0000  0.000  0.000  0.0000          
 3.275564E+08  2.123  4.245  4.605  7.656  2.758  0.2023  0.7977 0.00E+00 0.00E+00 0.0013 0.7865  1.000 0.0000 0.7777 1.00E+00  0.000 0.0000 0.0000  0.000  0.000  0.0000          
 3.341600E+08  2.141  4.248  4.596  7.665  2.819  0.1748  0.8252 0.00E+00 0.00E+00 0.0000 0.7865  1.000 0.0000 0.7777 1.00E+00  0.000 0.0000 0.0000  0.000  0.000  0.0000          
 3.401965E+08  2.158  4.250  4.587  7.675  2.876  0.1518  0.8482 0.00E+00 0.00E+00 0.0000 0.7865  1.000 0.0000 0.7777 1.00E+00  0.000 0.0000 0.0000  0.000  0.000  0.0000          
 3.462879E+08  2.175  4.251  4.576  7.685  2.935  0.1307  0.8693 0.00E+00 0.00E+00 0.0000 0.7907  1.000 0.0000 0.7821 1.00E+00  0.000 0.0000 0.0000  0.000  0.000  0.0000          
 3.520753E+08  2.193  4.253  4.565  7.696  2.995  0.1125  0.8875 0.00E+00 0.00E+00 0.0000 0.7907  1.000 0.0000 0.7821 1.00E+00  0.000 0.0000 0.0000  0.000  0.000  0.0000          
 3.575772E+08  2.211  4.254  4.552  7.707  3.053  0.0968  0.9032 0.00E+00 0.00E+00 0.0000 0.7907  1.001 0.0000 0.7777 1.00E+00  0.000 0.0000 0.0000  0.000  0.000  0.0000          
 3.634287E+08  2.230  4.255  4.537  7.719  3.116  0.0820  0.9180 0.00E+00 0.00E+00 0.0000 0.7949  1.000 0.0000 0.7777 1.00E+00  0.000 0.0000 0.0000  0.000  0.000  0.0000          
 3.696425E+08  2.252  4.256  4.517  7.733  3.188  0.0680  0.9320 0.00E+00 0.00E+00 0.0000 0.7949  1.000 0.0000 0.7777 1.00E+00  0.000 0.0000 0.0000  0.000  0.000  0.0000          
 3.754975E+08  2.275  4.257  4.498  7.748  3.263  0.0564  0.9436 0.00E+00 0.00E+00 0.0000 0.7949  1.000 0.0000 0.7777 1.00E+00  0.000 0.0000 0.0000  0.000  0.000  0.0000          
 3.809394E+08  2.297  4.257  4.478  7.764  3.338  0.0467  0.9533 2.49E-20 1.10E-20 0.0000 0.7949  1.000 0.0000 0.7732 1.00E+00  0.000 0.0000 0.0000  0.000  0.000  0.0000          
 3.825345E+08  2.306  4.258  4.475  7.772  3.373  0.0441  0.9559 1.16E-19 4.91E-20 0.0000 0.7990  0.999 0.0000 0.7777 1.00E+00  0.000 0.0000 0.0000  0.000  0.000  0.0000  Tmax    
 3.865450E+08  2.324  4.258  4.456  7.786  3.438  0.0376  0.9624 2.32E-18 9.14E-19 0.0000 0.7990  1.000 0.0000 0.7732 1.00E+00  0.000 0.0000 0.0000  0.000  0.000  0.0000          
 3.902304E+08  2.343  4.258  4.436  7.800  3.502  0.0322  0.9678 2.89E-17 1.05E-17 0.0000 0.7990  1.000 0.0000 0.7732 1.00E+00  0.000 0.0000 0.0000  0.000  0.000  0.0000          
 3.936062E+08  2.361  4.257  4.415  7.814  3.565  0.0276  0.9724 3.29E-16 1.11E-16 0.0000 0.7990  1.000 0.0000 0.7686 1.00E+00  0.000 0.0000 0.0000  0.000  0.000  0.0000          
 3.967814E+08  2.378  4.256  4.393  7.829  3.630  0.0237  0.9763 3.75E-15 1.17E-15 0.0000 0.7990  1.000 0.0000 0.7639 1.00E+00  0.000 0.0000 0.0000  0.000  0.000  0.0000          
 3.996370E+08  2.395  4.255  4.370  7.844  3.692  0.0204  0.9796 3.90E-14 1.13E-14 0.0000 0.7990  1.000 0.0000 0.7639 1.00E+00  0.000 0.0000 0.0000  0.000  0.000  0.0000          
 4.022841E+08  2.412  4.253  4.347  7.862  3.750  0.0172  0.9828 4.72E-13 1.25E-13 0.0000 0.7990  1.000 0.0000 0.7581 9.99E-01  0.000 0.0000 0.0000  0.000  0.000  0.0000          
 4.035628E+08  2.420  4.253  4.336  7.890  3.741  0.0158  0.9842 1.95E-12 4.70E-13 0.0062 0.7990  1.001 0.0000 0.7581 9.93E-01  0.000 0.0000 0.0000  0.000  0.000  0.0000  T1min   
 4.043718E+08  2.417  4.257  4.359  7.912  3.576  0.0231  0.9769 3.00E-12 7.43E-13 0.0424 0.7990  1.006 0.0000 0.7270 9.13E-01  0.000 0.0000 0.0000  0.000  0.000  0.0000          
 4.055973E+08  2.405  4.261  4.384  7.911  3.494  0.0211  0.9789 5.69E-12 1.43E-12 0.0533 0.7990  1.003 0.0000 0.7204 8.62E-01  0.000 0.0000 0.0000  0.000  0.000  0.0000          
 4.081265E+08  2.407  4.261  4.385  7.917  3.462  0.0136  0.9864 1.16E-11 2.87E-12 0.0604 0.8030  1.002 0.0000 0.7065 7.96E-01  0.000 0.0000 0.0000  0.000  0.000  0.0000  T1max   
 4.113282E+08  2.424  4.260  4.361  7.937  3.534  0.0017  0.9983 4.85E-11 1.09E-11 0.0592 0.8030  0.992 0.0000 0.7065 8.07E-01  0.000 0.0000 0.0000  0.000  0.000  0.0000          
 4.118236E+08  2.438  4.256  4.335  7.946  3.694  0.0001  0.9999 1.49E-10 3.07E-11 0.0165 0.8030  0.957 0.0000 0.7639 9.35E-01  0.000 0.0000 0.0000  0.000  0.000  0.0000          
 4.119851E+08  2.446  4.252  4.309  7.926  3.867  0.0000  1.0000 5.13E-09 9.49E-11 0.0000 0.8030  0.988 0.0024 0.7522 9.72E-01  0.000 0.0000 0.0000  0.000  0.000  0.0000          
 4.121054E+08  2.453  4.248  4.285  7.922  3.947  0.0000  1.0000 1.29E-08 9.50E-11 0.0000 0.8030  0.999 0.0087 0.7335 9.74E-01  0.000 0.0000 0.0000  0.000  0.000  0.0000          
 4.122762E+08  2.463  4.243  4.256  7.920  4.027  0.0000  1.0000 2.45E-08 9.51E-11 0.0000 0.8030  1.002 0.0157 0.7135 9.78E-01  0.000 0.0000 0.0000  0.000  0.000  0.0000          
 4.125261E+08  2.473  4.238  4.227  7.917  4.104  0.0000  1.0000 4.32E-08 9.54E-11 0.0000 0.8030  1.002 0.0268 0.6920 9.77E-01  0.000 0.0000 0.0000  0.000  0.000  0.0000          
 4.129174E+08  2.481  4.233  4.199  7.913  4.182  0.0000  1.0000 7.09E-08 9.63E-11 0.0000 0.8030  1.001 0.0361 0.6845 9.80E-01  0.000 0.0000 0.0000  0.000  0.000  0.0000          
 4.135550E+08  2.490  4.229  4.174  7.905  4.248  0.0000  1.0000 1.11E-07 9.85E-11 0.0000 0.8030  1.001 0.0495 0.6728 9.65E-01  0.000 0.0000 0.0000  0.000  0.000  0.0000          
 4.137887E+08  2.492  4.229  4.171  7.899  4.255  0.0000  1.0000 1.20E-07 9.94E-11 0.0000 0.8030  1.002 0.0522 0.6689 9.45E-01  0.000 0.0000 0.0000  0.000  0.000  0.0000  T2min   
 4.148505E+08  2.490  4.233  4.190  7.874  4.208  0.0000  1.0000 1.25E-07 1.01E-10 0.0000 0.8030  1.000 0.0583 0.6689 8.68E-01  0.000 0.0000 0.0000  0.000  0.000  0.0659  T2max   
 4.165648E+08  2.502  4.230  4.164  7.904  4.237  0.0000  1.0000 1.43E-07 1.04E-10 0.0000 0.8030  1.001 0.0652 0.6608 8.49E-01  0.000 0.0000 0.0000  0.000  0.000  0.0000          
 4.177246E+08  2.510  4.225  4.139  7.912  4.280  0.0000  1.0000 2.04E-07 1.11E-10 0.0000 0.8030  1.002 0.0709 0.6394 8.17E-01  0.000 0.0000 0.0000  0.000  0.000  0.0000          
 4.189096E+08  2.518  4.220  4.108  7.921  4.332  0.0000  1.0000 3.99E-07 1.32E-10 0.0000 0.8030  1.002 0.0836 0.6189 7.73E-01  0.000 0.0000 0.0000  0.000  0.000  0.0000          
 4.195902E+08  2.523  4.215  4.085  7.929  4.370  0.0000  1.0000 7.81E-07 1.74E-10 0.0000 0.8030  1.002 0.0910 0.5972 7.40E-01  0.000 0.0000 0.0000  0.000  0.000  0.0000          
 4.202481E+08  2.528  4.210  4.058  7.936  4.410  0.0000  1.0000 1.82E-06 3.21E-10 0.0000 0.8030  1.004 0.0995 0.5821 7.03E-01  0.000 0.0000 0.0000  0.000  0.000  0.0000          
 4.207251E+08  2.532  4.205  4.034  7.943  4.443  0.0000  1.0000 3.94E-06 7.09E-10 0.0000 0.8030  1.006 0.1054 0.5664 6.71E-01  0.000 0.0000 0.0000  0.000  0.000  0.0000          
 4.210632E+08  2.536  4.200  4.013  7.950  4.471  0.0000  1.0000 7.36E-06 1.52E-09 0.0000 0.8030  1.004 0.1101 0.5584 6.55E-01  0.000 0.0000 0.0000  0.000  0.000  0.0000          
 4.214441E+08  2.539  4.195  3.987  7.957  4.502  0.0000  1.0000 1.68E-05 4.51E-09 0.0000 0.8030  1.005 0.1166 0.5418 6.27E-01  0.000 0.0000 0.0000  0.000  0.000  0.0000          
 4.217555E+08  2.543  4.189  3.961  7.965  4.530  0.0000  1.0000 3.62E-05 1.30E-08 0.0000 0.8030  1.006 0.1211 0.5332 6.04E-01  0.000 0.0000 0.0024  0.000  0.000  0.0000          
 4.220347E+08  2.546  4.184  3.936  7.971  4.556  0.0000  0.9999 7.80E-05 3.82E-08 0.0000 0.8030  1.012 0.1260 0.5142 5.71E-01  0.000 0.0000 0.0071  0.000  0.000  0.0000          
 4.222366E+08  2.549  4.179  3.915  7.977  4.575  0.0000  0.9999 1.43E-04 9.01E-08 0.0000 0.8030  1.013 0.1292 0.5077 5.52E-01  0.000 0.0000 0.0125  0.000  0.000  0.0000          
 4.224280E+08  2.551  4.175  3.894  7.984  4.594  0.0000  0.9997 2.68E-04 2.21E-07 0.0000 0.8030  1.014 0.1325 0.4978 5.35E-01  0.000 0.0000 0.0157  0.000  0.000  0.0000          
 4.226098E+08  2.554  4.170  3.872  7.993  4.610  0.0000  0.9995 5.39E-04 5.88E-07 0.0000 0.8030  1.013 0.1349 0.4910 5.20E-01  0.001 0.0000 0.0220  0.000  0.000  0.0000          
 4.227656E+08  2.556  4.165  3.852  8.007  4.620  0.0000  0.9988 1.21E-03 1.74E-06 0.0002 0.8030  1.008 0.1381 0.4842 5.12E-01  0.001 0.0000 0.0268  0.000  0.000  0.0000          
 4.229186E+08  2.558  4.161  3.832  8.030  4.615  0.0000  0.9982 1.77E-03 2.72E-06 0.0055 0.8030  1.005 0.1404 0.4773 4.92E-01  0.006 0.0000 0.0242  0.000  0.000  0.0000          
 4.230602E+08  2.564  4.157  3.810  8.083  4.460  0.0000  0.9958 4.16E-03 4.49E-06 0.0468 0.8030  0.807 0.1428 0.4978 6.15E-01  0.287 0.0000 0.0237  0.000  0.000  0.0000  Blp     
 4.231285E+08  2.584  4.161  3.806  8.093  4.262  0.0000  0.9915 8.45E-03 1.23E-05 0.0684 0.8030  0.652 0.1436 0.5584 8.28E-01  0.285 0.0000 0.0275  0.000  0.000  0.0000          
 4.231584E+08  2.594  4.166  3.815  8.094  4.212  0.0000  0.9896 1.04E-02 1.81E-05 0.0701 0.8030  0.648 0.1436 0.5821 8.73E-01  0.240 0.0000 0.0275  0.000  0.000  0.0000          
 4.231870E+08  2.601  4.172  3.831  8.093  4.177  0.0000  0.9880 1.20E-02 2.44E-05 0.0701 0.8030  0.662 0.1436 0.5935 8.94E-01  0.201 0.0000 0.0315  0.000  0.000  0.0000          
 4.232142E+08  2.604  4.178  3.854  8.092  4.156  0.0000  0.9865 1.35E-02 3.11E-05 0.0676 0.8030  0.683 0.1436 0.6082 9.07E-01  0.172 0.0000 0.0315  0.000  0.000  0.0000          
 4.232469E+08  2.604  4.186  3.885  8.091  4.139  0.0000  0.9850 1.50E-02 3.96E-05 0.0649 0.8030  0.711 0.1436 0.6224 9.15E-01  0.148 0.0000 0.0315  0.000  0.000  0.0000          
 4.232866E+08  2.600  4.194  3.922  8.090  4.127  0.0000  0.9833 1.67E-02 5.07E-05 0.0604 0.8030  0.744 0.1436 0.6361 9.20E-01  0.129 0.0000 0.0315  0.000  0.000  0.0000          
 4.233417E+08  2.591  4.203  3.965  8.089  4.119  0.0000  0.9811 1.88E-02 6.79E-05 0.0566 0.8030  0.784 0.1436 0.6493 9.24E-01  0.116 0.0000 0.0315  0.000  0.000  0.0000          
 4.234378E+08  2.578  4.211  4.014  8.088  4.114  0.0000  0.9776 2.23E-02 1.02E-04 0.0530 0.8030  0.828 0.1444 0.6648 9.27E-01  0.110 0.0000 0.0315  0.000  0.000  0.0000          
 4.235461E+08  2.569  4.217  4.044  8.089  4.112  0.0000  0.9737 2.62E-02 1.49E-04 0.0524 0.8030  0.852 0.1444 0.6768 9.30E-01  0.112 0.0000 0.0315  0.000  0.000  0.0000          
 4.237655E+08  2.562  4.221  4.068  8.090  4.096  0.0000  0.9700 2.98E-02 2.11E-04 0.0735 0.8030  0.873 0.1452 0.6883 9.40E-01  0.120 0.0000 0.0315  0.000  0.000  0.0000          
 4.239835E+08  2.561  4.222  4.074  8.091  4.090  0.0000  0.9648 3.49E-02 3.00E-04 0.0750 0.8030  0.877 0.1452 0.6883 9.45E-01  0.122 0.0000 0.0315  0.000  0.000  0.0000  Helmin  
 4.256462E+08  2.566  4.227  4.087  8.097  4.054  0.0000  0.9211 7.73E-02 1.55E-03 0.0819 0.8030  0.845 0.1475 0.7100 9.70E-01  0.155 0.0000 0.0351  0.000  0.000  0.0000          
 4.277612E+08  2.572  4.231  4.099  8.105  4.019  0.0000  0.8597 1.35E-01 4.90E-03 0.0920 0.8030  0.806 0.1499 0.7170 9.81E-01  0.196 0.0000 0.0412  0.000  0.000  0.0000          
 4.307174E+08  2.580  4.236  4.108  8.114  3.981  0.0000  0.7660 2.20E-01 1.37E-02 0.1039 0.8030  0.748 0.1523 0.7270 9.86E-01  0.255 0.0000 0.0412  0.000  0.000  0.0000          
 4.347252E+08  2.589  4.238  4.108  8.128  3.943  0.0000  0.6279 3.36E-01 3.60E-02 0.1214 0.8030  0.662 0.1539 0.7303 9.89E-01  0.342 0.0000 0.0473  0.000  0.000  0.0000  Lpt     
 4.395647E+08  2.601  4.234  4.082  8.147  3.916  0.0000  0.4410 4.71E-01 8.83E-02 0.1409 0.8030  0.550 0.1562 0.7303 9.86E-01  0.456 0.0000 0.0536  0.000  0.000  0.0000          
 4.416768E+08  2.607  4.230  4.058  8.158  3.913  0.0000  0.3527 5.21E-01 1.26E-01 0.1501 0.8030  0.502 0.1576 0.7237 9.80E-01  0.504 0.0000 0.0600  0.000  0.000  0.0000          
 4.432662E+08  2.612  4.225  4.035  8.167  3.917  0.0000  0.2841 5.52E-01 1.64E-01 0.1556 0.8030  0.470 0.1578 0.7170 9.69E-01  0.536 0.0000 0.0659  0.000  0.000  0.0000          
 4.445758E+08  2.618  4.221  4.012  8.176  3.926  0.0000  0.2287 5.69E-01 2.03E-01 0.1599 0.8030  0.449 0.1598 0.7100 9.53E-01  0.557 0.0000 0.0703  0.000  0.000  0.0000          
 4.464362E+08  2.624  4.217  3.989  8.183  3.937  0.0000  0.1888 5.76E-01 2.35E-01 0.1610 0.8030  0.428 0.1611 0.7065 9.35E-01  0.577 0.0000 0.0703  0.000  0.000  0.0000          
 4.474408E+08  2.630  4.212  3.965  8.192  3.954  0.0000  0.1474 5.75E-01 2.77E-01 0.1629 0.8030  0.418 0.1629 0.6920 9.18E-01  0.587 0.0000 0.0703  0.000  0.000  0.0000          
 4.484205E+08  2.636  4.208  3.941  8.202  3.972  0.0000  0.1131 5.63E-01 3.24E-01 0.1656 0.8030  0.413 0.1656 0.6768 8.96E-01  0.591 0.0000 0.0773  0.000  0.001  0.0000          
 4.493515E+08  2.642  4.203  3.917  8.211  3.992  0.0000  0.0859 5.41E-01 3.73E-01 0.1689 0.8030  0.413 0.1689 0.6608 8.74E-01  0.591 0.0000 0.0773  0.000  0.001  0.0000          
 4.502662E+08  2.648  4.199  3.893  8.221  4.011  0.0000  0.0646 5.13E-01 4.23E-01 0.1728 0.8030  0.415 0.1728 0.6525 8.52E-01  0.588 0.0000 0.0845  0.000  0.001  0.0000          
 4.509080E+08  2.655  4.194  3.869  8.232  4.045  0.0000  0.0429 4.86E-01 4.71E-01 0.1472 0.8030  0.435 0.1764 0.6327 8.14E-01  0.564 0.0000 0.0845  0.000  0.001  0.0000          
 4.513145E+08  2.660  4.190  3.846  8.242  4.079  0.0000  0.0289 4.63E-01 5.08E-01 0.1341 0.8030  0.467 0.1793 0.6154 7.58E-01  0.533 0.0000 0.0845  0.000  0.001  0.0000          
 4.515681E+08  2.664  4.185  3.824  8.249  4.109  0.0000  0.0205 4.46E-01 5.34E-01 0.1262 0.8030  0.501 0.1818 0.5972 7.01E-01  0.500 0.0000 0.0845  0.000  0.001  0.0000          
 4.517463E+08  2.667  4.180  3.801  8.256  4.138  0.0000  0.0148 4.32E-01 5.53E-01 0.1168 0.8030  0.538 0.1839 0.5821 6.42E-01  0.465 0.0000 0.0837  0.000  0.001  0.0000          
 4.518674E+08  2.669  4.175  3.779  8.261  4.163  0.0000  0.0111 4.23E-01 5.66E-01 0.1062 0.8030  0.580 0.1855 0.5664 5.82E-01  0.428 0.0000 0.0816  0.000  0.001  0.0000          
 4.519659E+08  2.670  4.170  3.755  8.265  4.191  0.0000  0.0083 4.15E-01 5.77E-01 0.1018 0.8030  0.630 0.1870 0.5501 5.17E-01  0.388 0.0000 0.0807  0.000  0.001  0.0000          
 4.520346E+08  2.671  4.164  3.731  8.269  4.215  0.0000  0.0064 4.10E-01 5.84E-01 0.0946 0.8030  0.672 0.1885 0.5375 4.66E-01  0.354 0.0000 0.0799  0.000  0.001  0.0000          
 4.520787E+08  2.671  4.160  3.713  8.271  4.234  0.0000  0.0052 4.06E-01 5.88E-01 0.0903 0.8030  0.711 0.1900 0.5270 4.25E-01  0.324 0.0000 0.0792  0.000  0.001  0.0000  Yc=0    
 4.521174E+08  2.671  4.155  3.694  8.274  4.253  0.0000  0.0042 4.04E-01 5.92E-01 0.0855 0.8030  0.749 0.1908 0.5174 3.89E-01  0.297 0.0000 0.0784  0.000  0.001  0.0000          
 4.521491E+08  2.671  4.150  3.676  8.275  4.271  0.0000  0.0034 4.01E-01 5.95E-01 0.0789 0.8030  0.798 0.1921 0.5077 3.49E-01  0.266 0.0000 0.0773  0.000  0.001  0.0000          
 4.521824E+08  2.669  4.144  3.652  8.278  4.294  0.0000  0.0027 3.99E-01 5.98E-01 0.0747 0.8030  0.837 0.1928 0.4978 3.15E-01  0.236 0.0000 0.0795  0.000  0.001  0.0000          
 4.522097E+08  2.668  4.138  3.630  8.280  4.316  0.0000  0.0021 3.97E-01 6.01E-01 0.0703 0.8030  0.892 0.1941 0.4842 2.81E-01  0.206 0.0000 0.0829  0.000  0.001  0.0000          
 4.522279E+08  2.667  4.133  3.612  8.281  4.332  0.0000  0.0017 3.96E-01 6.02E-01 0.0632 0.8030  0.920 0.1948 0.4807 2.61E-01  0.185 0.0000 0.0886  0.000  0.002  0.0000          
 4.522433E+08  2.666  4.129  3.595  8.282  4.348  0.0000  0.0014 3.95E-01 6.03E-01 0.0621 0.8030  0.941 0.1955 0.4738 2.46E-01  0.166 0.0000 0.0942  0.000  0.002  0.0000          
 4.522634E+08  2.665  4.122  3.570  8.285  4.370  0.0000  0.0010 3.94E-01 6.05E-01 0.0553 0.8030  0.978 0.1961 0.4667 2.24E-01  0.140 0.0000 0.1022  0.000  0.002  0.0000          
 4.522824E+08  2.663  4.115  3.543  8.286  4.395  0.0000  0.0007 3.93E-01 6.06E-01 0.0460 0.8030  1.033 0.1975 0.4523 2.00E-01  0.110 0.0000 0.1132  0.000  0.002  0.0000          
 4.522953E+08  2.662  4.109  3.522  8.287  4.414  0.0000  0.0005 3.93E-01 6.07E-01 0.0403 0.8030  1.059 0.1981 0.4487 1.86E-01  0.089 0.0000 0.1185  0.000  0.002  0.0000          
 4.523061E+08  2.661  4.105  3.504  8.288  4.432  0.0000  0.0004 3.92E-01 6.07E-01 0.0346 0.8030  1.080 0.1988 0.4413 1.76E-01  0.072 0.0000 0.1262  0.000  0.002  0.0000          
 4.523182E+08  2.660  4.098  3.481  8.289  4.454  0.0000  0.0002 3.92E-01 6.08E-01 0.0258 0.8030  1.112 0.1995 0.4356 1.63E-01  0.051 0.0000 0.1380  0.000  0.002  0.0000          
 4.523265E+08  2.659  4.094  3.464  8.289  4.472  0.0000  0.0002 3.92E-01 6.08E-01 0.0146 0.8030  1.128 0.2001 0.4319 1.56E-01  0.038 0.0000 0.1447  0.000  0.002  0.0000          
 4.523344E+08  2.658  4.089  3.446  8.287  4.490  0.0000  0.0001 3.91E-01 6.09E-01 0.0000 0.8030  1.173 0.2001 0.4223 1.44E-01  0.027 0.0000 0.1524  0.000  0.002  0.0000          
 4.523423E+08  2.657  4.084  3.427  8.282  4.508  0.0000  0.0000 3.92E-01 6.09E-01 0.0000 0.8030  1.255 0.2008 0.4173 1.28E-01  0.019 0.0040 0.1524  0.000  0.002  0.0000          
 4.523495E+08  2.656  4.080  3.409  8.280  4.525  0.0000  0.0000 3.92E-01 6.09E-01 0.0000 0.8030  1.232 0.2015 0.4147 1.25E-01  0.017 0.0079 0.1524  0.000  0.003  0.0000          
 4.523561E+08  2.655  4.075  3.392  8.279  4.541  0.0000  0.0000 3.92E-01 6.09E-01 0.0000 0.8030  1.207 0.2015 0.4121 1.23E-01  0.017 0.0102 0.1546  0.000  0.003  0.0000          
 4.523639E+08  2.653  4.069  3.370  8.278  4.559  0.0000  0.0000 3.92E-01 6.09E-01 0.0000 0.8030  1.187 0.2023 0.4095 1.20E-01  0.017 0.0125 0.1593  0.000  0.003  0.0000          
 4.523707E+08  2.651  4.064  3.349  8.279  4.575  0.0000  0.0000 3.92E-01 6.09E-01 0.0000 0.8030  1.180 0.2030 0.4044 1.18E-01  0.018 0.0146 0.1612  0.000  0.003  0.0000          
 4.523810E+08  2.650  4.054  3.314  8.280  4.597  0.0000  0.0000 3.92E-01 6.09E-01 0.0000 0.8030  1.179 0.2034 0.3991 1.13E-01  0.019 0.0165 0.1630  0.000  0.004  0.0000          
 4.523852E+08  2.649  4.050  3.298  8.280  4.606  0.0000  0.0000 3.92E-01 6.09E-01 0.0000 0.8030  1.184 0.2038 0.3965 1.11E-01  0.020 0.0165 0.1648  0.000  0.004  0.0000  Lmin    
 4.523929E+08  2.649  4.042  3.265  8.281  4.622  0.0000  0.0000 3.92E-01 6.09E-01 0.0000 0.8030  1.190 0.2038 0.3912 1.07E-01  0.022 0.0184 0.1746  0.000  0.004  0.0000          
 4.523975E+08  2.650  4.037  3.245  8.282  4.631  0.0000  0.0000 3.92E-01 6.09E-01 0.0000 0.8030  1.197 0.2046 0.3885 1.04E-01  0.022 0.0209 0.1746  0.000  0.004  0.0000          
 4.524063E+08  2.652  4.027  3.203  8.283  4.649  0.0000  0.0000 3.92E-01 6.09E-01 0.0000 0.8030  1.208 0.2054 0.3831 9.92E-02  0.025 0.0209 0.1747  0.000  0.004  0.0000          
 4.524164E+08  2.655  4.015  3.152  8.285  4.667  0.0000  0.0000 3.92E-01 6.09E-01 0.0000 0.8030  1.206 0.2062 0.3763 9.43E-02  0.027 0.0234 0.1747  0.000  0.004  0.0000          
 4.524224E+08  2.657  4.008  3.120  8.286  4.678  0.0000  0.0000 3.92E-01 6.09E-01 0.0000 0.8030  1.209 0.2066 0.3736 9.16E-02  0.028 0.0234 0.1747  0.000  0.004  0.0000          
 4.524281E+08  2.660  4.000  3.089  8.286  4.688  0.0000  0.0000 3.92E-01 6.09E-01 0.0000 0.8030  1.211 0.2072 0.3708 8.89E-02  0.030 0.0258 0.1747  0.000  0.004  0.0000          
 4.524337E+08  2.662  3.993  3.058  8.287  4.698  0.0000  0.0000 3.92E-01 6.09E-01 0.0000 0.8030  1.214 0.2076 0.3681 8.66E-02  0.031 0.0269 0.1748  0.000  0.004  0.0000          
 4.524424E+08  2.665  3.982  3.008  8.289  4.713  0.0000  0.0000 3.92E-01 6.09E-01 0.0000 0.8030  1.210 0.2083 0.3625 8.26E-02  0.033 0.0269 0.1748  0.000  0.004  0.0000          
 4.524542E+08  2.670  3.965  2.937  8.291  4.733  0.0000  0.0000 3.92E-01 6.09E-01 0.0000 0.8030  1.192 0.2093 0.3569 7.91E-02  0.037 0.0292 0.1748  0.000  0.004  0.0000          
 4.524613E+08  2.672  3.955  2.893  8.292  4.744  0.0000  0.0000 3.92E-01 6.09E-01 0.0000 0.8030  1.187 0.2098 0.3541 7.73E-02  0.038 0.0316 0.1748  0.000  0.004  0.0000          
 4.524655E+08  2.674  3.948  2.866  8.293  4.751  0.0000  0.0000 3.92E-01 6.09E-01 0.0000 0.8030  1.185 0.2101 0.3527 7.61E-02  0.040 0.0316 0.1773  0.000  0.005  0.0000          
 4.524729E+08  2.677  3.937  2.818  8.294  4.763  0.0000  0.0000 3.92E-01 6.09E-01 0.0000 0.8030  1.178 0.2107 0.3498 7.41E-02  0.042 0.0316 0.1773  0.000  0.005  0.0000          
 4.524826E+08  2.681  3.921  2.750  8.296  4.778  0.0000  0.0000 3.92E-01 6.09E-01 0.0000 0.8030  1.167 0.2114 0.3456 7.19E-02  0.043 0.0346 0.1773  0.000  0.005  0.0000          
 4.524885E+08  2.683  3.911  2.708  8.297  4.787  0.0000  0.0000 3.92E-01 6.09E-01 0.0000 0.8030  1.165 0.2119 0.3441 7.06E-02  0.046 0.0346 0.1797  0.000  0.005  0.0000          
 4.524991E+08  2.688  3.892  2.628  8.299  4.803  0.0000  0.0000 3.92E-01 6.09E-01 0.0000 0.8030  1.152 0.2127 0.3398 6.84E-02  0.050 0.0374 0.1797  0.000  0.005  0.0000          
 4.525055E+08  2.691  3.881  2.578  8.300  4.812  0.0000  0.0000 3.92E-01 6.09E-01 0.0000 0.8030  1.152 0.2132 0.3384 6.68E-02  0.053 0.0374 0.1797  0.000  0.005  0.0000          
 4.525166E+08  2.697  3.859  2.487  8.302  4.827  0.0000  0.0000 3.92E-01 6.09E-01 0.0000 0.8030  1.135 0.2139 0.3336 6.50E-02  0.058 0.0403 0.1820  0.000  0.005  0.0000          
 4.525233E+08  2.700  3.846  2.431  8.303  4.836  0.0000  0.0000 3.92E-01 6.09E-01 0.0000 0.8030  1.131 0.2144 0.3317 6.39E-02  0.061 0.0403 0.1820  0.000  0.005  0.0000          
 4.525349E+08  2.705  3.821  2.327  8.305  4.852  0.0000  0.0000 3.92E-01 6.09E-01 0.0000 0.8030  1.112 0.2153 0.3290 6.26E-02  0.068 0.0403 0.1843  0.000  0.005  0.0000          
 4.525469E+08  2.711  3.795  2.215  8.307  4.867  0.0000  0.0000 3.92E-01 6.09E-01 0.0000 0.8030  1.097 0.2161 0.3262 6.12E-02  0.075 0.0446 0.1843  0.000  0.006  0.0000          
 4.525541E+08  2.714  3.779  2.149  8.308  4.876  0.0000  0.0000 3.92E-01 6.09E-01 0.0000 0.8030  1.093 0.2166 0.3252 6.03E-02  0.079 0.0460 0.1864  0.000  0.006  0.0000          
 4.525584E+08  2.716  3.771  2.116  8.309  4.882  0.0000  0.0000 3.92E-01 6.09E-01 0.0000 0.8030  1.092 0.2169 0.3243 5.96E-02  0.081 0.0460 0.1864  0.000  0.006  0.0000          
 4.525678E+08  2.720  3.758  2.060  8.310  4.893  0.0000  0.0000 3.92E-01 6.09E-01 0.0000 0.8030  1.078 0.2175 0.3215 5.89E-02  0.086 0.0475 0.1864  0.000  0.006  0.0000          
 4.525735E+08  2.722  3.753  2.038  8.310  4.900  0.0000  0.0000 3.92E-01 6.09E-01 0.0000 0.8030  1.073 0.2179 0.3205 5.85E-02  0.090 0.0475 0.1864  0.000  0.006  0.0000          
 4.525831E+08  2.725  3.746  2.006  8.312  4.910  0.0000  0.0000 3.92E-01 6.09E-01 0.0000 0.8030  1.060 0.2185 0.3196 5.79E-02  0.097 0.0511 0.1885  0.000  0.006  0.0000          
 4.525980E+08  2.731  3.739  1.973  8.313  4.927  0.0000  0.0000 3.92E-01 6.09E-01 0.0000 0.8030  1.043 0.2195 0.3167 5.71E-02  0.106 0.0534 0.1885  0.000  0.006  0.0000          
 4.526114E+08  2.737  3.735  1.948  8.314  4.941  0.0000  0.0000 3.92E-01 6.09E-01 0.0000 0.8030  1.021 0.2203 0.3158 5.69E-02  0.115 0.0556 0.1903  0.000  0.006  0.0000          
 4.526283E+08  2.747  3.729  1.918  8.316  4.958  0.0000  0.0000 3.92E-01 6.09E-01 0.0000 0.8030  0.986 0.2213 0.3139 5.71E-02  0.126 0.0575 0.1903  0.000  0.006  0.0000          
 4.526341E+08  2.751  3.728  1.908  8.316  4.963  0.0000  0.0000 3.92E-01 6.09E-01 0.0000 0.8030  0.973 0.2217 0.3139 5.71E-02  0.130 0.0593 0.1903  0.000  0.006  0.0000  Bagb    
 4.526546E+08  2.770  3.724  1.873  8.317  4.982  0.0000  0.0000 3.92E-01 6.09E-01 0.0000 0.8030  0.919 0.2228 0.3120 5.82E-02  0.143 0.0625 0.1921  0.000  0.006  0.0000          
 4.526724E+08  2.787  3.722  1.846  8.318  4.997  0.0000  0.0000 3.92E-01 6.09E-01 0.0000 0.8010  0.873 0.2238 0.3120 5.88E-02  0.158 0.0642 0.1921  0.000  0.006  0.0000          
 4.526927E+08  2.805  3.720  1.820  8.318  5.013  0.0000  0.0000 3.92E-01 6.09E-01 0.0000 0.7949  0.825 0.2249 0.3120 6.01E-02  0.168 0.0677 0.1938  0.000  0.006  0.0000          
 4.527252E+08  2.822  3.718  1.796  8.318  5.036  0.0000  0.0000 3.92E-01 6.09E-01 0.0000 0.7928  0.779 0.2265 0.3129 6.26E-02  0.184 0.0722 0.1955  0.000  0.006  0.0000          
 4.528680E+08  2.839  3.716  1.772  8.322  5.129  0.0000  0.0000 3.92E-01 6.09E-01 0.0000 0.7860  0.692 0.2325 0.3148 7.08E-02  0.262 0.0896 0.2038  0.000  0.007  0.0000          
 4.529717E+08  2.848  3.716  1.763  8.319  5.176  0.0000  0.0000 3.92E-01 6.09E-01 0.0000 0.7709  0.347 0.2359 0.3290 1.31E-01  0.744 0.0995 0.2026  0.000  0.007  0.0000  T3min   
 4.530180E+08  2.830  3.718  1.788  8.316  5.192  0.0000  0.0000 3.92E-01 6.09E-01 0.0000 0.7709  0.232 0.2366 0.3354 1.80E-01  0.766 0.1016 0.2038  0.000  0.006  0.0000          
 4.530658E+08  2.822  3.718  1.797  8.315  5.212  0.0000  0.0000 3.92E-01 6.09E-01 0.0000 0.7709  0.178 0.2371 0.3376 2.16E-01  0.846 0.1028 0.2052  0.000  0.007  0.0000  T3max   
 4.531938E+08  2.838  3.716  1.772  8.313  5.259  0.0000  0.0000 3.92E-01 6.09E-01 0.0000 0.7709  0.113 0.2380 0.3384 2.75E-01  0.902 0.1062 0.2079  0.000  0.006  0.0000          
 4.533290E+08  2.857  3.714  1.746  8.310  5.305  0.0000  0.0000 3.92E-01 6.09E-01 0.0000 0.7204  0.086 0.2387 0.3376 3.09E-01  0.919 0.1111 0.2104  0.000  0.007  0.0000          
 4.534541E+08  2.875  3.713  1.723  8.308  5.346  0.0000  0.0000 3.92E-01 6.09E-01 0.0000 0.6845  0.069 0.2392 0.3345 3.24E-01  0.935 0.1158 0.2116  0.000  0.007  0.0000          
 4.535917E+08  2.900  3.711  1.690  8.308  5.391  0.0000  0.0000 3.92E-01 6.09E-01 0.0000 0.6525  0.054 0.2396 0.3294 3.28E-01  0.949 0.1220 0.2140  0.000  0.007  0.0000          
 4.536897E+08  2.921  3.710  1.665  8.308  5.423  0.0000  0.0000 3.92E-01 6.09E-01 0.0000 0.6082  0.047 0.2399 0.3266 3.27E-01  0.952 0.1268 0.2151  0.000  0.008  0.0000          
 4.538022E+08  2.946  3.708  1.634  8.310  5.461  0.0000  0.0000 3.92E-01 6.09E-01 0.0000 0.5821  0.040 0.2401 0.3219 3.15E-01  0.957 0.1327 0.2162  0.000  0.008  0.0000          
 4.538855E+08  2.965  3.707  1.611  8.311  5.490  0.0000  0.0000 3.92E-01 6.09E-01 0.0000 0.5543  0.036 0.2403 0.3191 3.04E-01  0.957 0.1374 0.2184  0.000  0.009  0.0000          
 4.539769E+08  2.989  3.706  1.583  8.312  5.523  0.0000  0.0000 3.92E-01 6.09E-01 0.0000 0.5332  0.033 0.2406 0.3148 2.84E-01  0.958 0.1419 0.2194  0.000  0.009  0.0000          
 4.540510E+08  3.008  3.705  1.559  8.313  5.550  0.0000  0.0000 3.92E-01 6.09E-01 0.0000 0.5190  0.030 0.2408 0.3110 2.68E-01  0.960 0.1465 0.2215  0.000  0.009  0.0000          
 4.541139E+08  3.026  3.704  1.537  8.314  5.573  0.0000  0.0000 3.92E-01 6.09E-01 0.0000 0.4994  0.029 0.2409 0.3081 2.51E-01  0.958 0.1501 0.2225  0.000  0.010  0.0000          
 4.541843E+08  3.047  3.703  1.513  8.315  5.600  0.0000  0.0000 3.92E-01 6.09E-01 0.0000 0.4825  0.028 0.2411 0.3043 2.28E-01  0.957 0.1546 0.2236  0.000  0.010  0.0000          
 4.542455E+08  3.066  3.703  1.492  8.316  5.625  0.0000  0.0000 3.92E-01 6.09E-01 0.0000 0.4703  0.029 0.2413 0.3004 2.00E-01  0.953 0.1579 0.2255  0.000  0.011  0.0002          
 4.543025E+08  3.085  3.702  1.471  8.317  5.650  0.0000  0.0000 3.92E-01 6.09E-01 0.0000 0.4578  0.031 0.2416 0.2960 1.70E-01  0.950 0.1612 0.2265  0.000  0.011  0.0032          
 4.543634E+08  3.106  3.701  1.444  8.317  5.677  0.0000  0.0000 3.92E-01 6.09E-01 0.0000 0.4481  0.036 0.2419 0.2911 1.33E-01  0.944 0.1648 0.2285  0.000  0.012  0.0071          
 4.544159E+08  3.127  3.700  1.421  8.317  5.701  0.0000  0.0000 3.92E-01 6.09E-01 0.0000 0.4347  0.043 0.2423 0.2857 1.02E-01  0.935 0.1680 0.2295  0.000  0.012  0.0110          
 4.544592E+08  3.144  3.700  1.400  8.317  5.722  0.0000  0.0000 3.92E-01 6.09E-01 0.0000 0.4252  0.051 0.2427 0.2812 7.84E-02  0.925 0.1704 0.2314  0.000  0.013  0.0146          
 4.545031E+08  3.164  3.699  1.378  8.317  5.744  0.0000  0.0000 3.92E-01 6.09E-01 0.0000 0.4166  0.065 0.2432 0.2767 5.74E-02  0.910 0.1734 0.2319  0.000  0.013  0.0209          
 4.545447E+08  3.183  3.698  1.355  8.316  5.766  0.0000  0.0000 3.92E-01 6.09E-01 0.0000 0.4089  0.081 0.2438 0.2716 4.23E-02  0.893 0.1819 0.2334  0.000  0.014  0.0234          
 4.545810E+08  3.201  3.697  1.335  8.315  5.785  0.0000  0.0000 3.92E-01 6.09E-01 0.0000 0.4017  0.094 0.2445 0.2686 3.35E-02  0.880 0.1843 0.2343  0.000  0.014  0.0269          
 4.546293E+08  3.226  3.697  1.308  8.313  5.811  0.0000  0.0000 3.92E-01 6.09E-01 0.0000 0.3938  0.105 0.2453 0.2652 2.67E-02  0.869 0.1880 0.2358  0.000  0.015  0.0316          
 4.546741E+08  3.249  3.696  1.280  8.310  5.837  0.0000  0.0000 3.92E-01 6.09E-01 0.0000 0.3851  0.122 0.2461 0.2621 2.08E-02  0.852 0.1917 0.2376  0.000  0.016  0.0374          
 4.547060E+08  3.267  3.695  1.259  8.308  5.856  0.0000  0.0000 3.92E-01 6.09E-01 0.0000 0.3777  0.141 0.2468 0.2602 1.67E-02  0.829 0.1941 0.2384  0.000  0.016  0.0424          
 4.547390E+08  3.286  3.694  1.237  8.305  5.875  0.0000  0.0000 3.92E-01 6.09E-01 0.0000 0.3723  0.150 0.2476 0.2590 1.45E-02  0.820 0.1969 0.2395  0.000  0.016  0.0446          
 4.547764E+08  3.308  3.693  1.212  8.301  5.898  0.0000  0.0000 3.92E-01 6.09E-01 0.0000 0.3650  0.165 0.2485 0.2576 1.20E-02  0.804 0.2001 0.2412  0.000  0.017  0.0515          
 4.548094E+08  3.328  3.693  1.190  8.297  5.919  0.0000  0.0000 3.92E-01 6.09E-01 0.0000 0.3594  0.179 0.2494 0.2569 1.01E-02  0.789 0.2029 0.2425  0.000  0.017  0.0556          
 4.548433E+08  3.350  3.692  1.166  8.292  5.942  0.0000  0.0000 3.92E-01 6.09E-01 0.0000 0.3528  0.196 0.2504 0.2566 8.41E-03  0.771 0.2058 0.2437  0.000  0.018  0.0597          
 4.548724E+08  3.369  3.692  1.144  8.288  5.961  0.0000  0.0000 3.92E-01 6.09E-01 0.0000 0.3478  0.207 0.2513 0.2569 7.33E-03  0.759 0.2085 0.2452  0.000  0.018  0.0642          
 4.549033E+08  3.390  3.691  1.119  8.283  5.982  0.0000  0.0000 3.92E-01 6.09E-01 0.0000 0.3424  0.219 0.2524 0.2576 6.33E-03  0.746 0.2113 0.2465  0.000  0.018  0.0677          
 4.549303E+08  3.408  3.690  1.097  8.277  6.002  0.0000  0.0000 3.92E-01 6.09E-01 0.0000 0.3380  0.230 0.2534 0.2583 5.60E-03  0.735 0.2137 0.2480  0.000  0.019  0.0735          
 4.549578E+08  3.428  3.689  1.075  8.271  6.022  0.0000  0.0000 3.92E-01 6.09E-01 0.0000 0.3337  0.241 0.2545 0.2590 4.93E-03  0.722 0.2165 0.2494  0.000  0.019  0.0767          
 4.549826E+08  3.446  3.688  1.054  8.265  6.040  0.0000  0.0000 3.92E-01 6.09E-01 0.0000 0.3299  0.251 0.2555 0.2598 4.36E-03  0.711 0.2189 0.2506  0.000  0.019  0.0803          
 4.550076E+08  3.465  3.688  1.033  8.258  6.059  0.0000  0.0000 3.92E-01 6.09E-01 0.0000 0.3260  0.262 0.2566 0.2605 3.80E-03  0.699 0.2214 0.2520  0.000  0.020  0.0843          
 4.550325E+08  3.484  3.687  1.012  8.251  6.079  0.0000  0.0000 3.92E-01 6.09E-01 0.0000 0.3225  0.270 0.2578 0.2615 3.42E-03  0.691 0.2240 0.2534  0.000  0.020  0.0896          
 4.550575E+08  3.503  3.687  0.989  8.244  6.099  0.0000  0.0000 3.92E-01 6.09E-01 0.0000 0.3191  0.281 0.2590 0.2625 3.03E-03  0.679 0.2267 0.2550  0.000  0.020  0.0929          
 4.550799E+08  3.522  3.686  0.968  8.237  6.117  0.0000  0.0000 3.92E-01 6.09E-01 0.0000 0.3161  0.289 0.2602 0.2634 2.73E-03  0.670 0.2290 0.2563  0.000  0.021  0.0989          
 4.551017E+08  3.540  3.685  0.946  8.230  6.135  0.0000  0.0000 3.92E-01 6.09E-01 0.0000 0.3134  0.298 0.2614 0.2646 2.47E-03  0.659 0.2314 0.2579  0.000  0.021  0.1022          
 4.551230E+08  3.558  3.684  0.925  8.222  6.154  0.0000  0.0000 3.92E-01 6.09E-01 0.0000 0.3109  0.310 0.2626 0.2655 2.20E-03  0.645 0.2338 0.2592  0.000  0.021  0.1047          
 4.551440E+08  3.577  3.684  0.904  8.215  6.172  0.0000  0.0000 3.92E-01 6.09E-01 0.0000 0.3085  0.323 0.2639 0.2666 1.95E-03  0.631 0.2365 0.2607  0.000  0.021  0.1104          
 4.551652E+08  3.596  3.683  0.882  8.207  6.191  0.0000  0.0000 3.92E-01 6.09E-01 0.0000 0.3065  0.338 0.2652 0.2678 1.75E-03  0.615 0.2388 0.2621  0.000  0.021  0.1132          
 4.551860E+08  3.614  3.682  0.862  8.200  6.209  0.0000  0.0000 3.92E-01 6.09E-01 0.0000 0.3044  0.345 0.2666 0.2691 1.58E-03  0.610 0.2414 0.2637  0.000  0.022  0.1185          
 4.552054E+08  3.632  3.682  0.841  8.192  6.227  0.0000  0.0000 3.92E-01 6.09E-01 0.0000 0.3030  0.357 0.2680 0.2702 1.43E-03  0.599 0.2437 0.2654  0.000  0.022  0.1214          
 4.552249E+08  3.650  3.680  0.818  8.185  6.245  0.0000  0.0000 3.92E-01 6.09E-01 0.0000 0.3016  0.368 0.2694 0.2715 1.30E-03  0.588 0.2460 0.2667  0.000  0.022  0.1273          
 4.552444E+08  3.668  3.680  0.797  8.177  6.264  0.0000  0.0000 3.92E-01 6.09E-01 0.0000 0.3003  0.378 0.2708 0.2729 1.18E-03  0.577 0.2485 0.2685  0.000  0.022  0.1320          
 4.552637E+08  3.687  3.679  0.776  8.169  6.282  0.0000  0.0000 3.92E-01 6.09E-01 0.0000 0.2994  0.388 0.2723 0.2743 1.07E-03  0.567 0.2510 0.2701  0.000  0.022  0.1347          
 4.552826E+08  3.705  3.679  0.756  8.162  6.301  0.0000  0.0000 3.92E-01 6.09E-01 0.0000 0.2986  0.396 0.2739 0.2757 9.88E-04  0.558 0.2535 0.2718  0.000  0.022  0.1394          
 4.553013E+08  3.723  3.678  0.735  8.154  6.319  0.0000  0.0000 3.92E-01 6.09E-01 0.0000 0.2981  0.408 0.2754 0.2772 8.99E-04  0.546 0.2559 0.2735  0.000  0.022  0.1440          
 4.553197E+08  3.741  3.677  0.714  8.147  6.338  0.0000  0.0000 3.92E-01 6.09E-01 0.0000 0.2978  0.420 0.2770 0.2786 8.19E-04  0.535 0.2584 0.2753  0.000  0.022  0.1486          
 4.553378E+08  3.759  3.676  0.692  8.140  6.356  0.0000  0.0000 3.92E-01 6.09E-01 0.0000 0.2976  0.430 0.2787 0.2802 7.44E-04  0.523 0.2608 0.2769  0.000  0.022  0.1529          
 4.553556E+08  3.776  3.675  0.671  8.133  6.375  0.0000  0.0000 3.92E-01 6.09E-01 0.0000 0.2975  0.442 0.2803 0.2817 6.59E-04  0.512 0.2633 0.2787  0.000  0.022  0.1574          
 4.553741E+08  3.794  3.675  0.651  8.126  6.394  0.0000  0.0000 3.92E-01 6.09E-01 0.0000 0.2975  0.454 0.2821 0.2834 6.01E-04  0.500 0.2658 0.2807  0.000  0.022  0.1612          
 4.553934E+08  3.812  3.674  0.629  8.118  6.414  0.0000  0.0000 3.92E-01 6.09E-01 0.0000 0.2975  0.465 0.2840 0.2852 5.48E-04  0.489 0.2686 0.2827  0.000  0.022  0.1669          
 4.554112E+08  3.832  3.673  0.607  8.112  6.434  0.0000  0.0000 3.92E-01 6.09E-01 0.0000 0.2975  0.536 0.2858 0.2869 4.37E-04  0.401 0.2711 0.2846  0.000  0.022  0.1709          
 4.554377E+08  3.850  3.672  0.586  8.102  6.462  0.0000  0.0000 3.92E-01 6.09E-01 0.0000 0.2975  0.474 0.2886 0.2895 4.46E-04  0.437 0.2750 0.2875  0.000  0.022  0.1785          
 4.554872E+08  3.830  3.673  0.609  8.084  6.516  0.0000  0.0000 3.92E-01 6.09E-01 0.0000 0.2975  0.461 0.2937 0.2943 4.26E-04  0.501 0.2818 0.2928  0.000  0.024  0.1921          
 4.554932E+08  3.810  3.674  0.633  8.082  6.522  0.0000  0.0000 3.92E-01 6.09E-01 0.0000 0.2975  0.358 0.2942 0.2949 5.37E-04  0.608 0.2825 0.2933  0.000  0.025  0.1921          
 4.554945E+08  3.791  3.675  0.655  8.082  6.523  0.0000  0.0000 3.92E-01 6.09E-01 0.0000 0.2975  0.338 0.2943 0.2949 6.54E-04  0.551 0.2827 0.2934  0.000  0.027  0.1921          
 4.554960E+08  3.813  3.674  0.629  8.081  6.526  0.0000  0.0000 3.92E-01 6.09E-01 0.0000 0.2975  0.527 0.2944 0.2950 3.76E-04  0.302 0.2828 0.2937  0.000  0.025  0.1935          
 4.554967E+08  3.833  3.673  0.606  8.081  6.527  0.0000  0.0000 3.92E-01 6.09E-01 0.0000 0.2975  0.587 0.2945 0.2951 3.09E-04  0.228 0.2830 0.2938  0.000  0.024  0.1935          
 4.554995E+08  3.812  3.674  0.631  8.081  6.530  0.0000  0.0000 3.92E-01 6.09E-01 0.0000 0.2975  0.538 0.2948 0.2954 3.72E-04  0.521 0.2833 0.2939  0.000  0.026  0.1951          
 4.554998E+08  3.791  3.675  0.655  8.080  6.530  0.0000  0.0000 3.92E-01 6.09E-01 0.0000 0.2975  0.366 0.2948 0.2954 5.99E-04  0.887 0.2833 0.2938  0.000  0.027  0.1951          
 4.555001E+08  3.768  3.676  0.681  8.080  6.529  0.0000  0.0000 3.92E-01 6.09E-01 0.0000 0.2975  0.236 0.2949 0.2955 9.20E-04  0.863 0.2834 0.2938  0.000  0.028  0.1935          
 4.555012E+08  3.751  3.677  0.702  8.079  6.530  0.0000  0.0000 3.92E-01 6.09E-01 0.0000 0.2975  0.253 0.2949 0.2955 1.27E-03  0.659 0.2834 0.2940  0.000  0.029  0.1951          
 4.555033E+08  3.775  3.675  0.674  8.079  6.533  0.0000  0.0000 3.92E-01 6.09E-01 0.0000 0.2975  0.642 0.2950 0.2956 3.48E-04  0.249 0.2837 0.2944  0.000  0.028  0.1951          
 4.555038E+08  3.793  3.675  0.653  8.079  6.534  0.0000  0.0000 3.92E-01 6.09E-01 0.0000 0.2975  0.691 0.2951 0.2957 3.00E-04  0.196 0.2838 0.2945  0.000  0.027  0.1951          
 4.555048E+08  3.809  3.674  0.633  8.079  6.536  0.0000  0.0000 3.92E-01 6.09E-01 0.0000 0.2975  0.739 0.2952 0.2958 2.60E-04  0.154 0.2839 0.2946  0.000  0.026  0.1951  1tp
