#age/yr        logL   logTef lgrav  logTc  logrho Xc      Yc     Xc_C     Xc_O     Q_conv Q_disc  L_H/L Q1_H   Q2_H   f_pp      L_He/L Q1_He  Q2_He  L_C/L  L_nu/L Q_Tmax  stage
 0.000000E+00  2.906  4.442  4.946  7.663  2.062  0.7684  0.2316 0.00E+00 0.00E+00 0.2406 0.2229  0.916 0.0000 0.8105 1.00E+00  0.000 0.0000 0.0000  0.000  0.000  0.0000  ZAMS                
 5.188723E+06  2.903  4.445  4.959  7.679  2.084  0.7335  0.2665 0.00E+00 0.00E+00 0.2787 0.6499  1.001 0.0000 0.7978 1.00E+00  0.000 0.0000 0.0000  0.000  0.000  0.0000          
 8.695923E+06  2.919  4.448  4.955  7.687  2.104  0.7116  0.2884 0.00E+00 0.00E+00 0.2678 0.6921  1.001 0.0000 0.7978 1.00E+00  0.000 0.0000 0.0000  0.000  0.000  0.0000          
 1.219515E+07  2.935  4.451  4.951  7.697  2.124  0.6888  0.3112 0.00E+00 0.00E+00 0.2652 0.7173  1.001 0.0000 0.7978 1.00E+00  0.000 0.0000 0.0000  0.000  0.000  0.0000          
 1.529544E+07  2.950  4.454  4.948  7.705  2.145  0.6678  0.3322 0.00E+00 0.00E+00 0.2534 0.7378  1.001 0.0000 0.7978 1.00E+00  0.000 0.0000 0.0000  0.000  0.000  0.0000          
 1.831392E+07  2.965  4.457  4.945  7.715  2.166  0.6460  0.3540 0.00E+00 0.00E+00 0.2452 0.7543  1.001 0.0000 0.8043 1.00E+00  0.000 0.0000 0.0000  0.000  0.000  0.0000          
 2.130062E+07  2.980  4.459  4.941  7.724  2.187  0.6237  0.3763 0.00E+00 0.00E+00 0.2424 0.7622  1.001 0.0000 0.8043 1.00E+00  0.000 0.0000 0.0000  0.000  0.000  0.0000          
 2.388394E+07  2.995  4.462  4.938  7.733  2.209  0.6035  0.3965 0.00E+00 0.00E+00 0.2313 0.7698  1.001 0.0000 0.8043 1.00E+00  0.000 0.0000 0.0000  0.000  0.000  0.0000          
 2.637536E+07  3.009  4.465  4.934  7.742  2.231  0.5829  0.4171 0.00E+00 0.00E+00 0.2220 0.7771  1.001 0.0000 0.8043 1.00E+00  0.000 0.0000 0.0000  0.000  0.000  0.0000          
 2.918024E+07  3.026  4.468  4.930  7.753  2.257  0.5588  0.4412 0.00E+00 0.00E+00 0.2155 0.7842  1.001 0.0000 0.8043 1.00E+00  0.000 0.0000 0.0000  0.000  0.000  0.0000          
 3.154786E+07  3.042  4.471  4.925  7.763  2.283  0.5371  0.4629 0.00E+00 0.00E+00 0.2007 0.7911  1.001 0.0000 0.8105 1.00E+00  0.000 0.0000 0.0000  0.000  0.000  0.0000          
 3.384868E+07  3.057  4.473  4.921  7.773  2.309  0.5151  0.4849 0.00E+00 0.00E+00 0.1951 0.7978  1.001 0.0000 0.8105 1.00E+00  0.000 0.0000 0.0000  0.000  0.000  0.0000          
 3.606585E+07  3.073  4.476  4.916  7.784  2.338  0.4926  0.5074 0.00E+00 0.00E+00 0.1794 0.8043  1.001 0.0000 0.8105 1.00E+00  0.000 0.0000 0.0000  0.000  0.000  0.0000          
 3.820535E+07  3.089  4.479  4.911  7.795  2.368  0.4697  0.5303 0.00E+00 0.00E+00 0.1682 0.8105  1.001 0.0000 0.8105 1.00E+00  0.000 0.0000 0.0000  0.000  0.000  0.0000          
 4.026127E+07  3.106  4.482  4.906  7.806  2.400  0.4464  0.5536 0.00E+00 0.00E+00 0.1560 0.8105  1.001 0.0000 0.8105 1.00E+00  0.000 0.0000 0.0000  0.000  0.000  0.0000          
 4.222328E+07  3.123  4.485  4.900  7.818  2.435  0.4228  0.5772 0.00E+00 0.00E+00 0.1421 0.8166  1.001 0.0000 0.8166 1.00E+00  0.000 0.0000 0.0000  0.000  0.000  0.0000          
 4.373923E+07  3.137  4.487  4.897  7.828  2.469  0.4032  0.5968 3.65E-20 1.41E-20 0.1259 0.8166  1.001 0.0000 0.8166 1.00E+00  0.000 0.0000 0.0000  0.000  0.000  0.0000          
 4.536561E+07  3.153  4.490  4.891  7.840  2.505  0.3805  0.6195 3.43E-19 1.25E-19 0.1135 0.8224  1.001 0.0000 0.8224 1.00E+00  0.000 0.0000 0.0000  0.000  0.000  0.0000          
 4.687774E+07  3.168  4.492  4.884  7.851  2.543  0.3583  0.6417 2.38E-18 8.12E-19 0.0996 0.8224  1.001 0.0000 0.8224 1.00E+00  0.000 0.0000 0.0000  0.000  0.000  0.0000          
 4.834273E+07  3.184  4.495  4.878  7.862  2.584  0.3354  0.6646 1.67E-17 5.33E-18 0.0842 0.8281  1.001 0.0000 0.8224 1.00E+00  0.000 0.0000 0.0000  0.000  0.000  0.0000          
 4.974428E+07  3.201  4.497  4.870  7.873  2.629  0.3123  0.6877 1.18E-16 3.51E-17 0.0688 0.8281  1.001 0.0000 0.8281 1.00E+00  0.000 0.0000 0.0000  0.000  0.000  0.0000          
 5.101217E+07  3.218  4.499  4.861  7.881  2.684  0.2889  0.7111 8.79E-16 2.39E-16 0.0263 0.8281  1.000 0.0000 0.8389 1.00E+00  0.000 0.0000 0.0000  0.000  0.000  0.0000          
 5.226668E+07  3.234  4.501  4.854  7.889  2.744  0.2585  0.7415 3.79E-14 8.89E-15 0.0000 0.8336  1.001 0.0000 0.8506 1.00E+00  0.000 0.0000 0.0000  0.000  0.000  0.0000          
 5.347604E+07  3.250  4.503  4.846  7.901  2.799  0.2291  0.7709 2.75E-13 6.09E-14 0.0000 0.8336  1.001 0.0000 0.8506 9.99E-01  0.000 0.0000 0.0000  0.000  0.000  0.0000          
 5.485864E+07  3.268  4.505  4.834  7.919  2.852  0.1987  0.8013 1.32E-12 2.77E-13 0.0055 0.8336  1.002 0.0000 0.8389 9.92E-01  0.000 0.0000 0.0000  0.000  0.000  0.0000          
 5.581162E+07  3.278  4.506  4.828  7.936  2.858  0.1913  0.8087 1.64E-12 3.48E-13 0.0345 0.8389  1.004 0.0000 0.8281 9.54E-01  0.000 0.0000 0.0000  0.000  0.000  0.0000  Tmax    
 5.789885E+07  3.281  4.501  4.806  7.947  2.794  0.1752  0.8248 5.80E-12 1.25E-12 0.0975 0.8389  1.007 0.0000 0.7842 7.42E-01  0.000 0.0000 0.0000  0.000  0.000  0.0000          
 5.909441E+07  3.285  4.497  4.785  7.949  2.774  0.1586  0.8414 9.02E-12 1.93E-12 0.1095 0.8389  1.007 0.0000 0.7622 6.26E-01  0.000 0.0000 0.0000  0.000  0.000  0.0000          
 6.008802E+07  3.289  4.492  4.763  7.951  2.762  0.1394  0.8606 1.28E-11 2.72E-12 0.1158 0.8389  1.008 0.0000 0.7462 5.30E-01  0.000 0.0000 0.0000  0.000  0.000  0.0000          
 6.106608E+07  3.294  4.487  4.740  7.954  2.754  0.1209  0.8791 1.70E-11 3.60E-12 0.1198 0.8429  1.008 0.0000 0.7292 4.48E-01  0.000 0.0000 0.0000  0.000  0.000  0.0000          
 6.194015E+07  3.298  4.483  4.717  7.956  2.749  0.1022  0.8978 2.22E-11 4.66E-12 0.1229 0.8429  1.008 0.0000 0.7112 3.80E-01  0.000 0.0000 0.0000  0.000  0.000  0.0000          
 6.276159E+07  3.303  4.479  4.694  7.959  2.749  0.0823  0.9177 2.90E-11 6.01E-12 0.1213 0.8429  1.008 0.0000 0.6921 3.26E-01  0.000 0.0000 0.0000  0.000  0.000  0.0000          
 6.353971E+07  3.308  4.474  4.672  7.962  2.753  0.0625  0.9375 3.87E-11 7.89E-12 0.1205 0.8429  1.008 0.0000 0.6786 2.81E-01  0.000 0.0000 0.0000  0.000  0.000  0.0000          
 6.434396E+07  3.315  4.470  4.648  7.967  2.763  0.0408  0.9592 5.63E-11 1.12E-11 0.1182 0.8429  1.007 0.0000 0.6645 2.44E-01  0.000 0.0000 0.0000  0.000  0.000  0.0000          
 6.518471E+07  3.324  4.467  4.626  7.979  2.795  0.0167  0.9833 1.08E-10 2.04E-11 0.1126 0.8429  1.002 0.0000 0.6499 2.24E-01  0.000 0.0000 0.0000  0.000  0.000  0.0000  Tmin    
 6.560841E+07  3.337  4.470  4.627  7.996  2.859  0.0040  0.9960 2.58E-10 4.51E-11 0.1064 0.8429  0.974 0.0000 0.6573 2.52E-01  0.000 0.0000 0.0000  0.000  0.000  0.0000          
 6.569889E+07  3.346  4.474  4.633  8.009  2.913  0.0014  0.9986 4.69E-10 7.76E-11 0.1019 0.8429  0.919 0.0000 0.6716 2.96E-01  0.000 0.0000 0.0000  0.000  0.000  0.0000          
 6.573683E+07  3.357  4.478  4.637  8.022  2.982  0.0003  0.9997 9.17E-10 1.43E-10 0.0849 0.8429  0.785 0.0000 0.7050 3.91E-01  0.000 0.0000 0.0000  0.000  0.000  0.0000          
 6.575414E+07  3.368  4.481  4.641  8.035  3.087  0.0000  1.0000 2.52E-09 3.52E-10 0.0310 0.8429  0.512 0.0000 0.8166 6.93E-01  0.000 0.0000 0.0006  0.000  0.000  0.0000          
 6.576712E+07  3.380  4.485  4.643  8.037  3.245  0.0000  1.0000 1.36E-06 8.86E-10 0.0000 0.8429  0.545 0.0226 0.8224 7.59E-01  0.000 0.0000 0.0055  0.000  0.000  0.0000          
 6.578326E+07  3.394  4.488  4.641  8.047  3.388  0.0000  1.0000 9.05E-06 1.12E-09 0.0000 0.8429  0.677 0.0446 0.7911 7.09E-01  0.000 0.0000 0.0144  0.000  0.000  0.0000          
 6.580633E+07  3.409  4.490  4.636  8.057  3.530  0.0000  0.9999 6.11E-05 6.39E-09 0.0000 0.8429  0.834 0.0629 0.7421 6.53E-01  0.000 0.0000 0.0226  0.000  0.000  0.0000          
 6.583401E+07  3.417  4.491  4.630  8.059  3.638  0.0000  0.9998 2.35E-04 5.56E-08 0.0000 0.8429  0.968 0.0751 0.7050 5.92E-01  0.001 0.0000 0.0284  0.000  0.000  0.0000  T2max   
 6.588159E+07  3.411  4.487  4.619  8.040  3.733  0.0000  0.9995 5.22E-04 2.72E-07 0.0000 0.8429  1.116 0.0917 0.6499 4.70E-01  0.000 0.0000 0.0200  0.000  0.000  0.0000          
 6.591564E+07  3.407  4.482  4.604  8.031  3.781  0.0000  0.9994 5.87E-04 3.88E-07 0.0000 0.8429  1.078 0.0975 0.6266 4.50E-01  0.000 0.0000 0.0144  0.000  0.000  0.0000          
 6.595700E+07  3.413  4.477  4.579  8.028  3.833  0.0000  0.9994 6.46E-04 5.19E-07 0.0000 0.8429  1.048 0.1003 0.5982 4.34E-01  0.000 0.0000 0.0174  0.000  0.000  0.0000          
 6.601518E+07  3.419  4.472  4.552  8.026  3.891  0.0000  0.9993 7.37E-04 7.36E-07 0.0000 0.8429  1.056 0.1053 0.5618 3.92E-01  0.000 0.0000 0.0174  0.000  0.000  0.0000          
 6.607337E+07  3.421  4.466  4.528  8.022  3.936  0.0000  0.9992 8.25E-04 9.75E-07 0.0000 0.8429  1.053 0.1087 0.5384 3.58E-01  0.000 0.0000 0.0144  0.000  0.000  0.0000          
 6.614917E+07  3.425  4.460  4.500  8.019  3.987  0.0000  0.9991 9.28E-04 1.30E-06 0.0000 0.8429  1.041 0.1126 0.5303 3.25E-01  0.000 0.0000 0.0144  0.000  0.000  0.0000          
 6.622248E+07  3.429  4.456  4.477  8.020  4.032  0.0000  0.9990 1.04E-03 1.68E-06 0.0000 0.8429  1.030 0.1146 0.5221 3.03E-01  0.000 0.0000 0.0159  0.000  0.000  0.0000          
 6.630071E+07  3.434  4.451  4.454  8.024  4.078  0.0000  0.9988 1.24E-03 2.28E-06 0.0000 0.8429  1.023 0.1182 0.5138 2.85E-01  0.000 0.0000 0.0200  0.000  0.000  0.0000          
 6.638647E+07  3.438  4.447  4.432  8.033  4.124  0.0000  0.9983 1.70E-03 3.55E-06 0.0000 0.8429  1.020 0.1205 0.5053 2.66E-01  0.000 0.0000 0.0258  0.000  0.000  0.0000          
 6.646954E+07  3.442  4.442  4.410  8.051  4.160  0.0000  0.9969 3.13E-03 6.93E-06 0.0001 0.8429  1.017 0.1229 0.4846 2.52E-01  0.001 0.0000 0.0327  0.000  0.000  0.0000          
 6.654957E+07  3.447  4.438  4.388  8.089  4.138  0.0000  0.9952 4.83E-03 9.65E-06 0.0101 0.8429  0.997 0.1234 0.4723 2.43E-01  0.019 0.0000 0.0144  0.000  0.000  0.0000          
 6.657576E+07  3.451  4.437  4.381  8.104  4.079  0.0000  0.9933 6.69E-03 1.33E-05 0.0187 0.8429  0.953 0.1241 0.4723 2.55E-01  0.048 0.0000 0.0159  0.000  0.000  0.0000  Blp     
 6.662810E+07  3.466  4.442  4.384  8.113  3.945  0.0000  0.9867 1.33E-02 3.48E-05 0.0250 0.8429  0.879 0.1251 0.5053 3.06E-01  0.054 0.0000 0.0200  0.000  0.000  0.0000          
 6.665820E+07  3.470  4.447  4.400  8.112  3.904  0.0000  0.9828 1.72E-02 5.61E-05 0.0226 0.8429  0.883 0.1255 0.5138 3.24E-01  0.044 0.0000 0.0200  0.000  0.000  0.0000          
 6.669008E+07  3.469  4.452  4.421  8.110  3.882  0.0000  0.9790 2.09E-02 8.45E-05 0.0190 0.8429  0.913 0.1263 0.5221 3.31E-01  0.034 0.0000 0.0200  0.000  0.000  0.0000          
 6.673695E+07  3.461  4.456  4.447  8.107  3.875  0.0000  0.9741 2.57E-02 1.35E-04 0.0154 0.8429  0.950 0.1271 0.5303 3.37E-01  0.027 0.0000 0.0200  0.000  0.000  0.0000          
 6.681643E+07  3.454  4.458  4.460  8.108  3.867  0.0000  0.9713 2.85E-02 1.88E-04 0.0162 0.8429  0.969 0.1291 0.5384 3.39E-01  0.029 0.0000 0.0206  0.000  0.000  0.0000  Helmin  
 6.699047E+07  3.460  4.463  4.475  8.121  3.777  0.0000  0.9635 3.61E-02 3.25E-04 0.0372 0.8429  0.927 0.1319 0.5693 3.87E-01  0.053 0.0000 0.0240  0.000  0.000  0.0000          
 6.713785E+07  3.460  4.468  4.497  8.126  3.734  0.0000  0.9517 4.77E-02 5.45E-04 0.0396 0.8429  0.923 0.1342 0.5840 4.15E-01  0.064 0.0000 0.0261  0.000  0.000  0.0000          
 6.734451E+07  3.461  4.473  4.515  8.133  3.689  0.0000  0.9361 6.29E-02 9.51E-04 0.0446 0.8429  0.906 0.1371 0.6051 4.48E-01  0.086 0.0000 0.0289  0.000  0.000  0.0000          
 6.757959E+07  3.462  4.478  4.532  8.140  3.646  0.0000  0.9142 8.41E-02 1.67E-03 0.0510 0.8429  0.880 0.1395 0.6266 4.84E-01  0.116 0.0000 0.0320  0.000  0.000  0.0000          
 6.786791E+07  3.464  4.482  4.548  8.147  3.604  0.0000  0.8834 1.14E-01 3.01E-03 0.0589 0.8429  0.841 0.1427 0.6499 5.29E-01  0.157 0.0000 0.0355  0.000  0.000  0.0000          
 6.834209E+07  3.466  4.487  4.563  8.158  3.559  0.0000  0.8234 1.70E-01 6.77E-03 0.0709 0.8429  0.773 0.1471 0.6786 5.93E-01  0.228 0.0000 0.0424  0.000  0.000  0.0000          
 6.902555E+07  3.470  4.488  4.566  8.170  3.527  0.0000  0.7141 2.68E-01 1.77E-02 0.0850 0.8429  0.684 0.1520 0.7050 6.49E-01  0.320 0.0000 0.0496  0.000  0.000  0.0000  Lpt     
 7.011054E+07  3.480  4.484  4.542  8.192  3.523  0.0000  0.4931 4.48E-01 5.95E-02 0.0999 0.8429  0.563 0.1587 0.7173 6.86E-01  0.446 0.0000 0.0562  0.000  0.000  0.0000          
 7.068405E+07  3.486  4.480  4.518  8.205  3.539  0.0000  0.3691 5.29E-01 1.02E-01 0.1064 0.8429  0.513 0.1620 0.7112 6.84E-01  0.496 0.0000 0.0626  0.000  0.000  0.0000          
 7.110795E+07  3.493  4.476  4.495  8.218  3.564  0.0000  0.2743 5.77E-01 1.49E-01 0.1096 0.8429  0.489 0.1644 0.7050 6.64E-01  0.520 0.0000 0.0626  0.000  0.000  0.0000          
 7.147497E+07  3.500  4.472  4.471  8.231  3.600  0.0000  0.1918 6.02E-01 2.07E-01 0.1106 0.8429  0.484 0.1671 0.6854 6.29E-01  0.523 0.0000 0.0659  0.000  0.000  0.0000          
 7.176235E+07  3.507  4.468  4.447  8.244  3.642  0.0000  0.1313 6.02E-01 2.67E-01 0.1106 0.8429  0.499 0.1694 0.6645 5.78E-01  0.509 0.0000 0.0659  0.000  0.000  0.0000          
 7.200138E+07  3.514  4.463  4.422  8.257  3.686  0.0000  0.0883 5.84E-01 3.28E-01 0.1086 0.8429  0.525 0.1713 0.6423 5.20E-01  0.483 0.0000 0.0692  0.000  0.000  0.0000          
 7.218209E+07  3.520  4.458  4.397  8.267  3.728  0.0000  0.0606 5.58E-01 3.81E-01 0.1050 0.8429  0.556 0.1736 0.6185 4.64E-01  0.453 0.0000 0.0692  0.000  0.000  0.0000          
 7.232361E+07  3.525  4.454  4.373  8.277  3.768  0.0000  0.0415 5.31E-01 4.27E-01 0.1003 0.8429  0.591 0.1755 0.5982 4.12E-01  0.421 0.0000 0.0692  0.000  0.000  0.0000          
 7.242309E+07  3.530  4.449  4.350  8.285  3.804  0.0000  0.0295 5.09E-01 4.61E-01 0.0968 0.8429  0.621 0.1770 0.5767 3.72E-01  0.394 0.0000 0.0710  0.000  0.001  0.0000          
 7.250042E+07  3.533  4.445  4.329  8.292  3.839  0.0000  0.0210 4.90E-01 4.89E-01 0.0927 0.8429  0.648 0.1782 0.5618 3.38E-01  0.368 0.0000 0.0680  0.000  0.001  0.0000          
 7.256327E+07  3.537  4.440  4.307  8.300  3.874  0.0000  0.0145 4.74E-01 5.11E-01 0.0877 0.8429  0.682 0.1794 0.5344 3.04E-01  0.340 0.0000 0.0671  0.000  0.001  0.0000          
 7.261073E+07  3.539  4.435  4.285  8.307  3.910  0.0000  0.0099 4.62E-01 5.28E-01 0.0835 0.8429  0.715 0.1806 0.5180 2.74E-01  0.312 0.0000 0.0661  0.000  0.001  0.0000          
 7.264553E+07  3.541  4.431  4.265  8.314  3.945  0.0000  0.0068 4.53E-01 5.40E-01 0.0797 0.8429  0.743 0.1814 0.5053 2.50E-01  0.287 0.0000 0.0652  0.000  0.001  0.0000          
 7.267706E+07  3.542  4.425  4.242  8.322  3.988  0.0000  0.0041 4.45E-01 5.51E-01 0.0730 0.8429  0.788 0.1823 0.4846 2.21E-01  0.251 0.0000 0.1139  0.000  0.001  0.0000          
 7.269176E+07  3.543  4.422  4.229  8.327  4.014  0.0000  0.0030 4.42E-01 5.55E-01 0.0696 0.8429  0.818 0.1827 0.4723 2.05E-01  0.230 0.0000 0.1161  0.000  0.001  0.0000  Yc=0    
 7.270970E+07  3.542  4.417  4.210  8.334  4.059  0.0000  0.0016 4.38E-01 5.60E-01 0.0607 0.8429  0.881 0.1831 0.4534 1.78E-01  0.182 0.0000 0.1205  0.000  0.001  0.0000          
 7.272347E+07  3.540  4.412  4.192  8.343  4.108  0.0000  0.0008 4.35E-01 5.64E-01 0.0496 0.8429  0.942 0.1835 0.4337 1.55E-01  0.133 0.0000 0.1267  0.000  0.001  0.0000          
 7.273368E+07  3.538  4.407  4.176  8.350  4.165  0.0000  0.0003 4.34E-01 5.66E-01 0.0355 0.8429  1.017 0.1839 0.4133 1.34E-01  0.068 0.0000 0.1323  0.000  0.001  0.0000          
 7.274149E+07  3.534  4.403  4.160  8.354  4.229  0.0000  0.0000 4.33E-01 5.67E-01 0.0000 0.8429  1.103 0.1843 0.3958 1.16E-01  0.015 0.0128 0.1522  0.000  0.001  0.0000          
 7.274814E+07  3.531  4.398  4.145  8.355  4.294  0.0000  0.0000 4.33E-01 5.67E-01 0.0000 0.8429  1.132 0.1847 0.3871 1.04E-01  0.019 0.0212 0.1508  0.000  0.001  0.0000          
 7.275388E+07  3.527  4.393  4.130  8.358  4.345  0.0000  0.0000 4.33E-01 5.67E-01 0.0000 0.8429  1.136 0.1851 0.3768 9.72E-02  0.027 0.0251 0.1494  0.000  0.002  0.0000          
 7.275860E+07  3.524  4.389  4.115  8.362  4.385  0.0000  0.0000 4.33E-01 5.67E-01 0.0000 0.8429  1.133 0.1851 0.3663 9.23E-02  0.037 0.0265 0.1494  0.000  0.002  0.0000          
 7.276299E+07  3.521  4.384  4.099  8.366  4.420  0.0000  0.0000 4.33E-01 5.67E-01 0.0000 0.8429  1.126 0.1855 0.3610 8.84E-02  0.051 0.0294 0.1480  0.000  0.002  0.0000          
 7.276745E+07  3.520  4.379  4.080  8.371  4.454  0.0000  0.0000 4.33E-01 5.67E-01 0.0000 0.8429  1.111 0.1859 0.3502 8.52E-02  0.074 0.0324 0.1466  0.000  0.002  0.0000          
 7.276982E+07  3.519  4.376  4.070  8.373  4.471  0.0000  0.0000 4.33E-01 5.67E-01 0.0000 0.8429  1.098 0.1859 0.3475 8.39E-02  0.091 0.0340 0.1466  0.000  0.002  0.0000  Lmin    
 7.277390E+07  3.520  4.372  4.050  8.376  4.499  0.0000  0.0000 4.33E-01 5.67E-01 0.0000 0.8429  1.066 0.1859 0.3420 8.25E-02  0.131 0.0355 0.1453  0.000  0.002  0.0000          
 7.277808E+07  3.522  4.367  4.028  8.379  4.526  0.0000  0.0000 4.33E-01 5.67E-01 0.0000 0.8429  1.013 0.1863 0.3393 8.28E-02  0.198 0.0386 0.1439  0.000  0.002  0.0000          
 7.278218E+07  3.525  4.362  4.005  8.381  4.548  0.0000  0.0000 4.33E-01 5.67E-01 0.0000 0.8429  0.930 0.1867 0.3393 8.62E-02  0.310 0.0386 0.1439  0.000  0.002  0.0000          
 7.278630E+07  3.530  4.357  3.981  8.379  4.564  0.0000  0.0000 4.33E-01 5.67E-01 0.0000 0.8429  0.801 0.1867 0.3448 9.57E-02  0.508 0.0401 0.1414  0.000  0.002  0.0000          
 7.279058E+07  3.537  4.352  3.956  8.373  4.571  0.0000  0.0000 4.33E-01 5.67E-01 0.0000 0.8429  0.620 0.1871 0.3583 1.17E-01  0.762 0.0416 0.1414  0.000  0.002  0.0000          
 7.279695E+07  3.552  4.348  3.921  8.365  4.583  0.0000  0.0000 4.33E-01 5.67E-01 0.0000 0.8429  0.472 0.1871 0.3768 1.47E-01  0.697 0.0431 0.1414  0.000  0.002  0.0000          
 7.280359E+07  3.569  4.345  3.892  8.362  4.602  0.0000  0.0000 4.33E-01 5.67E-01 0.0000 0.8429  0.418 0.1875 0.3820 1.59E-01  0.631 0.0431 0.1439  0.000  0.002  0.0000          
 7.282010E+07  3.589  4.344  3.871  8.359  4.648  0.0000  0.0000 4.33E-01 5.67E-01 0.0000 0.8429  0.339 0.1879 0.3922 1.82E-01  0.665 0.0462 0.1439  0.000  0.001  0.0000          
 7.282626E+07  3.591  4.345  3.870  8.358  4.664  0.0000  0.0000 4.33E-01 5.67E-01 0.0000 0.8429  0.319 0.1879 0.3993 1.90E-01  0.679 0.0462 0.1439  0.000  0.001  0.0000  L3max   
 7.289216E+07  3.579  4.340  3.864  8.360  4.814  0.0000  0.0000 4.33E-01 5.67E-01 0.0000 0.8429  0.198 0.1893 0.4202 2.53E-01  0.843 0.0517 0.1466  0.000  0.002  0.0000          
 7.291184E+07  3.577  4.335  3.848  8.363  4.853  0.0000  0.0000 4.33E-01 5.67E-01 0.0000 0.8429  0.173 0.1895 0.4236 2.66E-01  0.875 0.0531 0.1480  0.000  0.002  0.0000          
 7.293418E+07  3.577  4.329  3.823  8.366  4.895  0.0000  0.0000 4.33E-01 5.67E-01 0.0000 0.8429  0.150 0.1897 0.4270 2.83E-01  0.903 0.0556 0.1480  0.000  0.002  0.0000          
 7.295522E+07  3.578  4.323  3.797  8.370  4.932  0.0000  0.0000 4.33E-01 5.67E-01 0.0000 0.8429  0.131 0.1899 0.4270 2.95E-01  0.926 0.0580 0.1494  0.000  0.003  0.0000          
 7.297019E+07  3.579  4.318  3.776  8.372  4.958  0.0000  0.0000 4.33E-01 5.67E-01 0.0000 0.8429  0.119 0.1900 0.4270 3.05E-01  0.940 0.0607 0.1494  0.000  0.003  0.0000          
 7.298442E+07  3.579  4.313  3.755  8.375  4.982  0.0000  0.0000 4.33E-01 5.67E-01 0.0000 0.8429  0.108 0.1901 0.4236 3.12E-01  0.952 0.0618 0.1508  0.000  0.003  0.0000          
 7.299681E+07  3.580  4.308  3.736  8.378  5.002  0.0000  0.0000 4.33E-01 5.67E-01 0.0000 0.8429  0.100 0.1902 0.4236 3.19E-01  0.962 0.0642 0.1508  0.000  0.003  0.0000          
 7.301135E+07  3.581  4.303  3.714  8.381  5.026  0.0000  0.0000 4.33E-01 5.67E-01 0.0000 0.8429  0.091 0.1903 0.4236 3.27E-01  0.974 0.0658 0.1508  0.000  0.003  0.0000          
 7.302328E+07  3.582  4.298  3.694  8.384  5.045  0.0000  0.0000 4.33E-01 5.67E-01 0.0000 0.8429  0.083 0.1903 0.4202 3.34E-01  0.983 0.0677 0.1508  0.000  0.004  0.0000          
 7.303653E+07  3.583  4.293  3.671  8.387  5.066  0.0000  0.0000 4.33E-01 5.67E-01 0.0000 0.8429  0.075 0.1904 0.4202 3.41E-01  0.993 0.0701 0.1508  0.000  0.004  0.0000          
 7.304851E+07  3.584  4.287  3.649  8.390  5.085  0.0000  0.0000 4.33E-01 5.67E-01 0.0000 0.8429  0.068 0.1905 0.4168 3.49E-01  1.002 0.0724 0.1522  0.000  0.004  0.0000          
 7.305917E+07  3.584  4.282  3.629  8.393  5.102  0.0000  0.0000 4.33E-01 5.67E-01 0.0000 0.8429  0.062 0.1905 0.4168 3.54E-01  1.012 0.0735 0.1522  0.000  0.004  0.0000          
 7.306846E+07  3.585  4.278  3.610  8.396  5.118  0.0000  0.0000 4.33E-01 5.67E-01 0.0000 0.8429  0.058 0.1906 0.4133 3.62E-01  1.020 0.0756 0.1522  0.000  0.005  0.0000          
 7.307729E+07  3.585  4.273  3.591  8.399  5.132  0.0000  0.0000 4.33E-01 5.67E-01 0.0000 0.8429  0.053 0.1906 0.4133 3.68E-01  1.027 0.0770 0.1522  0.000  0.005  0.0000          
 7.308665E+07  3.585  4.268  3.570  8.402  5.148  0.0000  0.0000 4.33E-01 5.67E-01 0.0000 0.8429  0.048 0.1906 0.4098 3.76E-01  1.036 0.0778 0.1522  0.000  0.005  0.0000          
 7.309628E+07  3.586  4.262  3.546  8.405  5.164  0.0000  0.0000 4.33E-01 5.67E-01 0.0000 0.8429  0.043 0.1906 0.4064 3.84E-01  1.045 0.0800 0.1522  0.000  0.005  0.0000          
 7.310321E+07  3.586  4.258  3.528  8.408  5.176  0.0000  0.0000 4.33E-01 5.67E-01 0.0000 0.8429  0.040 0.1907 0.4029 3.90E-01  1.052 0.0808 0.1522  0.000  0.006  0.0000          
 7.311155E+07  3.586  4.252  3.505  8.411  5.190  0.0000  0.0000 4.33E-01 5.67E-01 0.0000 0.8429  0.036 0.1907 0.4029 4.00E-01  1.060 0.0826 0.1522  0.000  0.006  0.0000          
 7.311817E+07  3.586  4.247  3.486  8.414  5.202  0.0000  0.0000 4.33E-01 5.67E-01 0.0000 0.8429  0.033 0.1907 0.3993 4.08E-01  1.066 0.0835 0.1522  0.000  0.006  0.0000          
 7.312583E+07  3.586  4.241  3.463  8.417  5.215  0.0000  0.0000 4.33E-01 5.67E-01 0.0000 0.8429  0.030 0.1907 0.3958 4.18E-01  1.074 0.0848 0.1522  0.000  0.006  0.0000          
 7.313180E+07  3.586  4.236  3.443  8.419  5.226  0.0000  0.0000 4.33E-01 5.67E-01 0.0000 0.8429  0.028 0.1907 0.3958 4.27E-01  1.080 0.0859 0.1522  0.000  0.007  0.0000          
 7.313753E+07  3.586  4.232  3.424  8.422  5.237  0.0000  0.0000 4.33E-01 5.67E-01 0.0000 0.8429  0.025 0.1907 0.3922 4.33E-01  1.086 0.0870 0.1522  0.000  0.007  0.0000          
 7.314329E+07  3.587  4.226  3.403  8.424  5.247  0.0000  0.0000 4.33E-01 5.67E-01 0.0000 0.8429  0.023 0.1908 0.3922 4.42E-01  1.092 0.0877 0.1522  0.000  0.007  0.0000          
 7.315118E+07  3.587  4.219  3.372  8.428  5.262  0.0000  0.0000 4.33E-01 5.67E-01 0.0000 0.8429  0.020 0.1908 0.3845 4.51E-01  1.100 0.0891 0.1522  0.000  0.008  0.0000          
 7.315708E+07  3.587  4.213  3.348  8.431  5.273  0.0000  0.0000 4.33E-01 5.67E-01 0.0000 0.8429  0.018 0.1908 0.3820 4.64E-01  1.106 0.0905 0.1522  0.000  0.008  0.0000          
 7.316168E+07  3.587  4.208  3.328  8.433  5.282  0.0000  0.0000 4.33E-01 5.67E-01 0.0000 0.8429  0.017 0.1908 0.3794 4.73E-01  1.111 0.0913 0.1522  0.000  0.009  0.0000          
 7.316767E+07  3.587  4.201  3.301  8.436  5.294  0.0000  0.0000 4.33E-01 5.67E-01 0.0000 0.8429  0.015 0.1908 0.3768 4.83E-01  1.117 0.0920 0.1530  0.000  0.009  0.0000          
 7.317153E+07  3.587  4.197  3.283  8.438  5.302  0.0000  0.0000 4.33E-01 5.67E-01 0.0000 0.8429  0.014 0.1908 0.3742 4.93E-01  1.121 0.0927 0.1530  0.000  0.009  0.0000          
 7.317545E+07  3.587  4.192  3.263  8.440  5.310  0.0000  0.0000 4.33E-01 5.67E-01 0.0000 0.8429  0.013 0.1908 0.3716 5.01E-01  1.125 0.0935 0.1530  0.000  0.010  0.0000          
 7.317943E+07  3.587  4.186  3.242  8.442  5.318  0.0000  0.0000 4.33E-01 5.67E-01 0.0000 0.8429  0.012 0.1908 0.3689 5.11E-01  1.129 0.0944 0.1530  0.000  0.010  0.0000          
 7.318461E+07  3.587  4.179  3.214  8.444  5.328  0.0000  0.0000 4.33E-01 5.67E-01 0.0000 0.8429  0.011 0.1908 0.3663 5.22E-01  1.136 0.0950 0.1530  0.000  0.010  0.0000          
 7.318850E+07  3.587  4.174  3.192  8.447  5.336  0.0000  0.0000 4.33E-01 5.67E-01 0.0000 0.8429  0.010 0.1908 0.3636 5.31E-01  1.140 0.0955 0.1530  0.000  0.011  0.0000          
 7.319319E+07  3.587  4.167  3.163  8.449  5.346  0.0000  0.0000 4.33E-01 5.67E-01 0.0000 0.8429  0.009 0.1908 0.3610 5.45E-01  1.145 0.0966 0.1530  0.000  0.011  0.0000          
 7.319726E+07  3.587  4.160  3.137  8.451  5.355  0.0000  0.0000 4.33E-01 5.67E-01 0.0000 0.8429  0.008 0.1908 0.3583 5.55E-01  1.150 0.0971 0.1530  0.000  0.012  0.0000          
 7.319994E+07  3.588  4.156  3.119  8.453  5.361  0.0000  0.0000 4.33E-01 5.67E-01 0.0000 0.8429  0.007 0.1908 0.3556 5.67E-01  1.152 0.0976 0.1530  0.000  0.012  0.0000          
 7.320348E+07  3.588  4.150  3.095  8.454  5.368  0.0000  0.0000 4.33E-01 5.67E-01 0.0000 0.8429  0.007 0.1908 0.3502 5.78E-01  1.156 0.0985 0.1530  0.000  0.012  0.0000          
 7.320604E+07  3.588  4.145  3.077  8.456  5.374  0.0000  0.0000 4.33E-01 5.67E-01 0.0000 0.8429  0.006 0.1908 0.3448 5.85E-01  1.159 0.0988 0.1530  0.000  0.013  0.0000          
 7.320893E+07  3.588  4.140  3.056  8.457  5.380  0.0000  0.0000 4.33E-01 5.67E-01 0.0000 0.8429  0.006 0.1908 0.3420 5.97E-01  1.162 0.0993 0.1530  0.000  0.013  0.0000          
 7.321187E+07  3.588  4.134  3.033  8.459  5.387  0.0000  0.0000 4.33E-01 5.67E-01 0.0000 0.8429  0.005 0.1908 0.3365 6.06E-01  1.166 0.0996 0.1530  0.000  0.013  0.0000          
 7.321429E+07  3.588  4.129  3.013  8.460  5.392  0.0000  0.0000 4.33E-01 5.67E-01 0.0000 0.8429  0.005 0.1908 0.3337 6.12E-01  1.169 0.1001 0.1530  0.000  0.014  0.0000          
 7.321661E+07  3.588  4.125  2.994  8.462  5.398  0.0000  0.0000 4.33E-01 5.67E-01 0.0000 0.8429  0.005 0.1908 0.3281 6.24E-01  1.171 0.1006 0.1530  0.000  0.014  0.0000          
 7.321968E+07  3.588  4.118  2.968  8.463  5.405  0.0000  0.0000 4.33E-01 5.67E-01 0.0000 0.8429  0.004 0.1908 0.3253 6.35E-01  1.175 0.1011 0.1530  0.000  0.015  0.0000          
 7.322221E+07  3.588  4.112  2.945  8.465  5.410  0.0000  0.0000 4.33E-01 5.67E-01 0.0000 0.8429  0.004 0.1908 0.3197 6.42E-01  1.178 0.1018 0.1530  0.000  0.015  0.0000          
 7.322464E+07  3.588  4.107  2.923  8.466  5.416  0.0000  0.0000 4.33E-01 5.67E-01 0.0000 0.8429  0.004 0.1908 0.3168 6.56E-01  1.181 0.1020 0.1530  0.000  0.015  0.0000          
 7.322668E+07  3.588  4.102  2.904  8.467  5.421  0.0000  0.0000 4.33E-01 5.67E-01 0.0000 0.8429  0.003 0.1908 0.3140 6.65E-01  1.183 0.1024 0.1530  0.000  0.016  0.0000          
 7.322937E+07  3.588  4.095  2.877  8.469  5.427  0.0000  0.0000 4.33E-01 5.67E-01 0.0000 0.8429  0.003 0.1908 0.3111 6.75E-01  1.186 0.1029 0.1530  0.000  0.016  0.0000          
 7.323159E+07  3.588  4.090  2.854  8.470  5.432  0.0000  0.0000 4.33E-01 5.67E-01 0.0000 0.8429  0.003 0.1908 0.3053 6.81E-01  1.189 0.1033 0.1530  0.000  0.017  0.0000          
 7.323372E+07  3.588  4.084  2.831  8.471  5.437  0.0000  0.0000 4.33E-01 5.67E-01 0.0000 0.8429  0.003 0.1908 0.3023 6.95E-01  1.192 0.1037 0.1530  0.000  0.017  0.0000          
 7.323548E+07  3.588  4.079  2.812  8.472  5.442  0.0000  0.0000 4.33E-01 5.67E-01 0.0000 0.8429  0.002 0.1908 0.2993 7.00E-01  1.194 0.1041 0.1530  0.000  0.017  0.0000          
 7.323886E+07  3.588  4.069  2.773  8.474  5.450  0.0000  0.0000 4.33E-01 5.67E-01 0.0000 0.8429  0.002 0.1908 0.2947 7.14E-01  1.198 0.1045 0.1530  0.000  0.018  0.0000          
 7.324109E+07  3.588  4.063  2.746  8.476  5.455  0.0000  0.0000 4.33E-01 5.67E-01 0.0000 0.8429  0.002 0.1908 0.2914 7.28E-01  1.202 0.1050 0.1530  0.000  0.018  0.0000          
 7.324293E+07  3.588  4.057  2.723  8.477  5.460  0.0000  0.0000 4.33E-01 5.67E-01 0.0000 0.8429  0.002 0.1908 0.2896 7.34E-01  1.204 0.1054 0.1530  0.000  0.019  0.0000          
 7.324469E+07  3.588  4.051  2.701  8.478  5.464  0.0000  0.0000 4.33E-01 5.67E-01 0.0000 0.8429  0.002 0.1908 0.2860 7.46E-01  1.206 0.1058 0.1530  0.000  0.019  0.0000          
 7.324619E+07  3.588  4.046  2.681  8.479  5.468  0.0000  0.0000 4.33E-01 5.67E-01 0.0000 0.8429  0.002 0.1908 0.2844 7.53E-01  1.208 0.1062 0.1530  0.000  0.019  0.0000          
 7.324771E+07  3.588  4.041  2.660  8.479  5.472  0.0000  0.0000 4.33E-01 5.67E-01 0.0000 0.8429  0.002 0.1908 0.2812 7.60E-01  1.210 0.1064 0.1530  0.000  0.020  0.0000          
 7.324928E+07  3.588  4.036  2.638  8.480  5.476  0.0000  0.0000 4.33E-01 5.67E-01 0.0000 0.8429  0.001 0.1908 0.2796 7.67E-01  1.212 0.1066 0.1530  0.000  0.020  0.0000          
 7.325057E+07  3.588  4.031  2.620  8.481  5.479  0.0000  0.0000 4.33E-01 5.67E-01 0.0000 0.8429  0.001 0.1908 0.2781 7.72E-01  1.214 0.1068 0.1530  0.000  0.021  0.0000          
 7.325181E+07  3.587  4.026  2.601  8.482  5.482  0.0000  0.0000 4.33E-01 5.67E-01 0.0000 0.8429  0.001 0.1908 0.2765 7.80E-01  1.216 0.1071 0.1530  0.000  0.021  0.0000          
 7.325344E+07  3.587  4.020  2.577  8.483  5.486  0.0000  0.0000 4.33E-01 5.67E-01 0.0000 0.8429  0.001 0.1908 0.2732 7.87E-01  1.219 0.1074 0.1530  0.000  0.021  0.0000          
 7.325479E+07  3.587  4.015  2.555  8.484  5.490  0.0000  0.0000 4.33E-01 5.67E-01 0.0000 0.8429  0.001 0.1908 0.2717 7.92E-01  1.220 0.1076 0.1530  0.000  0.022  0.0000          
 7.325609E+07  3.587  4.010  2.534  8.484  5.493  0.0000  0.0000 4.33E-01 5.67E-01 0.0000 0.8429  0.001 0.1908 0.2701 8.00E-01  1.223 0.1079 0.1530  0.000  0.022  0.0000          
 7.325715E+07  3.587  4.005  2.517  8.485  5.496  0.0000  0.0000 4.33E-01 5.67E-01 0.0000 0.8429  0.001 0.1908 0.2685 8.04E-01  1.224 0.1081 0.1530  0.000  0.022  0.0000          
 7.325921E+07  3.587  3.996  2.481  8.486  5.501  0.0000  0.0000 4.33E-01 5.67E-01 0.0000 0.8429  0.001 0.1908 0.2654 8.13E-01  1.228 0.1084 0.1530  0.000  0.023  0.0000          
 7.326056E+07  3.587  3.990  2.457  8.487  5.505  0.0000  0.0000 4.33E-01 5.67E-01 0.0000 0.8429  0.001 0.1908 0.2638 8.22E-01  1.230 0.1086 0.1530  0.000  0.023  0.0000          
 7.326168E+07  3.587  3.985  2.437  8.488  5.508  0.0000  0.0000 4.33E-01 5.67E-01 0.0000 0.8429  0.001 0.1908 0.2622 8.26E-01  1.232 0.1089 0.1530  0.000  0.023  0.0000          
 7.326275E+07  3.586  3.980  2.417  8.488  5.511  0.0000  0.0000 4.33E-01 5.67E-01 0.0000 0.8429  0.001 0.1908 0.2607 8.33E-01  1.234 0.1091 0.1530  0.000  0.024  0.0000          
 7.326417E+07  3.586  3.973  2.389  8.489  5.514  0.0000  0.0000 4.33E-01 5.67E-01 0.0000 0.8429  0.001 0.1908 0.2591 8.39E-01  1.236 0.1094 0.1530  0.000  0.024  0.0000          
 7.326533E+07  3.586  3.967  2.366  8.490  5.517  0.0000  0.0000 4.33E-01 5.67E-01 0.0000 0.8429  0.001 0.1908 0.2575 8.43E-01  1.238 0.1096 0.1530  0.000  0.024  0.0000          
 7.326758E+07  3.586  3.955  2.319  8.491  5.523  0.0000  0.0000 4.33E-01 5.67E-01 0.0000 0.8429  0.001 0.1908 0.2543 8.52E-01  1.242 0.1099 0.1530  0.000  0.025  0.0000          
 7.326850E+07  3.585  3.950  2.299  8.491  5.526  0.0000  0.0000 4.33E-01 5.67E-01 0.0000 0.8429  0.001 0.1908 0.2527 8.58E-01  1.244 0.1099 0.1530  0.000  0.025  0.0000          
 7.327054E+07  3.585  3.939  2.253  8.493  5.532  0.0000  0.0000 4.33E-01 5.67E-01 0.0000 0.8429  0.001 0.1908 0.2504 8.64E-01  1.249 0.1101 0.1530  0.000  0.026  0.0000          
 7.327176E+07  3.584  3.932  2.225  8.493  5.535  0.0000  0.0000 4.33E-01 5.67E-01 0.0000 0.8429  0.001 0.1908 0.2488 8.72E-01  1.251 0.1103 0.1530  0.000  0.027  0.0000          
 7.327293E+07  3.584  3.925  2.198  8.494  5.538  0.0000  0.0000 4.33E-01 5.67E-01 0.0000 0.8429  0.001 0.1908 0.2480 8.79E-01  1.254 0.1104 0.1530  0.000  0.027  0.0000          
 7.327390E+07  3.584  3.918  2.174  8.495  5.541  0.0000  0.0000 4.33E-01 5.67E-01 0.0000 0.8429  0.000 0.1908 0.2463 8.82E-01  1.256 0.1104 0.1530  0.000  0.027  0.0000          
 7.327567E+07  3.583  3.907  2.129  8.496  5.546  0.0000  0.0000 4.33E-01 5.67E-01 0.0000 0.8429  0.000 0.1908 0.2439 8.88E-01  1.260 0.1127 0.1530  0.000  0.028  0.0000          
 7.327673E+07  3.583  3.900  2.100  8.496  5.549  0.0000  0.0000 4.33E-01 5.67E-01 0.0000 0.8429  0.000 0.1908 0.2431 8.94E-01  1.263 0.1129 0.1530  0.000  0.028  0.0000          
 7.327878E+07  3.582  3.885  2.043  8.497  5.554  0.0000  0.0000 4.33E-01 5.67E-01 0.0000 0.8429  0.000 0.1908 0.2399 9.02E-01  1.269 0.1132 0.1537  0.000  0.029  0.0000          
 7.327962E+07  3.581  3.879  2.019  8.498  5.557  0.0000  0.0000 4.33E-01 5.67E-01 0.0000 0.8429  0.000 0.1908 0.2391 9.06E-01  1.271 0.1134 0.1537  0.000  0.029  0.0000          
 7.328124E+07  3.580  3.866  1.969  8.499  5.561  0.0000  0.0000 4.33E-01 5.67E-01 0.0000 0.8429  0.000 0.1908 0.2375 9.12E-01  1.276 0.1137 0.1537  0.000  0.030  0.0000          
 7.328191E+07  3.579  3.861  1.948  8.499  5.563  0.0000  0.0000 4.33E-01 5.67E-01 0.0000 0.8429  0.000 0.1908 0.2366 9.15E-01  1.278 0.1139 0.1537  0.000  0.030  0.0000          
 7.328319E+07  3.579  3.850  1.906  8.500  5.567  0.0000  0.0000 4.33E-01 5.67E-01 0.0000 0.8429  0.000 0.1908 0.2358 9.20E-01  1.283 0.1139 0.1537  0.000  0.031  0.0000          
 7.328513E+07  3.577  3.830  1.829  8.501  5.572  0.0000  0.0000 4.33E-01 5.67E-01 0.0000 0.8429  0.000 0.1908 0.2334 9.25E-01  1.291 0.1145 0.1537  0.000  0.032  0.0000          
 7.328629E+07  3.575  3.821  1.791  8.501  5.576  0.0000  0.0000 4.33E-01 5.67E-01 0.0000 0.8429  0.000 0.1908 0.2317 9.30E-01  1.297 0.1145 0.1537  0.000  0.032  0.0000          
 7.328885E+07  3.572  3.795  1.692  8.503  5.583  0.0000  0.0000 4.33E-01 5.67E-01 0.0000 0.8429  0.000 0.1908 0.2293 9.37E-01  1.310 0.1150 0.1537  0.000  0.034  0.0000          
 7.329038E+07  3.569  3.777  1.624  8.504  5.588  0.0000  0.0000 4.33E-01 5.67E-01 0.0000 0.8429  0.000 0.1908 0.2277 9.43E-01  1.321 0.1153 0.1537  0.000  0.035  0.0000          
 7.329131E+07  3.567  3.767  1.585  8.504  5.590  0.0000  0.0000 4.33E-01 5.67E-01 0.0000 0.8429  0.000 0.1908 0.2268 9.47E-01  1.328 0.1156 0.1537  0.000  0.035  0.0000          
 7.329186E+07  3.565  3.761  1.561  8.505  5.592  0.0000  0.0000 4.33E-01 5.67E-01 0.0000 0.8429  0.000 0.1908 0.2260 9.50E-01  1.333 0.1156 0.1537  0.000  0.036  0.0000          
 7.329307E+07  3.562  3.748  1.512  8.505  5.596  0.0000  0.0000 4.33E-01 5.67E-01 0.0000 0.8429  0.000 0.1908 0.2244 9.52E-01  1.344 0.1158 0.1537  0.000  0.036  0.0000          
 7.329380E+07  3.559  3.741  1.490  8.506  5.598  0.0000  0.0000 4.33E-01 5.67E-01 0.0000 0.8429  0.000 0.1908 0.2244 9.55E-01  1.352 0.1161 0.1537  0.000  0.037  0.0000          
 7.329520E+07  3.554  3.732  1.458  8.506  5.602  0.0000  0.0000 4.33E-01 5.67E-01 0.0000 0.8429  0.000 0.1908 0.2228 9.58E-01  1.370 0.1164 0.1537  0.000  0.038  0.0000          
 7.329705E+07  3.546  3.726  1.442  8.507  5.608  0.0000  0.0000 4.33E-01 5.67E-01 0.0000 0.8429  0.000 0.1908 0.2204 9.63E-01  1.397 0.1167 0.1537  0.000  0.040  0.0000          
 7.329949E+07  3.534  3.719  1.426  8.509  5.615  0.0000  0.0000 4.33E-01 5.67E-01 0.0000 0.8429  0.000 0.1908 0.2179 9.68E-01  1.437 0.1172 0.1537  0.000  0.042  0.0000          
 7.330268E+07  3.529  3.713  1.407  8.510  5.625  0.0000  0.0000 4.33E-01 5.67E-01 0.0000 0.8429  0.000 0.1908 0.2147 9.75E-01  1.454 0.1178 0.1537  0.000  0.045  0.0000  Bagb    
 7.330477E+07  3.544  3.709  1.377  8.512  5.631  0.0000  0.0000 4.33E-01 5.67E-01 0.0000 0.8363  0.000 0.1908 0.2131 9.81E-01  1.403 0.1180 0.1537  0.000  0.044  0.0000          
 7.330649E+07  3.565  3.707  1.347  8.512  5.637  0.0000  0.0000 4.33E-01 5.67E-01 0.0000 0.8281  0.000 0.1908 0.2115 9.83E-01  1.338 0.1183 0.1533  0.000  0.043  0.0000          
 7.330753E+07  3.583  3.706  1.323  8.513  5.640  0.0000  0.0000 4.33E-01 5.67E-01 0.0000 0.7543  0.000 0.1908 0.2107 9.85E-01  1.285 0.1185 0.1533  0.000  0.042  0.0000          
 7.330852E+07  3.601  3.704  1.299  8.513  5.643  0.0000  0.0000 4.33E-01 5.67E-01 0.0000 0.6820  0.000 0.1908 0.2099 9.87E-01  1.235 0.1187 0.1533  0.000  0.041  0.0000          
 7.330983E+07  3.624  3.703  1.270  8.514  5.648  0.0000  0.0000 4.33E-01 5.67E-01 0.0000 0.6306  0.000 0.1908 0.2090 9.88E-01  1.174 0.1192 0.1533  0.000  0.039  0.0000          
 7.331117E+07  3.646  3.701  1.242  8.515  5.652  0.0000  0.0000 4.33E-01 5.67E-01 0.0000 0.5767  0.000 0.1908 0.2082 9.90E-01  1.120 0.1193 0.1533  0.000  0.038  0.0000          
 7.331254E+07  3.665  3.700  1.220  8.516  5.656  0.0000  0.0000 4.33E-01 5.67E-01 0.0000 0.5384  0.000 0.1908 0.2074 9.91E-01  1.079 0.1197 0.1533  0.000  0.037  0.0000          
 7.331483E+07  3.689  3.699  1.192  8.517  5.664  0.0000  0.0000 4.33E-01 5.67E-01 0.0000 0.4937  0.000 0.1908 0.2066 9.92E-01  1.030 0.1200 0.1533  0.000  0.036  0.0000          
 7.331750E+07  3.707  3.698  1.170  8.518  5.672  0.0000  0.0000 4.33E-01 5.67E-01 0.0000 0.4469  0.000 0.1908 0.2054 9.94E-01  0.998 0.1205 0.1533  0.000  0.036  0.0000          
 7.332197E+07  3.725  3.698  1.151  8.520  5.687  0.0000  0.0000 4.33E-01 5.67E-01 0.0000 0.4064  0.000 0.1908 0.2040 9.95E-01  0.975 0.1214 0.1537  0.000  0.037  0.0000          
 7.332938E+07  3.744  3.698  1.131  8.523  5.712  0.0000  0.0000 4.33E-01 5.67E-01 0.0000 0.3623  0.000 0.1908 0.2011 9.97E-01  0.963 0.1228 0.1537  0.000  0.039  0.0000          
 7.333838E+07  3.764  3.697  1.110  8.527  5.743  0.0000  0.0000 4.33E-01 5.67E-01 0.0000 0.3253  0.000 0.1908 0.0000 9.98E-01  0.957 0.1246 0.1541  0.000  0.042  0.0000          
 7.334667E+07  3.782  3.697  1.090  8.530  5.773  0.0000  0.0000 4.33E-01 5.67E-01 0.0000 0.2970  0.000 0.1908 0.0000 9.99E-01  0.953 0.1263 0.1544  0.000  0.045  0.0000          
 7.335493E+07  3.800  3.696  1.069  8.532  5.804  0.0000  0.0000 4.33E-01 5.67E-01 0.0000 0.2754  0.000 0.1908 0.0000 9.99E-01  0.949 0.1281 0.1548  0.000  0.048  0.0006          
 7.336309E+07  3.819  3.696  1.047  8.534  5.836  0.0000  0.0000 4.33E-01 5.67E-01 0.0000 0.2583  0.000 0.1908 0.0000 1.00E+00  0.945 0.1296 0.1551  0.000  0.051  0.0025          
 7.337125E+07  3.838  3.695  1.025  8.536  5.869  0.0000  0.0000 4.33E-01 5.67E-01 0.0000 0.2459  0.000 0.1908 0.0000 1.00E+00  0.940 0.1314 0.1555  0.000  0.055  0.0052          
 7.337942E+07  3.857  3.694  1.002  8.537  5.904  0.0000  0.0000 4.33E-01 5.67E-01 0.0000 0.2358  0.000 0.1908 0.0000 1.00E+00  0.937 0.1333 0.1558  0.000  0.059  0.0078          
 7.338684E+07  3.876  3.693  0.980  8.538  5.937  0.0000  0.0000 4.33E-01 5.67E-01 0.0000 0.2287  0.000 0.1908 0.0000 1.00E+00  0.934 0.1348 0.1562  0.000  0.063  0.0113          
 7.339426E+07  3.895  3.692  0.958  8.537  5.972  0.0000  0.0000 4.33E-01 5.67E-01 0.0000 0.2226  0.000 0.1908 0.0000 1.00E+00  0.931 0.1364 0.1565  0.000  0.068  0.0137          
 7.340168E+07  3.915  3.692  0.936  8.534  6.008  0.0000  0.0000 4.33E-01 5.67E-01 0.0000 0.2171  0.000 0.1908 0.0000 1.00E+00  0.928 0.1382 0.1572  0.000  0.073  0.0173          
 7.340836E+07  3.933  3.691  0.915  8.531  6.042  0.0000  0.0000 4.33E-01 5.67E-01 0.0000 0.2130  0.000 0.1908 0.0000 1.00E+00  0.926 0.1397 0.1576  0.000  0.078  0.0222          
 7.341503E+07  3.953  3.691  0.894  8.527  6.078  0.0000  0.0000 4.33E-01 5.67E-01 0.0000 0.2096  0.000 0.1908 0.0000 1.00E+00  0.924 0.1413 0.1581  0.000  0.083  0.0251          
 7.342171E+07  3.972  3.690  0.872  8.522  6.116  0.0000  0.0000 4.33E-01 5.67E-01 0.0000 0.2063  0.000 0.1908 0.0000 1.00E+00  0.922 0.1429 0.1586  0.000  0.088  0.0294          
 7.342765E+07  3.990  3.690  0.853  8.516  6.150  0.0000  0.0000 4.33E-01 5.67E-01 0.0000 0.2039  0.000 0.1908 0.0000 1.00E+00  0.919 0.1444 0.1590  0.000  0.094  0.0325          
 7.343359E+07  4.008  3.689  0.832  8.510  6.186  0.0000  0.0000 4.33E-01 5.67E-01 0.0000 0.2016  0.000 0.1908 0.0000 1.00E+00  0.917 0.1459 0.1595  0.000  0.100  0.0370          
 7.343952E+07  4.027  3.689  0.811  8.501  6.223  0.0000  0.0000 4.33E-01 5.67E-01 0.0000 0.1995  0.000 0.1908 0.0000 1.00E+00  0.916 0.1473 0.1602  0.000  0.105  0.0416          
 7.344546E+07  4.046  3.688  0.790  8.492  6.262  0.0000  0.0000 4.33E-01 5.67E-01 0.0000 0.1972  0.000 0.1908 0.0000 1.00E+00  0.914 0.1488 0.1607  0.000  0.112  0.0447          
 7.345140E+07  4.064  3.687  0.769  8.480  6.302  0.0000  0.0000 4.33E-01 5.67E-01 0.0000 0.1945  0.000 0.1908 0.0000 1.00E+00  0.912 0.1503 0.1614  0.000  0.119  0.0505          
 7.345659E+07  4.082  3.686  0.747  8.469  6.339  0.0000  0.0000 4.33E-01 5.67E-01 0.0000 0.1921  0.000 0.1908 0.0000 1.00E+00  0.909 0.1517 0.1619  0.000  0.124  0.0550          
 7.346179E+07  4.100  3.685  0.724  8.456  6.376  0.0000  0.0000 4.33E-01 5.67E-01 0.0000 0.1898  0.000 0.1898 0.0000 0.00E+00  0.907 0.1531 0.1625  0.000  0.130  0.0597          
 7.346698E+07  4.120  3.684  0.700  8.441  6.415  0.0000  0.0000 4.33E-01 5.67E-01 0.0000 0.1877  0.000 0.1877 0.0000 0.00E+00  0.905 0.1545 0.1631  0.000  0.135  0.0647          
 7.347217E+07  4.140  3.683  0.676  8.424  6.454  0.0000  0.0000 4.33E-01 5.67E-01 0.0000 0.1856  0.000 0.1856 0.0000 0.00E+00  0.903 0.1559 0.1638  0.000  0.139  0.0686          
 7.347663E+07  4.158  3.683  0.655  8.409  6.489  0.0000  0.0000 4.33E-01 5.67E-01 0.0000 0.1840  0.000 0.1839 0.0000 0.00E+00  0.901 0.1571 0.1644  0.000  0.142  0.0724          
 7.348292E+07  4.176  3.682  0.635  8.386  6.539  0.0000  0.0000 4.33E-01 5.67E-01 0.0000 0.1788  0.000 0.1788 0.0000 1.00E+00  0.890 0.1588 0.1654  0.000  0.149  0.0788          
 7.348884E+07  4.194  3.682  0.615  8.364  6.587  0.0000  0.0000 4.33E-01 5.67E-01 0.0000 0.1756  0.000 0.1756 0.0000 1.00E+00  0.884 0.1606 0.1664  0.000  0.155  0.0859          
 7.349633E+07  4.212  3.681  0.595  8.334  6.649  0.0000  0.0000 4.33E-01 5.67E-01 0.0000 0.1733  0.000 0.1733 0.0000 1.00E+00  0.878 0.1628 0.1677  0.000  0.163  0.0935          
 7.350659E+07  4.226  3.681  0.581  8.298  6.734  0.0000  0.0000 4.33E-01 5.67E-01 0.0000 0.1723  0.000 0.1723 0.0000 1.00E+00  0.869 0.1657 0.1696  0.000  0.171  0.1037  Ldumax  
 7.351378E+07  4.206  3.682  0.604  8.272  6.792  0.0000  0.0000 4.33E-01 5.67E-01 0.0000 0.1723  0.000 0.1723 0.1723 1.00E+00  0.866 0.1676 0.1708  0.000  0.183  0.1114          
 7.351572E+07  4.184  3.682  0.630  8.266  6.807  0.0000  0.0000 4.33E-01 5.67E-01 0.0000 0.1723  0.000 0.1723 0.1723 1.00E+00  0.861 0.1680 0.1711  0.000  0.193  0.1134          
 7.351686E+07  4.160  3.683  0.656  8.262  6.816  0.0000  0.0000 4.33E-01 5.67E-01 0.0000 0.1723  0.000 0.1723 0.1724 1.00E+00  0.848 0.1683 0.1712  0.000  0.203  0.1145          
 7.351808E+07  4.134  3.685  0.688  8.258  6.826  0.0000  0.0000 4.33E-01 5.67E-01 0.0000 0.1723  0.000 0.1723 0.1724 1.00E+00  0.838 0.1685 0.1714  0.000  0.216  0.1156          
 7.351889E+07  4.112  3.686  0.715  8.255  6.832  0.0000  0.0000 4.33E-01 5.67E-01 0.0000 0.1723  0.000 0.1723 0.1724 9.99E-01  0.828 0.1687 0.1715  0.000  0.227  0.1167          
 7.351974E+07  4.086  3.687  0.747  8.252  6.838  0.0000  0.0000 4.33E-01 5.67E-01 0.0000 0.1723  0.000 0.1723 0.1725 9.90E-01  0.816 0.1689 0.1716  0.000  0.240  0.1167          
 7.352063E+07  4.056  3.689  0.784  8.249  6.845  0.0000  0.0000 4.33E-01 5.67E-01 0.0000 0.1723  0.000 0.1723 0.1726 9.21E-01  0.805 0.1690 0.1717  0.000  0.256  0.1178          
 7.352137E+07  4.026  3.691  0.820  8.247  6.851  0.0000  0.0000 4.33E-01 5.67E-01 0.0000 0.1723  0.000 0.1723 0.1726 6.57E-01  0.776 0.1692 0.1717  0.000  0.274  0.1187          
 7.352219E+07  3.991  3.692  0.860  8.244  6.857  0.0000  0.0000 4.33E-01 5.67E-01 0.0000 0.1723  0.001 0.1723 0.1727 2.36E-01  0.770 0.1693 0.1718  0.000  0.295  0.1187          
 7.352271E+07  3.969  3.692  0.884  8.243  6.860  0.0000  0.0000 4.33E-01 5.67E-01 0.0000 0.1723  0.001 0.1723 0.1728 7.55E-02  0.766 0.1693 0.1719  0.000  0.310  0.1197          
 7.352344E+07  3.944  3.693  0.913  8.240  6.866  0.0000  0.0000 4.33E-01 5.67E-01 0.0000 0.1723  0.005 0.1723 0.1729 4.33E-02  0.740 0.1694 0.1719  0.000  0.326  0.1197          
 7.352401E+07  3.923  3.694  0.938  8.238  6.870  0.0000  0.0000 4.33E-01 5.67E-01 0.0000 0.1723  0.016 0.1723 0.1729 2.40E-02  0.715 0.1695 0.1720  0.000  0.341  0.1207          
 7.352455E+07  3.904  3.695  0.960  8.237  6.873  0.0000  0.0000 4.33E-01 5.67E-01 0.0000 0.1724  0.037 0.1723 0.1730 1.49E-02  0.696 0.1696 0.1720  0.000  0.355  0.1207          
 7.352574E+07  3.875  3.696  0.993  8.233  6.882  0.0000  0.0000 4.33E-01 5.67E-01 0.0000 0.1725  0.155 0.1723 0.1726 5.88E-03  0.589 0.1697 0.1721  0.000  0.376  0.1216          
 7.352646E+07  3.870  3.696  0.999  8.231  6.887  0.0000  0.0000 4.33E-01 5.67E-01 0.0000 0.1725  0.405 0.1723 0.1726 2.36E-03  0.351 0.1698 0.1721  0.000  0.377  0.1225  Ldumin  
 7.352714E+07  3.893  3.695  0.972  8.228  6.891  0.0000  0.0000 4.33E-01 5.67E-01 0.0000 0.1725  0.774 0.1723 0.1725 5.98E-04  0.106 0.1698 0.1722  0.000  0.355  0.1225          
 7.352741E+07  3.914  3.694  0.947  8.228  6.893  0.0000  0.0000 4.33E-01 5.67E-01 0.0000 0.1725  0.748 0.1723 0.1725 6.13E-04  0.094 0.1699 0.1722  0.000  0.337  0.1234          
 7.352801E+07  3.933  3.694  0.926  8.226  6.897  0.0000  0.0000 4.33E-01 5.67E-01 0.0000 0.1725  0.762 0.1723 0.1725 5.79E-04  0.089 0.1699 0.1722  0.000  0.321  0.1234          
 7.353018E+07  3.946  3.693  0.910  8.218  6.910  0.0000  0.0000 4.33E-01 5.67E-01 0.0000 0.1726  0.677 0.1723 0.1725 6.12E-04  0.239 0.1700 0.1722  0.000  0.300  0.1251  1tp
