#age/yr        logL   logTef lgrav  logTc  logrho Xc      Yc     Xc_C     Xc_O     Q_conv Q_disc  L_H/L Q1_H   Q2_H   f_pp      L_He/L Q1_He  Q2_He  L_C/L  L_nu/L Q_Tmax  stage
 0.000000E+00  2.584  4.373  4.896  7.597  2.051  0.7684  0.2316 0.00E+00 0.00E+00 0.2302 0.2134  0.945 0.0000 0.7686 1.00E+00  0.000 0.0000 0.0000  0.000  0.000  0.0000  ZAMS                
 1.131025E+07  2.597  4.377  4.897  7.615  2.079  0.7211  0.2789 0.00E+00 0.00E+00 0.2514 0.6394  1.001 0.0000 0.7777 1.00E+00  0.000 0.0000 0.0000  0.000  0.000  0.0000          
 1.677763E+07  2.612  4.380  4.893  7.624  2.098  0.6987  0.3013 0.00E+00 0.00E+00 0.2486 0.6768  1.001 0.0000 0.7777 1.00E+00  0.000 0.0000 0.0000  0.000  0.000  0.0000          
 2.162993E+07  2.627  4.383  4.889  7.632  2.118  0.6780  0.3220 0.00E+00 0.00E+00 0.2376 0.6993  1.001 0.0000 0.7777 1.00E+00  0.000 0.0000 0.0000  0.000  0.000  0.0000          
 2.635636E+07  2.643  4.385  4.885  7.640  2.138  0.6566  0.3434 0.00E+00 0.00E+00 0.2276 0.7204  1.001 0.0000 0.7821 1.00E+00  0.000 0.0000 0.0000  0.000  0.000  0.0000          
 3.103362E+07  2.657  4.388  4.882  7.649  2.159  0.6346  0.3654 0.00E+00 0.00E+00 0.2259 0.7335  1.001 0.0000 0.7821 1.00E+00  0.000 0.0000 0.0000  0.000  0.000  0.0000          
 3.568398E+07  2.673  4.391  4.877  7.659  2.181  0.6119  0.3881 0.00E+00 0.00E+00 0.2188 0.7461  1.001 0.0000 0.7821 1.00E+00  0.000 0.0000 0.0000  0.000  0.000  0.0000          
 3.965044E+07  2.688  4.394  4.873  7.667  2.204  0.5914  0.4086 0.00E+00 0.00E+00 0.2040 0.7522  1.001 0.0000 0.7821 1.00E+00  0.000 0.0000 0.0000  0.000  0.000  0.0000          
 4.403684E+07  2.704  4.396  4.869  7.678  2.228  0.5675  0.4325 0.00E+00 0.00E+00 0.2012 0.7639  1.001 0.0000 0.7821 1.00E+00  0.000 0.0000 0.0000  0.000  0.000  0.0000          
 4.837213E+07  2.721  4.399  4.864  7.689  2.254  0.5430  0.4570 0.00E+00 0.00E+00 0.1950 0.7686  1.001 0.0000 0.7821 1.00E+00  0.000 0.0000 0.0000  0.000  0.000  0.0000          
 5.204033E+07  2.737  4.402  4.859  7.698  2.281  0.5210  0.4790 0.00E+00 0.00E+00 0.1785 0.7777  1.001 0.0000 0.7865 1.00E+00  0.000 0.0000 0.0000  0.000  0.000  0.0000          
 5.556703E+07  2.752  4.405  4.855  7.709  2.307  0.4987  0.5013 0.00E+00 0.00E+00 0.1761 0.7821  1.001 0.0000 0.7865 1.00E+00  0.000 0.0000 0.0000  0.000  0.000  0.0000          
 5.903929E+07  2.768  4.408  4.849  7.719  2.335  0.4760  0.5240 0.00E+00 0.00E+00 0.1656 0.7865  1.001 0.0000 0.7865 1.00E+00  0.000 0.0000 0.0000  0.000  0.000  0.0000          
 6.238150E+07  2.784  4.410  4.844  7.730  2.366  0.4528  0.5472 0.00E+00 0.00E+00 0.1563 0.7907  1.001 0.0000 0.7865 1.00E+00  0.000 0.0000 0.0000  0.000  0.000  0.0000          
 6.559520E+07  2.801  4.413  4.838  7.742  2.398  0.4293  0.5707 0.00E+00 0.00E+00 0.1446 0.7949  1.001 0.0000 0.7907 1.00E+00  0.000 0.0000 0.0000  0.000  0.000  0.0000          
 6.868249E+07  2.818  4.416  4.832  7.753  2.433  0.4054  0.5946 0.00E+00 0.00E+00 0.1318 0.7990  1.001 0.0000 0.7907 1.00E+00  0.000 0.0000 0.0000  0.000  0.000  0.0000          
 7.162969E+07  2.835  4.419  4.826  7.766  2.471  0.3811  0.6189 0.00E+00 0.00E+00 0.1187 0.8030  1.001 0.0000 0.7949 1.00E+00  0.000 0.0000 0.0000  0.000  0.000  0.0000          
 7.442349E+07  2.853  4.421  4.819  7.778  2.511  0.3564  0.6436 0.00E+00 0.00E+00 0.1062 0.8030  1.001 0.0000 0.7949 1.00E+00  0.000 0.0000 0.0000  0.000  0.000  0.0000          
 7.709649E+07  2.870  4.424  4.811  7.790  2.556  0.3315  0.6685 0.00E+00 0.00E+00 0.0909 0.8069  1.000 0.0000 0.7990 1.00E+00  0.000 0.0000 0.0000  0.000  0.000  0.0000          
 7.964366E+07  2.889  4.426  4.803  7.803  2.603  0.3062  0.6938 0.00E+00 0.00E+00 0.0771 0.8108  1.000 0.0000 0.8030 1.00E+00  0.000 0.0000 0.0000  0.000  0.000  0.0000          
 8.172509E+07  2.905  4.428  4.796  7.814  2.648  0.2843  0.7157 0.00E+00 0.00E+00 0.0600 0.8108  1.001 0.0000 0.8069 1.00E+00  0.000 0.0000 0.0000  0.000  0.000  0.0000          
 8.358499E+07  2.921  4.430  4.787  7.822  2.703  0.2627  0.7373 1.80E-19 6.67E-20 0.0255 0.8145  0.999 0.0000 0.8145 1.00E+00  0.000 0.0000 0.0000  0.000  0.000  0.0000          
 8.550522E+07  2.938  4.433  4.780  7.829  2.768  0.2327  0.7673 1.92E-17 6.07E-18 0.0000 0.8145  1.000 0.0000 0.8356 1.00E+00  0.000 0.0000 0.0000  0.000  0.000  0.0000          
 8.735885E+07  2.954  4.435  4.771  7.840  2.826  0.2048  0.7952 1.52E-16 4.54E-17 0.0000 0.8182  1.001 0.0000 0.8389 1.00E+00  0.000 0.0000 0.0000  0.000  0.000  0.0000          
 8.917130E+07  2.971  4.436  4.761  7.851  2.885  0.1794  0.8206 1.08E-15 3.05E-16 0.0000 0.8182  1.001 0.0000 0.8421 1.00E+00  0.000 0.0000 0.0000  0.000  0.000  0.0000          
 9.088165E+07  2.988  4.438  4.751  7.863  2.945  0.1570  0.8430 7.26E-15 1.93E-15 0.0000 0.8219  1.000 0.0000 0.8453 1.00E+00  0.000 0.0000 0.0000  0.000  0.000  0.0000          
 9.255055E+07  3.006  4.440  4.740  7.875  3.006  0.1365  0.8635 5.09E-14 1.27E-14 0.0000 0.8219  1.000 0.0000 0.8484 1.00E+00  0.000 0.0000 0.0000  0.000  0.000  0.0000          
 9.412182E+07  3.023  4.441  4.728  7.889  3.067  0.1182  0.8818 3.61E-13 8.44E-14 0.0000 0.8219  1.000 0.0000 0.8484 9.99E-01  0.000 0.0000 0.0000  0.000  0.000  0.0000          
 9.585260E+07  3.041  4.442  4.715  7.916  3.102  0.1043  0.8957 1.88E-12 4.06E-13 0.0061 0.8254  1.002 0.0000 0.8182 9.83E-01  0.000 0.0000 0.0000  0.000  0.000  0.0000          
 9.617919E+07  3.043  4.443  4.715  7.924  3.089  0.1067  0.8933 2.03E-12 4.42E-13 0.0163 0.8254  1.003 0.0000 0.8108 9.64E-01  0.000 0.0000 0.0000  0.000  0.000  0.0000  Tmax    
 9.877351E+07  3.038  4.438  4.700  7.938  2.966  0.1012  0.8988 7.72E-12 1.73E-12 0.0787 0.8254  1.007 0.0000 0.7522 7.19E-01  0.000 0.0000 0.0000  0.000  0.000  0.0000          
 1.003675E+08  3.040  4.434  4.681  7.942  2.940  0.0840  0.9160 1.27E-11 2.81E-12 0.0922 0.8289  1.007 0.0000 0.7335 5.95E-01  0.000 0.0000 0.0000  0.000  0.000  0.0000          
 1.017650E+08  3.044  4.429  4.659  7.945  2.929  0.0653  0.9347 1.91E-11 4.17E-12 0.0958 0.8289  1.007 0.0000 0.7135 5.00E-01  0.000 0.0000 0.0000  0.000  0.000  0.0000          
 1.029567E+08  3.047  4.425  4.638  7.950  2.925  0.0471  0.9529 2.82E-11 6.04E-12 0.1009 0.8289  1.007 0.0000 0.6993 4.28E-01  0.000 0.0000 0.0000  0.000  0.000  0.0000          
 1.042861E+08  3.055  4.420  4.614  7.958  2.938  0.0247  0.9753 4.90E-11 1.01E-11 0.1017 0.8289  1.004 0.0000 0.6845 3.74E-01  0.000 0.0000 0.0000  0.000  0.000  0.0000          
 1.048338E+08  3.060  4.420  4.606  7.964  2.957  0.0146  0.9854 7.12E-11 1.43E-11 0.1002 0.8289  1.001 0.0000 0.6768 3.67E-01  0.000 0.0000 0.0000  0.000  0.000  0.0000  Tmin    
 1.054327E+08  3.074  4.423  4.603  7.982  3.026  0.0032  0.9968 1.79E-10 3.32E-11 0.0929 0.8289  0.974 0.0000 0.6920 4.09E-01  0.000 0.0000 0.0000  0.000  0.000  0.0000          
 1.055653E+08  3.086  4.426  4.605  7.996  3.098  0.0008  0.9992 3.65E-10 6.35E-11 0.0815 0.8289  0.908 0.0000 0.7065 4.94E-01  0.000 0.0000 0.0000  0.000  0.000  0.0000          
 1.056160E+08  3.099  4.429  4.605  8.009  3.208  0.0001  0.9999 9.23E-10 1.48E-10 0.0459 0.8289  0.729 0.0000 0.7686 7.15E-01  0.000 0.0000 0.0000  0.000  0.000  0.0000          
 1.056478E+08  3.113  4.432  4.602  8.007  3.417  0.0000  1.0000 4.30E-07 5.43E-10 0.0000 0.8289  0.725 0.0167 0.7949 8.69E-01  0.000 0.0000 0.0000  0.000  0.000  0.0000          
 1.056917E+08  3.131  4.433  4.588  8.016  3.607  0.0000  1.0000 4.20E-06 6.47E-10 0.0000 0.8289  0.872 0.0396 0.7461 8.46E-01  0.000 0.0000 0.0034  0.000  0.000  0.0000          
 1.057479E+08  3.148  4.432  4.567  8.022  3.754  0.0000  1.0000 2.43E-05 2.48E-09 0.0000 0.8289  0.955 0.0619 0.7065 8.34E-01  0.000 0.0000 0.0090  0.000  0.000  0.0000  T2max   
 1.058387E+08  3.158  4.428  4.542  8.014  3.880  0.0000  0.9999 9.45E-05 2.23E-08 0.0000 0.8289  1.067 0.0740 0.6525 7.26E-01  0.000 0.0000 0.0090  0.000  0.000  0.0000          
 1.059044E+08  3.152  4.424  4.531  7.988  3.907  0.0000  0.9999 1.09E-04 3.45E-08 0.0000 0.8289  1.086 0.0802 0.6327 6.22E-01  0.000 0.0000 0.0000  0.000  0.000  0.0000          
 1.059807E+08  3.150  4.419  4.514  7.971  3.935  0.0000  0.9999 1.11E-04 3.95E-08 0.0000 0.8289  1.042 0.0830 0.6259 5.95E-01  0.000 0.0000 0.0000  0.000  0.000  0.0000          
 1.061336E+08  3.155  4.415  4.491  7.957  3.971  0.0000  0.9999 1.12E-04 4.46E-08 0.0000 0.8289  1.020 0.0908 0.6189 5.50E-01  0.000 0.0000 0.0000  0.000  0.000  0.0000          
 1.064526E+08  3.160  4.410  4.468  7.951  4.015  0.0000  0.9999 1.13E-04 5.12E-08 0.0000 0.8289  1.008 0.0976 0.6189 5.09E-01  0.000 0.0000 0.0000  0.000  0.000  0.0000          
 1.068277E+08  3.167  4.406  4.444  7.960  4.069  0.0000  0.9999 1.14E-04 6.13E-08 0.0000 0.8289  1.007 0.1025 0.6046 4.79E-01  0.000 0.0000 0.0000  0.000  0.000  0.0000          
 1.070931E+08  3.172  4.402  4.422  7.968  4.115  0.0000  0.9999 1.17E-04 7.45E-08 0.0000 0.8289  1.010 0.1044 0.5897 4.48E-01  0.000 0.0000 0.0000  0.000  0.000  0.0000          
 1.073099E+08  3.176  4.397  4.399  7.976  4.157  0.0000  0.9999 1.24E-04 9.33E-08 0.0000 0.8323  1.012 0.1081 0.5664 4.20E-01  0.000 0.0000 0.0000  0.000  0.000  0.0000          
 1.074901E+08  3.180  4.393  4.377  7.984  4.197  0.0000  0.9999 1.40E-04 1.21E-07 0.0000 0.8323  1.012 0.1119 0.5501 3.95E-01  0.000 0.0000 0.0045  0.000  0.000  0.0000          
 1.076518E+08  3.184  4.388  4.355  7.993  4.236  0.0000  0.9998 1.80E-04 1.72E-07 0.0000 0.8323  1.014 0.1150 0.5418 3.70E-01  0.000 0.0000 0.0102  0.000  0.000  0.0000          
 1.077883E+08  3.187  4.383  4.333  8.002  4.271  0.0000  0.9997 2.72E-04 2.73E-07 0.0000 0.8323  1.016 0.1182 0.5206 3.48E-01  0.000 0.0000 0.0167  0.000  0.000  0.0000          
 1.079106E+08  3.191  4.379  4.312  8.012  4.303  0.0000  0.9995 5.13E-04 5.46E-07 0.0000 0.8323  1.017 0.1209 0.5077 3.27E-01  0.000 0.0000 0.0231  0.000  0.000  0.0000          
 1.080180E+08  3.194  4.374  4.290  8.027  4.329  0.0000  0.9987 1.25E-03 1.56E-06 0.0000 0.8323  1.017 0.1233 0.4944 3.10E-01  0.001 0.0000 0.0284  0.000  0.000  0.0000          
 1.081163E+08  3.197  4.370  4.269  8.056  4.330  0.0000  0.9974 2.62E-03 3.82E-06 0.0034 0.8323  1.014 0.1256 0.4807 2.93E-01  0.005 0.0000 0.0231  0.000  0.000  0.0000          
 1.081903E+08  3.203  4.367  4.254  8.095  4.227  0.0000  0.9944 5.56E-03 8.60E-06 0.0231 0.8323  0.931 0.1272 0.4807 3.16E-01  0.073 0.0000 0.0178  0.000  0.000  0.0000  Blp     
 1.082398E+08  3.219  4.371  4.253  8.107  4.072  0.0000  0.9896 1.04E-02 2.06E-05 0.0339 0.8323  0.816 0.1280 0.5142 4.02E-01  0.096 0.0000 0.0209  0.000  0.000  0.0000          
 1.082641E+08  3.227  4.376  4.263  8.108  4.020  0.0000  0.9868 1.32E-02 3.09E-05 0.0339 0.8323  0.800 0.1284 0.5332 4.42E-01  0.087 0.0000 0.0209  0.000  0.000  0.0000          
 1.082855E+08  3.232  4.380  4.277  8.109  3.986  0.0000  0.9844 1.56E-02 4.26E-05 0.0333 0.8323  0.798 0.1287 0.5460 4.71E-01  0.080 0.0000 0.0242  0.000  0.000  0.0000          
 1.083110E+08  3.233  4.386  4.299  8.109  3.955  0.0000  0.9817 1.83E-02 5.89E-05 0.0315 0.8323  0.808 0.1292 0.5664 5.01E-01  0.073 0.0000 0.0242  0.000  0.000  0.0000          
 1.083461E+08  3.231  4.393  4.329  8.110  3.927  0.0000  0.9780 2.19E-02 8.68E-05 0.0299 0.8323  0.833 0.1296 0.5821 5.32E-01  0.068 0.0000 0.0240  0.000  0.000  0.0000          
 1.084119E+08  3.221  4.402  4.373  8.111  3.898  0.0000  0.9713 2.85E-02 1.55E-04 0.0276 0.8323  0.873 0.1304 0.6046 5.65E-01  0.066 0.0000 0.0250  0.000  0.000  0.0000          
 1.084654E+08  3.217  4.407  4.397  8.113  3.868  0.0000  0.9753 2.45E-02 1.52E-04 0.0307 0.8323  0.880 0.1312 0.6118 5.91E-01  0.073 0.0000 0.0259  0.000  0.000  0.0000          
 1.085578E+08  3.211  4.412  4.422  8.116  3.836  0.0000  0.9690 3.07E-02 2.29E-04 0.0480 0.8323  0.897 0.1320 0.6259 6.15E-01  0.083 0.0000 0.0276  0.000  0.000  0.0000          
 1.087128E+08  3.209  4.416  4.442  8.120  3.800  0.0000  0.9585 4.11E-02 3.95E-04 0.0507 0.8323  0.892 0.1337 0.6525 6.59E-01  0.096 0.0000 0.0289  0.000  0.000  0.0000          
 1.089234E+08  3.209  4.420  4.456  8.125  3.770  0.0000  0.9449 5.44E-02 6.91E-04 0.0546 0.8323  0.879 0.1349 0.6689 6.95E-01  0.115 0.0000 0.0309  0.000  0.000  0.0000  Helmin  
 1.094128E+08  3.211  4.424  4.472  8.133  3.728  0.0000  0.9055 9.25E-02 1.94E-03 0.0633 0.8323  0.840 0.1372 0.6957 7.44E-01  0.159 0.0000 0.0358  0.000  0.000  0.0000          
 1.110593E+08  3.220  4.428  4.479  8.152  3.662  0.0000  0.7416 2.44E-01 1.44E-02 0.0847 0.8323  0.724 0.1437 0.7335 8.05E-01  0.280 0.0000 0.0443  0.000  0.000  0.0000  Lpt     
 1.128472E+08  3.230  4.424  4.454  8.173  3.644  0.0000  0.5161 4.29E-01 5.48E-02 0.1002 0.8323  0.603 0.1499 0.7399 8.15E-01  0.404 0.0000 0.0507  0.000  0.000  0.0000          
 1.137554E+08  3.236  4.420  4.430  8.187  3.650  0.0000  0.3938 5.12E-01 9.44E-02 0.1085 0.8323  0.549 0.1534 0.7335 8.06E-01  0.459 0.0000 0.0571  0.000  0.000  0.0000          
 1.144400E+08  3.243  4.416  4.406  8.199  3.666  0.0000  0.2999 5.61E-01 1.39E-01 0.1132 0.8323  0.516 0.1563 0.7270 7.88E-01  0.492 0.0000 0.0636  0.000  0.000  0.0000          
 1.150052E+08  3.249  4.411  4.383  8.211  3.692  0.0000  0.2192 5.91E-01 1.90E-01 0.1156 0.8323  0.499 0.1588 0.7065 7.59E-01  0.508 0.0000 0.0636  0.000  0.000  0.0000          
 1.154623E+08  3.256  4.407  4.359  8.223  3.722  0.0000  0.1586 5.97E-01 2.44E-01 0.1172 0.8323  0.499 0.1614 0.6920 7.17E-01  0.507 0.0000 0.0670  0.000  0.000  0.0000          
 1.158358E+08  3.263  4.403  4.336  8.235  3.760  0.0000  0.1100 5.89E-01 3.01E-01 0.1162 0.8323  0.516 0.1642 0.6689 6.61E-01  0.491 0.0000 0.0670  0.000  0.000  0.0000          
 1.161393E+08  3.269  4.398  4.311  8.246  3.799  0.0000  0.0760 5.70E-01 3.54E-01 0.1126 0.8323  0.538 0.1670 0.6525 6.07E-01  0.468 0.0000 0.0703  0.000  0.000  0.0000          
 1.163613E+08  3.275  4.394  4.288  8.255  3.835  0.0000  0.0541 5.47E-01 3.99E-01 0.1081 0.8323  0.567 0.1690 0.6327 5.50E-01  0.440 0.0000 0.0703  0.000  0.000  0.0000          
 1.165379E+08  3.279  4.389  4.264  8.263  3.870  0.0000  0.0385 5.24E-01 4.38E-01 0.1036 0.8323  0.602 0.1713 0.6118 4.92E-01  0.409 0.0000 0.0703  0.000  0.001  0.0000          
 1.166630E+08  3.283  4.385  4.242  8.270  3.901  0.0000  0.0284 5.05E-01 4.66E-01 0.0992 0.8323  0.627 0.1729 0.5935 4.53E-01  0.384 0.0000 0.0718  0.000  0.001  0.0000          
 1.167630E+08  3.287  4.380  4.221  8.277  3.932  0.0000  0.0210 4.89E-01 4.90E-01 0.0943 0.8323  0.654 0.1745 0.5743 4.13E-01  0.359 0.0000 0.0683  0.000  0.001  0.0000          
 1.168499E+08  3.290  4.375  4.198  8.283  3.965  0.0000  0.0149 4.74E-01 5.11E-01 0.0900 0.8323  0.690 0.1761 0.5543 3.72E-01  0.330 0.0000 0.0675  0.000  0.001  0.0000          
 1.169092E+08  3.292  4.371  4.177  8.289  3.994  0.0000  0.0110 4.64E-01 5.25E-01 0.0858 0.8323  0.718 0.1774 0.5418 3.41E-01  0.306 0.0000 0.0670  0.000  0.001  0.0000          
 1.169571E+08  3.294  4.366  4.156  8.294  4.023  0.0000  0.0080 4.56E-01 5.36E-01 0.0810 0.8323  0.748 0.1786 0.5270 3.11E-01  0.282 0.0000 0.0661  0.000  0.001  0.0000          
 1.170020E+08  3.296  4.360  4.132  8.300  4.059  0.0000  0.0054 4.48E-01 5.47E-01 0.0760 0.8323  0.783 0.1798 0.5077 2.80E-01  0.253 0.0000 0.0650  0.000  0.001  0.0000          
 1.170341E+08  3.296  4.355  4.110  8.306  4.094  0.0000  0.0036 4.43E-01 5.54E-01 0.0698 0.8323  0.824 0.1806 0.4910 2.51E-01  0.223 0.0000 0.0642  0.000  0.001  0.0000          
 1.170406E+08  3.297  4.354  4.105  8.308  4.102  0.0000  0.0033 4.42E-01 5.55E-01 0.0694 0.8323  0.834 0.1806 0.4876 2.45E-01  0.215 0.0000 0.0638  0.000  0.001  0.0000  Yc=0    
 1.170615E+08  3.296  4.349  4.088  8.313  4.134  0.0000  0.0022 4.39E-01 5.59E-01 0.0632 0.8323  0.881 0.1814 0.4738 2.19E-01  0.183 0.0000 0.0638  0.000  0.001  0.0000          
 1.170795E+08  3.295  4.344  4.069  8.318  4.171  0.0000  0.0013 4.36E-01 5.63E-01 0.0542 0.8323  0.929 0.1818 0.4596 1.96E-01  0.146 0.0000 0.1200  0.000  0.001  0.0000          
 1.170931E+08  3.293  4.340  4.053  8.323  4.209  0.0000  0.0008 4.34E-01 5.65E-01 0.0453 0.8323  0.986 0.1826 0.4413 1.73E-01  0.107 0.0000 0.1248  0.000  0.001  0.0000          
 1.171044E+08  3.291  4.335  4.036  8.328  4.250  0.0000  0.0004 4.33E-01 5.67E-01 0.0330 0.8323  1.039 0.1830 0.4300 1.55E-01  0.067 0.0000 0.1292  0.000  0.001  0.0000          
 1.171139E+08  3.289  4.330  4.020  8.331  4.296  0.0000  0.0001 4.32E-01 5.68E-01 0.0162 0.8323  1.092 0.1834 0.4173 1.38E-01  0.030 0.0000 0.1363  0.000  0.001  0.0000          
 1.171219E+08  3.286  4.326  4.005  8.328  4.346  0.0000  0.0000 4.32E-01 5.68E-01 0.0000 0.8323  1.137 0.1838 0.4070 1.25E-01  0.013 0.0123 0.1479  0.000  0.001  0.0000          
 1.171302E+08  3.282  4.320  3.986  8.328  4.397  0.0000  0.0000 4.32E-01 5.68E-01 0.0000 0.8323  1.155 0.1842 0.3912 1.14E-01  0.014 0.0182 0.1507  0.000  0.001  0.0000          
 1.171372E+08  3.280  4.315  3.967  8.331  4.436  0.0000  0.0000 4.32E-01 5.68E-01 0.0000 0.8323  1.159 0.1846 0.3831 1.07E-01  0.017 0.0223 0.1507  0.000  0.001  0.0000          
 1.171426E+08  3.278  4.310  3.951  8.333  4.465  0.0000  0.0000 4.32E-01 5.68E-01 0.0000 0.8323  1.160 0.1846 0.3750 1.02E-01  0.021 0.0233 0.1534  0.000  0.002  0.0000          
 1.171486E+08  3.276  4.305  3.930  8.336  4.495  0.0000  0.0000 4.32E-01 5.68E-01 0.0000 0.8323  1.161 0.1850 0.3667 9.70E-02  0.025 0.0243 0.1534  0.000  0.002  0.0000          
 1.171535E+08  3.276  4.300  3.911  8.339  4.520  0.0000  0.0000 4.32E-01 5.68E-01 0.0000 0.8323  1.160 0.1854 0.3611 9.30E-02  0.030 0.0272 0.1548  0.000  0.002  0.0000  Lmin    
 1.171590E+08  3.277  4.295  3.889  8.343  4.546  0.0000  0.0000 4.32E-01 5.68E-01 0.0000 0.8323  1.156 0.1857 0.3527 8.90E-02  0.036 0.0299 0.1548  0.000  0.002  0.0000          
 1.171638E+08  3.278  4.289  3.867  8.346  4.569  0.0000  0.0000 4.32E-01 5.68E-01 0.0000 0.8323  1.150 0.1861 0.3470 8.56E-02  0.043 0.0299 0.1548  0.000  0.002  0.0000          
 1.171687E+08  3.280  4.284  3.844  8.349  4.591  0.0000  0.0000 4.32E-01 5.68E-01 0.0000 0.8323  1.143 0.1861 0.3412 8.23E-02  0.051 0.0330 0.1534  0.000  0.002  0.0000          
 1.171735E+08  3.282  4.279  3.820  8.352  4.612  0.0000  0.0000 4.32E-01 5.68E-01 0.0000 0.8323  1.130 0.1865 0.3354 7.97E-02  0.061 0.0346 0.1534  0.000  0.002  0.0000          
 1.171782E+08  3.285  4.274  3.796  8.355  4.631  0.0000  0.0000 4.32E-01 5.68E-01 0.0000 0.8323  1.114 0.1869 0.3317 7.76E-02  0.073 0.0346 0.1520  0.000  0.002  0.0000          
 1.171828E+08  3.288  4.268  3.772  8.357  4.649  0.0000  0.0000 4.32E-01 5.68E-01 0.0000 0.8323  1.096 0.1873 0.3280 7.58E-02  0.088 0.0377 0.1520  0.000  0.002  0.0000          
 1.171872E+08  3.291  4.263  3.749  8.360  4.667  0.0000  0.0000 4.32E-01 5.68E-01 0.0000 0.8323  1.073 0.1877 0.3224 7.47E-02  0.105 0.0392 0.1520  0.000  0.002  0.0000          
 1.171914E+08  3.294  4.258  3.726  8.362  4.682  0.0000  0.0000 4.32E-01 5.68E-01 0.0000 0.8323  1.047 0.1877 0.3205 7.41E-02  0.127 0.0407 0.1507  0.000  0.003  0.0000          
 1.171954E+08  3.298  4.254  3.705  8.363  4.696  0.0000  0.0000 4.32E-01 5.68E-01 0.0000 0.8323  1.018 0.1883 0.3186 7.40E-02  0.153 0.0423 0.1507  0.000  0.003  0.0000          
 1.171994E+08  3.301  4.249  3.683  8.364  4.708  0.0000  0.0000 4.32E-01 5.68E-01 0.0000 0.8323  0.981 0.1886 0.3167 7.47E-02  0.188 0.0436 0.1493  0.000  0.003  0.0000          
 1.172034E+08  3.306  4.245  3.661  8.365  4.720  0.0000  0.0000 4.32E-01 5.68E-01 0.0000 0.8323  0.931 0.1888 0.3167 7.67E-02  0.240 0.0436 0.1493  0.000  0.003  0.0000          
 1.172076E+08  3.310  4.240  3.638  8.365  4.731  0.0000  0.0000 4.32E-01 5.68E-01 0.0000 0.8323  0.863 0.1891 0.3167 8.08E-02  0.324 0.0453 0.1479  0.000  0.003  0.0000          
 1.172120E+08  3.316  4.236  3.615  8.363  4.738  0.0000  0.0000 4.32E-01 5.68E-01 0.0000 0.8323  0.758 0.1894 0.3224 8.97E-02  0.485 0.0469 0.1464  0.000  0.002  0.0000          
 1.172167E+08  3.323  4.232  3.591  8.356  4.738  0.0000  0.0000 4.32E-01 5.68E-01 0.0000 0.8323  0.584 0.1896 0.3336 1.12E-01  0.841 0.0485 0.1449  0.000  0.002  0.0000          
 1.172220E+08  3.332  4.228  3.566  8.345  4.731  0.0000  0.0000 4.32E-01 5.68E-01 0.0000 0.8323  0.401 0.1898 0.3555 1.57E-01  0.822 0.0485 0.1464  0.000  0.002  0.0000          
 1.172283E+08  3.347  4.225  3.538  8.343  4.740  0.0000  0.0000 4.32E-01 5.68E-01 0.0000 0.8323  0.385 0.1900 0.3583 1.63E-01  0.541 0.0491 0.1479  0.000  0.002  0.0000          
 1.172403E+08  3.371  4.225  3.517  8.342  4.762  0.0000  0.0000 4.32E-01 5.68E-01 0.0000 0.8323  0.363 0.1903 0.3611 1.67E-01  0.572 0.0497 0.1493  0.000  0.002  0.0000          
 1.172482E+08  3.377  4.228  3.523  8.340  4.774  0.0000  0.0000 4.32E-01 5.68E-01 0.0000 0.8323  0.336 0.1906 0.3695 1.79E-01  0.606 0.0497 0.1493  0.000  0.002  0.0000  L3max   
 1.172711E+08  3.371  4.237  3.563  8.336  4.806  0.0000  0.0000 4.32E-01 5.68E-01 0.0000 0.8323  0.293 0.1911 0.3804 2.07E-01  0.660 0.0515 0.1507  0.000  0.002  0.0000          
 1.172951E+08  3.362  4.242  3.593  8.334  4.839  0.0000  0.0000 4.32E-01 5.68E-01 0.0000 0.8323  0.263 0.1916 0.3912 2.29E-01  0.714 0.0515 0.1507  0.000  0.002  0.0000          
 1.173797E+08  3.348  4.239  3.594  8.332  4.936  0.0000  0.0000 4.32E-01 5.68E-01 0.0000 0.8323  0.189 0.1928 0.4017 2.83E-01  0.837 0.0570 0.1548  0.000  0.002  0.0000          
 1.174108E+08  3.347  4.234  3.575  8.333  4.968  0.0000  0.0000 4.32E-01 5.68E-01 0.0000 0.8323  0.170 0.1931 0.4044 3.00E-01  0.862 0.0579 0.1548  0.000  0.003  0.0000          
 1.174354E+08  3.347  4.229  3.556  8.334  4.992  0.0000  0.0000 4.32E-01 5.68E-01 0.0000 0.8323  0.157 0.1933 0.4044 3.10E-01  0.879 0.0600 0.1561  0.000  0.003  0.0000          
 1.174645E+08  3.348  4.223  3.530  8.335  5.018  0.0000  0.0000 4.32E-01 5.68E-01 0.0000 0.8323  0.142 0.1936 0.4017 3.18E-01  0.897 0.0624 0.1561  0.000  0.003  0.0000          
 1.174897E+08  3.349  4.217  3.505  8.336  5.041  0.0000  0.0000 4.32E-01 5.68E-01 0.0000 0.8323  0.130 0.1937 0.4017 3.23E-01  0.910 0.0638 0.1575  0.000  0.003  0.0000          
 1.175201E+08  3.351  4.209  3.474  8.338  5.067  0.0000  0.0000 4.32E-01 5.68E-01 0.0000 0.8323  0.118 0.1940 0.3991 3.32E-01  0.925 0.0666 0.1575  0.000  0.003  0.0000          
 1.175441E+08  3.352  4.203  3.447  8.340  5.087  0.0000  0.0000 4.32E-01 5.68E-01 0.0000 0.8323  0.108 0.1941 0.3965 3.39E-01  0.936 0.0687 0.1588  0.000  0.003  0.0000          
 1.175632E+08  3.353  4.198  3.424  8.342  5.103  0.0000  0.0000 4.32E-01 5.68E-01 0.0000 0.8323  0.101 0.1942 0.3965 3.44E-01  0.946 0.0705 0.1588  0.000  0.003  0.0000          
 1.175783E+08  3.353  4.193  3.405  8.343  5.116  0.0000  0.0000 4.32E-01 5.68E-01 0.0000 0.8323  0.096 0.1943 0.3938 3.48E-01  0.953 0.0718 0.1588  0.000  0.003  0.0000          
 1.175935E+08  3.354  4.188  3.385  8.345  5.129  0.0000  0.0000 4.32E-01 5.68E-01 0.0000 0.8323  0.090 0.1944 0.3912 3.53E-01  0.961 0.0735 0.1588  0.000  0.004  0.0000          
 1.176079E+08  3.355  4.183  3.365  8.347  5.141  0.0000  0.0000 4.32E-01 5.68E-01 0.0000 0.8323  0.085 0.1944 0.3912 3.55E-01  0.969 0.0751 0.1600  0.000  0.004  0.0000          
 1.176205E+08  3.355  4.179  3.346  8.348  5.152  0.0000  0.0000 4.32E-01 5.68E-01 0.0000 0.8323  0.081 0.1945 0.3885 3.59E-01  0.976 0.0760 0.1600  0.000  0.004  0.0000          
 1.176367E+08  3.356  4.173  3.321  8.351  5.166  0.0000  0.0000 4.32E-01 5.68E-01 0.0000 0.8323  0.075 0.1945 0.3858 3.62E-01  0.985 0.0780 0.1600  0.000  0.004  0.0000          
 1.176494E+08  3.356  4.167  3.299  8.353  5.177  0.0000  0.0000 4.32E-01 5.68E-01 0.0000 0.8323  0.070 0.1946 0.3831 3.66E-01  0.992 0.0793 0.1600  0.000  0.004  0.0000          
 1.176623E+08  3.357  4.162  3.276  8.355  5.189  0.0000  0.0000 4.32E-01 5.68E-01 0.0000 0.8323  0.066 0.1946 0.3804 3.68E-01  1.000 0.0802 0.1600  0.000  0.004  0.0000          
 1.176737E+08  3.357  4.156  3.254  8.357  5.199  0.0000  0.0000 4.32E-01 5.68E-01 0.0000 0.8323  0.062 0.1946 0.3777 3.72E-01  1.006 0.0820 0.1613  0.000  0.004  0.0000          
 1.176835E+08  3.358  4.151  3.234  8.358  5.208  0.0000  0.0000 4.32E-01 5.68E-01 0.0000 0.8323  0.059 0.1947 0.3750 3.74E-01  1.012 0.0830 0.1613  0.000  0.005  0.0000          
 1.176946E+08  3.358  4.145  3.210  8.361  5.218  0.0000  0.0000 4.32E-01 5.68E-01 0.0000 0.8323  0.055 0.1947 0.3750 3.78E-01  1.018 0.0836 0.1613  0.000  0.005  0.0000          
 1.177059E+08  3.359  4.139  3.184  8.363  5.229  0.0000  0.0000 4.32E-01 5.68E-01 0.0000 0.8323  0.051 0.1947 0.3722 3.81E-01  1.024 0.0849 0.1613  0.000  0.005  0.0000          
 1.177140E+08  3.359  4.134  3.164  8.364  5.236  0.0000  0.0000 4.32E-01 5.68E-01 0.0000 0.8323  0.049 0.1948 0.3695 3.83E-01  1.029 0.0857 0.1613  0.000  0.005  0.0000          
 1.177232E+08  3.360  4.128  3.141  8.366  5.245  0.0000  0.0000 4.32E-01 5.68E-01 0.0000 0.8323  0.046 0.1948 0.3667 3.87E-01  1.034 0.0873 0.1613  0.000  0.005  0.0000          
 1.177304E+08  3.360  4.124  3.122  8.368  5.252  0.0000  0.0000 4.32E-01 5.68E-01 0.0000 0.8323  0.044 0.1948 0.3639 3.89E-01  1.038 0.0881 0.1613  0.000  0.005  0.0000          
 1.177398E+08  3.361  4.117  3.096  8.370  5.261  0.0000  0.0000 4.32E-01 5.68E-01 0.0000 0.8323  0.041 0.1948 0.3611 3.90E-01  1.043 0.0890 0.1613  0.000  0.006  0.0000          
 1.177468E+08  3.361  4.112  3.075  8.371  5.268  0.0000  0.0000 4.32E-01 5.68E-01 0.0000 0.8323  0.039 0.1948 0.3583 3.92E-01  1.047 0.0900 0.1625  0.000  0.006  0.0000          
 1.177561E+08  3.362  4.105  3.046  8.373  5.277  0.0000  0.0000 4.32E-01 5.68E-01 0.0000 0.8323  0.036 0.1949 0.3555 3.94E-01  1.052 0.0909 0.1625  0.000  0.006  0.0000          
 1.177622E+08  3.362  4.101  3.027  8.375  5.283  0.0000  0.0000 4.32E-01 5.68E-01 0.0000 0.8323  0.035 0.1949 0.3555 4.00E-01  1.056 0.0913 0.1625  0.000  0.006  0.0000          
 1.177703E+08  3.363  4.094  2.999  8.377  5.292  0.0000  0.0000 4.32E-01 5.68E-01 0.0000 0.8323  0.032 0.1949 0.3527 4.03E-01  1.060 0.0922 0.1625  0.000  0.006  0.0000          
 1.177756E+08  3.363  4.089  2.981  8.378  5.297  0.0000  0.0000 4.32E-01 5.68E-01 0.0000 0.8323  0.031 0.1949 0.3498 4.05E-01  1.062 0.0931 0.1625  0.000  0.006  0.0000          
 1.177822E+08  3.364  4.083  2.957  8.380  5.304  0.0000  0.0000 4.32E-01 5.68E-01 0.0000 0.8323  0.029 0.1949 0.3498 4.09E-01  1.066 0.0936 0.1625  0.000  0.007  0.0000          
 1.177889E+08  3.364  4.077  2.932  8.381  5.311  0.0000  0.0000 4.32E-01 5.68E-01 0.0000 0.8323  0.028 0.1949 0.3470 4.12E-01  1.070 0.0944 0.1625  0.000  0.007  0.0000          
 1.177937E+08  3.365  4.073  2.913  8.382  5.316  0.0000  0.0000 4.32E-01 5.68E-01 0.0000 0.8323  0.027 0.1949 0.3441 4.13E-01  1.072 0.0949 0.1625  0.000  0.007  0.0000          
 1.177995E+08  3.365  4.067  2.889  8.384  5.322  0.0000  0.0000 4.32E-01 5.68E-01 0.0000 0.8323  0.025 0.1949 0.3441 4.17E-01  1.075 0.0958 0.1625  0.000  0.007  0.0000          
 1.178045E+08  3.365  4.061  2.867  8.385  5.327  0.0000  0.0000 4.32E-01 5.68E-01 0.0000 0.8323  0.024 0.1949 0.3412 4.19E-01  1.078 0.0963 0.1625  0.000  0.007  0.0000          
 1.178112E+08  3.366  4.054  2.838  8.387  5.334  0.0000  0.0000 4.32E-01 5.68E-01 0.0000 0.8323  0.022 0.1950 0.3384 4.22E-01  1.082 0.0968 0.1625  0.000  0.007  0.0000          
 1.178156E+08  3.366  4.049  2.817  8.388  5.339  0.0000  0.0000 4.32E-01 5.68E-01 0.0000 0.8323  0.021 0.1950 0.3384 4.27E-01  1.084 0.0973 0.1625  0.000  0.008  0.0000          
 1.178214E+08  3.367  4.042  2.789  8.390  5.345  0.0000  0.0000 4.32E-01 5.68E-01 0.0000 0.8323  0.020 0.1950 0.3336 4.30E-01  1.087 0.0983 0.1625  0.000  0.008  0.0000          
 1.178255E+08  3.367  4.037  2.769  8.391  5.350  0.0000  0.0000 4.32E-01 5.68E-01 0.0000 0.8323  0.019 0.1950 0.3317 4.32E-01  1.089 0.0987 0.1625  0.000  0.008  0.0000          
 1.178310E+08  3.367  4.030  2.740  8.392  5.356  0.0000  0.0000 4.32E-01 5.68E-01 0.0000 0.8323  0.018 0.1950 0.3299 4.35E-01  1.093 0.0992 0.1625  0.000  0.008  0.0000          
 1.178347E+08  3.368  4.025  2.721  8.393  5.360  0.0000  0.0000 4.32E-01 5.68E-01 0.0000 0.8323  0.018 0.1950 0.3299 4.40E-01  1.095 0.0996 0.1638  0.000  0.008  0.0000          
 1.178395E+08  3.368  4.019  2.694  8.394  5.366  0.0000  0.0000 4.32E-01 5.68E-01 0.0000 0.8323  0.017 0.1950 0.3280 4.44E-01  1.097 0.1000 0.1638  0.000  0.008  0.0000          
 1.178434E+08  3.368  4.013  2.671  8.395  5.370  0.0000  0.0000 4.32E-01 5.68E-01 0.0000 0.8323  0.016 0.1950 0.3262 4.44E-01  1.099 0.1008 0.1638  0.000  0.009  0.0000          
 1.178472E+08  3.369  4.008  2.648  8.397  5.374  0.0000  0.0000 4.32E-01 5.68E-01 0.0000 0.8323  0.015 0.1950 0.3243 4.50E-01  1.101 0.1011 0.1638  0.000  0.009  0.0000          
 1.178504E+08  3.369  4.003  2.629  8.397  5.378  0.0000  0.0000 4.32E-01 5.68E-01 0.0000 0.8323  0.015 0.1950 0.3224 4.51E-01  1.103 0.1014 0.1638  0.000  0.009  0.0000          
 1.178534E+08  3.369  3.998  2.610  8.398  5.382  0.0000  0.0000 4.32E-01 5.68E-01 0.0000 0.8323  0.014 0.1950 0.3224 4.56E-01  1.104 0.1017 0.1638  0.000  0.009  0.0000          
 1.178574E+08  3.369  3.992  2.584  8.399  5.386  0.0000  0.0000 4.32E-01 5.68E-01 0.0000 0.8323  0.013 0.1950 0.3205 4.59E-01  1.107 0.1020 0.1638  0.000  0.009  0.0000          
 1.178606E+08  3.370  3.986  2.562  8.400  5.390  0.0000  0.0000 4.32E-01 5.68E-01 0.0000 0.8323  0.013 0.1950 0.3186 4.60E-01  1.109 0.1026 0.1638  0.000  0.009  0.0000          
 1.178669E+08  3.370  3.975  2.518  8.402  5.397  0.0000  0.0000 4.32E-01 5.68E-01 0.0000 0.8323  0.012 0.1950 0.3148 4.65E-01  1.113 0.1031 0.1638  0.000  0.010  0.0000          
 1.178695E+08  3.370  3.970  2.498  8.403  5.400  0.0000  0.0000 4.32E-01 5.68E-01 0.0000 0.8323  0.011 0.1950 0.3148 4.69E-01  1.114 0.1037 0.1638  0.000  0.010  0.0000          
 1.178745E+08  3.371  3.961  2.460  8.404  5.406  0.0000  0.0000 4.32E-01 5.68E-01 0.0000 0.8323  0.011 0.1950 0.3129 4.74E-01  1.117 0.1042 0.1638  0.000  0.010  0.0000          
 1.178778E+08  3.371  3.955  2.434  8.405  5.410  0.0000  0.0000 4.32E-01 5.68E-01 0.0000 0.8323  0.010 0.1950 0.3110 4.80E-01  1.119 0.1047 0.1638  0.000  0.010  0.0000          
 1.178805E+08  3.371  3.949  2.412  8.406  5.414  0.0000  0.0000 4.32E-01 5.68E-01 0.0000 0.8323  0.010 0.1950 0.3091 4.81E-01  1.120 0.1047 0.1638  0.000  0.010  0.0000          
 1.178865E+08  3.372  3.937  2.361  8.408  5.421  0.0000  0.0000 4.32E-01 5.68E-01 0.0000 0.8323  0.009 0.1950 0.3072 4.84E-01  1.124 0.1058 0.1638  0.000  0.011  0.0000          
 1.178901E+08  3.372  3.929  2.330  8.409  5.425  0.0000  0.0000 4.32E-01 5.68E-01 0.0000 0.8323  0.008 0.1950 0.3052 4.91E-01  1.126 0.1058 0.1638  0.000  0.011  0.0000          
 1.178980E+08  3.372  3.910  2.253  8.411  5.435  0.0000  0.0000 4.32E-01 5.68E-01 0.0000 0.8323  0.007 0.1950 0.2994 4.96E-01  1.132 0.1069 0.1638  0.000  0.011  0.0000          
 1.179027E+08  3.373  3.898  2.205  8.412  5.441  0.0000  0.0000 4.32E-01 5.68E-01 0.0000 0.8323  0.007 0.1950 0.2965 5.07E-01  1.134 0.1075 0.1638  0.000  0.011  0.0000          
 1.179055E+08  3.373  3.890  2.175  8.413  5.444  0.0000  0.0000 4.32E-01 5.68E-01 0.0000 0.8323  0.006 0.1950 0.2945 5.15E-01  1.136 0.1079 0.1638  0.000  0.012  0.0000          
 1.179072E+08  3.373  3.885  2.156  8.414  5.447  0.0000  0.0000 4.32E-01 5.68E-01 0.0000 0.8323  0.006 0.1950 0.2936 5.19E-01  1.137 0.1079 0.1638  0.000  0.012  0.0000          
 1.179110E+08  3.373  3.875  2.114  8.415  5.451  0.0000  0.0000 4.32E-01 5.68E-01 0.0000 0.8323  0.006 0.1950 0.2916 5.22E-01  1.140 0.1083 0.1638  0.000  0.012  0.0000          
 1.179132E+08  3.373  3.868  2.087  8.415  5.454  0.0000  0.0000 4.32E-01 5.68E-01 0.0000 0.8323  0.006 0.1950 0.2896 5.27E-01  1.141 0.1089 0.1638  0.000  0.012  0.0000          
 1.179175E+08  3.373  3.855  2.033  8.417  5.460  0.0000  0.0000 4.32E-01 5.68E-01 0.0000 0.8323  0.005 0.1950 0.2876 5.33E-01  1.145 0.1094 0.1638  0.000  0.012  0.0000          
 1.179193E+08  3.373  3.849  2.010  8.417  5.462  0.0000  0.0000 4.32E-01 5.68E-01 0.0000 0.8323  0.005 0.1950 0.2857 5.38E-01  1.147 0.1094 0.1638  0.000  0.013  0.0000          
 1.179232E+08  3.372  3.835  1.956  8.418  5.467  0.0000  0.0000 4.32E-01 5.68E-01 0.0000 0.8323  0.005 0.1950 0.2837 5.42E-01  1.150 0.1099 0.1638  0.000  0.013  0.0000          
 1.179256E+08  3.372  3.827  1.923  8.419  5.470  0.0000  0.0000 4.32E-01 5.68E-01 0.0000 0.8323  0.005 0.1950 0.2817 5.49E-01  1.153 0.1104 0.1638  0.000  0.013  0.0000          
 1.179270E+08  3.372  3.822  1.904  8.420  5.472  0.0000  0.0000 4.32E-01 5.68E-01 0.0000 0.8323  0.004 0.1950 0.2807 5.53E-01  1.154 0.1104 0.1638  0.000  0.013  0.0000          
 1.179301E+08  3.372  3.811  1.858  8.420  5.476  0.0000  0.0000 4.32E-01 5.68E-01 0.0000 0.8323  0.004 0.1950 0.2787 5.56E-01  1.157 0.1108 0.1644  0.000  0.013  0.0000          
 1.179320E+08  3.371  3.803  1.829  8.421  5.479  0.0000  0.0000 4.32E-01 5.68E-01 0.0000 0.8323  0.004 0.1950 0.2777 5.62E-01  1.159 0.1108 0.1644  0.000  0.014  0.0000          
 1.179361E+08  3.370  3.786  1.762  8.422  5.484  0.0000  0.0000 4.32E-01 5.68E-01 0.0000 0.8323  0.004 0.1950 0.2747 5.66E-01  1.165 0.1117 0.1644  0.000  0.014  0.0000          
 1.179385E+08  3.370  3.775  1.719  8.423  5.487  0.0000  0.0000 4.32E-01 5.68E-01 0.0000 0.8323  0.004 0.1950 0.2737 5.74E-01  1.168 0.1117 0.1644  0.000  0.014  0.0000          
 1.179439E+08  3.368  3.752  1.627  8.425  5.495  0.0000  0.0000 4.32E-01 5.68E-01 0.0000 0.8323  0.003 0.1950 0.2701 5.80E-01  1.178 0.1125 0.1644  0.000  0.015  0.0000          
 1.179472E+08  3.366  3.742  1.589  8.426  5.499  0.0000  0.0000 4.32E-01 5.68E-01 0.0000 0.8323  0.003 0.1950 0.2679 5.91E-01  1.184 0.1129 0.1644  0.000  0.015  0.0000          
 1.179530E+08  3.362  3.731  1.547  8.427  5.507  0.0000  0.0000 4.32E-01 5.68E-01 0.0000 0.8323  0.003 0.1950 0.2638 6.04E-01  1.199 0.1134 0.1644  0.000  0.016  0.0000          
 1.179597E+08  3.356  3.724  1.526  8.429  5.516  0.0000  0.0000 4.32E-01 5.68E-01 0.0000 0.8323  0.002 0.1950 0.2596 6.24E-01  1.219 0.1142 0.1644  0.000  0.017  0.0000          
 1.179648E+08  3.353  3.719  1.510  8.431  5.523  0.0000  0.0000 4.32E-01 5.68E-01 0.0000 0.8323  0.002 0.1950 0.2565 6.42E-01  1.228 0.1151 0.1644  0.000  0.017  0.0000          
 1.179676E+08  3.352  3.718  1.505  8.432  5.527  0.0000  0.0000 4.32E-01 5.68E-01 0.0000 0.8323  0.002 0.1950 0.2549 6.49E-01  1.232 0.1154 0.1644  0.000  0.018  0.0000  Bagb    
 1.179737E+08  3.358  3.713  1.482  8.433  5.536  0.0000  0.0000 4.32E-01 5.68E-01 0.0000 0.8289  0.002 0.1950 0.2511 6.70E-01  1.220 0.1161 0.1650  0.000  0.018  0.0000          
 1.179796E+08  3.374  3.710  1.451  8.435  5.545  0.0000  0.0000 4.32E-01 5.68E-01 0.0000 0.8219  0.001 0.1951 0.2474 6.87E-01  1.179 0.1165 0.1650  0.000  0.018  0.0000          
 1.179859E+08  3.398  3.708  1.419  8.437  5.554  0.0000  0.0000 4.32E-01 5.68E-01 0.0000 0.7754  0.001 0.1951 0.2437 7.04E-01  1.122 0.1191 0.1650  0.000  0.018  0.0000          
 1.179909E+08  3.417  3.707  1.396  8.439  5.561  0.0000  0.0000 4.32E-01 5.68E-01 0.0000 0.7135  0.001 0.1951 0.2422 7.21E-01  1.081 0.1197 0.1650  0.000  0.017  0.0000          
 1.179965E+08  3.434  3.704  1.371  8.440  5.570  0.0000  0.0000 4.32E-01 5.68E-01 0.0000 0.6689  0.001 0.1951 0.2398 7.36E-01  1.049 0.1203 0.1650  0.000  0.017  0.0000          
 1.180043E+08  3.452  3.703  1.347  8.442  5.581  0.0000  0.0000 4.32E-01 5.68E-01 0.0000 0.6224  0.001 0.1951 0.2374 7.55E-01  1.020 0.1212 0.1650  0.000  0.018  0.0000          
 1.180171E+08  3.472  3.702  1.322  8.446  5.601  0.0000  0.0000 4.32E-01 5.68E-01 0.0000 0.5704  0.000 0.1951 0.2341 7.84E-01  1.000 0.1227 0.1656  0.000  0.018  0.0000          
 1.180335E+08  3.491  3.701  1.298  8.450  5.626  0.0000  0.0000 4.32E-01 5.68E-01 0.0000 0.5270  0.000 0.1951 0.2301 8.15E-01  0.989 0.1248 0.1662  0.000  0.019  0.0000          
 1.180514E+08  3.511  3.700  1.276  8.454  5.655  0.0000  0.0000 4.32E-01 5.68E-01 0.0000 0.4835  0.000 0.1951 0.2267 8.48E-01  0.981 0.1271 0.1662  0.000  0.021  0.0000          
 1.180678E+08  3.529  3.700  1.256  8.457  5.682  0.0000  0.0000 4.32E-01 5.68E-01 0.0000 0.4450  0.000 0.1951 0.2235 8.74E-01  0.977 0.1295 0.1667  0.000  0.022  0.0000          
 1.180840E+08  3.548  3.699  1.235  8.460  5.709  0.0000  0.0000 4.32E-01 5.68E-01 0.0000 0.4142  0.000 0.1951 0.2205 8.97E-01  0.972 0.1315 0.1678  0.000  0.024  0.0000          
 1.181003E+08  3.567  3.699  1.214  8.462  5.738  0.0000  0.0000 4.32E-01 5.68E-01 0.0000 0.3818  0.000 0.1951 0.2176 9.18E-01  0.969 0.1337 0.1684  0.000  0.025  0.0005          
 1.181160E+08  3.586  3.698  1.194  8.464  5.768  0.0000  0.0000 4.32E-01 5.68E-01 0.0000 0.3555  0.000 0.1951 0.2152 9.35E-01  0.965 0.1360 0.1689  0.000  0.027  0.0024          
 1.181305E+08  3.605  3.698  1.174  8.464  5.796  0.0000  0.0000 4.32E-01 5.68E-01 0.0000 0.3299  0.000 0.1951 0.2132 9.48E-01  0.961 0.1380 0.1695  0.000  0.029  0.0044          
 1.181446E+08  3.624  3.697  1.153  8.465  5.824  0.0000  0.0000 4.32E-01 5.68E-01 0.0000 0.3100  0.000 0.1951 0.2110 9.59E-01  0.958 0.1402 0.1700  0.000  0.031  0.0071          
 1.181580E+08  3.643  3.697  1.132  8.465  5.852  0.0000  0.0000 4.32E-01 5.68E-01 0.0000 0.2931  0.000 0.1951 0.2091 9.68E-01  0.955 0.1422 0.1706  0.000  0.033  0.0104          
 1.181708E+08  3.661  3.696  1.111  8.464  5.880  0.0000  0.0000 4.32E-01 5.68E-01 0.0000 0.2783  0.000 0.1951 0.2073 9.75E-01  0.953 0.1442 0.1713  0.000  0.034  0.0132          
 1.181831E+08  3.681  3.695  1.088  8.463  5.908  0.0000  0.0000 4.32E-01 5.68E-01 0.0000 0.2693  0.000 0.1951 0.2055 9.80E-01  0.950 0.1461 0.1720  0.000  0.036  0.0162          
 1.181946E+08  3.699  3.695  1.066  8.462  5.935  0.0000  0.0000 4.32E-01 5.68E-01 0.0000 0.2608  0.000 0.1951 0.0000 9.84E-01  0.948 0.1479 0.1728  0.000  0.038  0.0182          
 1.182062E+08  3.719  3.694  1.043  8.459  5.963  0.0000  0.0000 4.32E-01 5.68E-01 0.0000 0.2517  0.000 0.1951 0.0000 9.87E-01  0.946 0.1498 0.1735  0.000  0.040  0.0218          
 1.182177E+08  3.739  3.693  1.019  8.457  5.992  0.0000  0.0000 4.32E-01 5.68E-01 0.0000 0.2439  0.000 0.1951 0.0000 9.90E-01  0.943 0.1519 0.1743  0.000  0.042  0.0257          
 1.182277E+08  3.756  3.692  0.999  8.453  6.017  0.0000  0.0000 4.32E-01 5.68E-01 0.0000 0.2380  0.000 0.1951 0.0000 9.92E-01  0.941 0.1536 0.1750  0.000  0.044  0.0286          
 1.182376E+08  3.775  3.692  0.978  8.449  6.044  0.0000  0.0000 4.32E-01 5.68E-01 0.0000 0.2329  0.000 0.1951 0.0000 9.93E-01  0.939 0.1553 0.1757  0.000  0.046  0.0330          
 1.182475E+08  3.794  3.691  0.957  8.443  6.072  0.0000  0.0000 4.32E-01 5.68E-01 0.0000 0.2280  0.000 0.1951 0.0000 9.94E-01  0.937 0.1570 0.1764  0.000  0.048  0.0362          
 1.182574E+08  3.814  3.691  0.935  8.437  6.100  0.0000  0.0000 4.32E-01 5.68E-01 0.0000 0.2238  0.000 0.1951 0.0000 9.95E-01  0.935 0.1588 0.1773  0.000  0.051  0.0392          
 1.182673E+08  3.835  3.690  0.913  8.430  6.130  0.0000  0.0000 4.32E-01 5.68E-01 0.0000 0.2201  0.000 0.1951 0.0000 9.95E-01  0.933 0.1607 0.1779  0.000  0.053  0.0436          
 1.182772E+08  3.855  3.689  0.889  8.422  6.160  0.0000  0.0000 4.32E-01 5.68E-01 0.0000 0.2166  0.000 0.1951 0.0000 9.95E-01  0.932 0.1625 0.1790  0.000  0.055  0.0483          
 1.182855E+08  3.874  3.689  0.870  8.414  6.186  0.0000  0.0000 4.32E-01 5.68E-01 0.0000 0.2142  0.000 0.1951 0.0000 9.95E-01  0.930 0.1641 0.1798  0.000  0.057  0.0515          
 1.182937E+08  3.892  3.688  0.848  8.406  6.213  0.0000  0.0000 4.32E-01 5.68E-01 0.0000 0.2120  0.000 0.1951 0.0000 9.95E-01  0.929 0.1657 0.1805  0.000  0.059  0.0556          
 1.183020E+08  3.911  3.688  0.827  8.396  6.241  0.0000  0.0000 4.32E-01 5.68E-01 0.0000 0.2100  0.000 0.1951 0.0000 9.94E-01  0.928 0.1674 0.1814  0.000  0.061  0.0600          
 1.183098E+08  3.929  3.687  0.806  8.387  6.268  0.0000  0.0000 4.32E-01 5.68E-01 0.0000 0.2080  0.000 0.1951 0.0000 9.92E-01  0.922 0.1691 0.1822  0.000  0.063  0.0624          
 1.183176E+08  3.948  3.686  0.782  8.376  6.296  0.0000  0.0000 4.32E-01 5.68E-01 0.0000 0.2067  0.000 0.1951 0.0000 9.90E-01  0.920 0.1707 0.1833  0.000  0.065  0.0673          
 1.183254E+08  3.967  3.684  0.757  8.365  6.324  0.0000  0.0000 4.32E-01 5.68E-01 0.0000 0.2056  0.000 0.1951 0.0000 9.84E-01  0.919 0.1724 0.1843  0.000  0.067  0.0712          
 1.183332E+08  3.987  3.683  0.733  8.353  6.353  0.0000  0.0000 4.32E-01 5.68E-01 0.0000 0.2046  0.000 0.1951 0.0000 9.74E-01  0.917 0.1742 0.1853  0.000  0.069  0.0760          
 1.183401E+08  4.005  3.683  0.712  8.342  6.380  0.0000  0.0000 4.32E-01 5.68E-01 0.0000 0.2039  0.000 0.1951 0.0000 9.54E-01  0.916 0.1758 0.1862  0.000  0.070  0.0795          
 1.183470E+08  4.023  3.682  0.691  8.330  6.407  0.0000  0.0000 4.32E-01 5.68E-01 0.0000 0.2032  0.000 0.1951 0.0000 9.11E-01  0.915 0.1774 0.1872  0.000  0.072  0.0836          
 1.183548E+08  4.043  3.681  0.669  8.318  6.438  0.0000  0.0000 4.32E-01 5.68E-01 0.0000 0.2025  0.000 0.1951 0.0000 7.87E-01  0.914 0.1793 0.1884  0.000  0.073  0.0877          
 1.183626E+08  4.062  3.680  0.646  8.305  6.470  0.0000  0.0000 4.32E-01 5.68E-01 0.0000 0.2018  0.000 0.1951 0.0000 5.07E-01  0.913 0.1812 0.1897  0.000  0.075  0.0931          
 1.183714E+08  4.080  3.680  0.627  8.290  6.507  0.0000  0.0000 4.32E-01 5.68E-01 0.0000 0.2009  0.000 0.1951 0.0000 1.04E-01  0.903 0.1834 0.1912  0.000  0.077  0.0983          
 1.183801E+08  4.099  3.680  0.607  8.275  6.545  0.0000  0.0000 4.32E-01 5.68E-01 0.0000 0.2007  0.000 0.1951 0.0000 1.27E-02  0.907 0.1857 0.1928  0.000  0.080  0.1047          
 1.183883E+08  4.117  3.679  0.586  8.260  6.581  0.0000  0.0000 4.32E-01 5.68E-01 0.0000 0.2006  0.000 0.1953 0.1982 1.20E-03  0.899 0.1878 0.1943  0.000  0.081  0.1094          
 1.183947E+08  4.122  3.679  0.581  8.249  6.610  0.0000  0.0000 4.32E-01 5.68E-01 0.0000 0.2006  0.000 0.1963 0.1990 1.26E-04  0.895 0.1895 0.1956  0.000  0.084  0.1148  Ldumax  
 1.184053E+08  4.104  3.680  0.602  8.231  6.658  0.0000  0.0000 4.32E-01 5.68E-01 0.0000 0.2006  0.012 0.1981 0.1994 2.19E-05  0.866 0.1924 0.1977  0.000  0.095  0.1215          
 1.184085E+08  4.085  3.680  0.624  8.226  6.673  0.0000  0.0000 4.32E-01 5.68E-01 0.0000 0.2006  0.029 0.1987 0.1997 2.22E-05  0.839 0.1933 0.1982  0.000  0.101  0.1238          
 1.184105E+08  4.067  3.681  0.644  8.222  6.683  0.0000  0.0000 4.32E-01 5.68E-01 0.0000 0.2006  0.043 0.1990 0.1998 4.15E-05  0.818 0.1938 0.1986  0.000  0.106  0.1251          
 1.184122E+08  4.048  3.682  0.666  8.220  6.690  0.0000  0.0000 4.32E-01 5.68E-01 0.0000 0.2006  0.057 0.1992 0.2000 1.11E-04  0.790 0.1941 0.1989  0.000  0.112  0.1263          
 1.184131E+08  4.030  3.683  0.688  8.218  6.695  0.0000  0.0000 4.32E-01 5.68E-01 0.0000 0.2006  0.076 0.1993 0.2000 1.47E-04  0.775 0.1944 0.1990  0.000  0.118  0.1274          
 1.184144E+08  4.011  3.683  0.709  8.216  6.700  0.0000  0.0000 4.32E-01 5.68E-01 0.0000 0.2006  0.061 0.1995 0.2001 1.86E-04  0.789 0.1946 0.1992  0.000  0.123  0.1274          
 1.184153E+08  3.994  3.684  0.730  8.214  6.705  0.0000  0.0000 4.32E-01 5.68E-01 0.0000 0.2006  0.075 0.1996 0.2002 3.08E-04  0.758 0.1948 0.1993  0.000  0.129  0.1285          
 1.184160E+08  3.976  3.685  0.750  8.213  6.708  0.0000  0.0000 4.32E-01 5.68E-01 0.0000 0.2006  0.089 0.1997 0.2002 3.86E-04  0.734 0.1950 0.1994  0.000  0.135  0.1285          
 1.184169E+08  3.956  3.686  0.774  8.212  6.712  0.0000  0.0000 4.32E-01 5.68E-01 0.0000 0.2006  0.086 0.1998 0.2003 4.43E-04  0.735 0.1951 0.1995  0.000  0.142  0.1295          
 1.184176E+08  3.938  3.687  0.796  8.211  6.715  0.0000  0.0000 4.32E-01 5.68E-01 0.0000 0.2006  0.090 0.1998 0.2004 5.06E-04  0.729 0.1952 0.1996  0.000  0.148  0.1295          
 1.184184E+08  3.917  3.688  0.823  8.209  6.719  0.0000  0.0000 4.32E-01 5.68E-01 0.0000 0.2006  0.099 0.1999 0.2004 6.00E-04  0.712 0.1954 0.1996  0.000  0.155  0.1295          
 1.184191E+08  3.897  3.689  0.847  8.208  6.722  0.0000  0.0000 4.32E-01 5.68E-01 0.0000 0.2006  0.102 0.2000 0.2005 7.27E-04  0.704 0.1955 0.1997  0.000  0.163  0.1315          
 1.184197E+08  3.879  3.690  0.868  8.207  6.725  0.0000  0.0000 4.32E-01 5.68E-01 0.0000 0.2006  0.105 0.2000 0.2005 9.10E-04  0.696 0.1956 0.1998  0.000  0.170  0.1315          
 1.184204E+08  3.859  3.691  0.891  8.206  6.728  0.0000  0.0000 4.32E-01 5.68E-01 0.0000 0.2006  0.108 0.2001 0.2006 1.41E-03  0.678 0.1957 0.1998  0.000  0.178  0.1315          
 1.184213E+08  3.837  3.691  0.916  8.204  6.731  0.0000  0.0000 4.32E-01 5.68E-01 0.0000 0.2006  0.117 0.2002 0.2006 1.76E-03  0.681 0.1958 0.1999  0.000  0.188  0.1325          
 1.184223E+08  3.814  3.692  0.942  8.202  6.736  0.0000  0.0000 4.32E-01 5.68E-01 0.0000 0.2006  0.113 0.2002 0.2006 2.48E-03  0.677 0.1959 0.2000  0.000  0.197  0.1325          
 1.184231E+08  3.793  3.693  0.966  8.201  6.739  0.0000  0.0000 4.32E-01 5.68E-01 0.0000 0.2006  0.157 0.2003 0.2006 3.17E-03  0.598 0.1960 0.2000  0.000  0.207  0.1334          
 1.184238E+08  3.776  3.694  0.987  8.200  6.742  0.0000  0.0000 4.32E-01 5.68E-01 0.0000 0.2006  0.143 0.2003 0.2007 3.81E-03  0.638 0.1961 0.2001  0.000  0.215  0.1334          
 1.184253E+08  3.757  3.695  1.008  8.197  6.748  0.0000  0.0000 4.32E-01 5.68E-01 0.0000 0.2006  0.104 0.2004 0.2008 7.65E-03  0.643 0.1962 0.2002  0.000  0.223  0.1344          
 1.184264E+08  3.738  3.695  1.031  8.195  6.752  0.0000  0.0000 4.32E-01 5.68E-01 0.0000 0.2006  0.187 0.2005 0.2008 8.12E-03  0.537 0.1964 0.2003  0.000  0.233  0.1353          
 1.184271E+08  3.719  3.696  1.052  8.194  6.755  0.0000  0.0000 4.32E-01 5.68E-01 0.0000 0.2007  0.084 0.2005 0.2009 2.80E-02  0.700 0.1964 0.2003  0.000  0.242  0.1353          
 1.184279E+08  3.694  3.697  1.083  8.192  6.758  0.0000  0.0000 4.32E-01 5.68E-01 0.0000 0.2007  0.168 0.2006 0.2008 1.52E-02  0.592 0.1965 0.2004  0.000  0.255  0.1353          
 1.184287E+08  3.686  3.698  1.091  8.191  6.761  0.0000  0.0000 4.32E-01 5.68E-01 0.0000 0.2007  0.672 0.2006 0.2008 2.89E-03  0.232 0.1966 0.2004  0.000  0.259  0.1372  Ldumin  
 1.184292E+08  3.706  3.697  1.068  8.190  6.763  0.0000  0.0000 4.32E-01 5.68E-01 0.0000 0.2008  0.772 0.2006 0.2007 1.54E-03  0.103 0.1966 0.2004  0.000  0.247  0.1372          
 1.184295E+08  3.732  3.696  1.037  8.189  6.765  0.0000  0.0000 4.32E-01 5.68E-01 0.0000 0.2008  0.717 0.2006 0.2008 1.54E-03  0.080 0.1966 0.2005  0.000  0.233  0.1372          
 1.184299E+08  3.757  3.694  1.008  8.189  6.766  0.0000  0.0000 4.32E-01 5.68E-01 0.0000 0.2008  0.652 0.2006 0.2008 1.61E-03  0.068 0.1966 0.2005  0.000  0.220  0.1372          
 1.184306E+08  3.776  3.694  0.986  8.188  6.769  0.0000  0.0000 4.32E-01 5.68E-01 0.0000 0.2008  0.565 0.2006 0.2008 1.73E-03  0.057 0.1967 0.2005  0.000  0.209  0.1372          
 1.184348E+08  3.794  3.693  0.965  8.180  6.783  0.0000  0.0000 4.32E-01 5.68E-01 0.0000 0.2008  0.818 0.2007 0.2008 1.27E-03  0.086 0.1968 0.2006  0.000  0.194  0.1389          
 1.184364E+08  3.797  3.693  0.961  8.177  6.788  0.0000  0.0000 4.32E-01 5.68E-01 0.0000 0.2009  0.770 0.2007 0.2009 1.31E-03  0.159 0.1969 0.2006  0.000  0.189  0.1407  1tp
