#age/yr        logL   logTef lgrav  logTc  logrho Xc      Yc     Xc_C     Xc_O     Q_conv Q_disc  L_H/L Q1_H   Q2_H   f_pp      L_He/L Q1_He  Q2_He  L_C/L  L_nu/L Q_Tmax  stage
 0.000000E+00  3.581  4.596  5.107  7.825  2.124  0.7628  0.2372 1.71E-21 5.35E-33 0.2994 0.5066  1.004 0.0000 0.8506 1.00E+00  0.000 0.0000 0.0000  0.000  0.000  0.0000  ZAMS                
 9.505111E+05  3.597  4.598  5.098  7.832  2.137  0.7377  0.2623 2.21E-20 4.95E-31 0.3004 0.7031  1.001 0.0000 0.8473 1.00E+00  0.000 0.0000 0.0000  0.000  0.000  0.0000          
 2.225975E+06  3.612  4.601  5.097  7.841  2.157  0.7161  0.2839 1.17E-19 5.30E-30 0.2966 0.7510  1.001 0.0000 0.8473 1.00E+00  0.000 0.0000 0.0000  0.000  0.000  0.0000          
 3.245856E+06  3.627  4.604  5.095  7.849  2.178  0.6978  0.3022 1.64E-20 5.80E-21 0.2807 0.7692  1.001 0.0000 0.8506 1.00E+00  0.000 0.0000 0.0000  0.000  0.000  0.0000          
 4.313098E+06  3.640  4.607  5.093  7.858  2.198  0.6778  0.3222 7.62E-20 2.58E-20 0.2773 0.7890  1.001 0.0000 0.8506 1.00E+00  0.000 0.0000 0.0000  0.000  0.000  0.0000          
 5.246790E+06  3.654  4.610  5.090  7.866  2.218  0.6594  0.3406 2.97E-19 9.67E-20 0.2621 0.7979  1.001 0.0000 0.8506 1.00E+00  0.000 0.0000 0.0000  0.000  0.000  0.0000          
 6.286831E+06  3.669  4.613  5.087  7.875  2.240  0.6380  0.3620 1.40E-18 4.35E-19 0.2584 0.8106  1.001 0.0000 0.8538 1.00E+00  0.000 0.0000 0.0000  0.000  0.000  0.0000          
 7.161958E+06  3.683  4.616  5.084  7.884  2.263  0.6190  0.3810 5.54E-18 1.64E-18 0.2413 0.8186  1.001 0.0000 0.8538 1.00E+00  0.000 0.0000 0.0000  0.000  0.000  0.0000          
 8.060451E+06  3.697  4.619  5.082  7.893  2.285  0.5986  0.4014 2.37E-17 6.70E-18 0.2395 0.8224  1.001 0.0000 0.8538 1.00E+00  0.000 0.0000 0.0000  0.000  0.000  0.0000          
 8.877082E+06  3.712  4.622  5.078  7.902  2.310  0.5792  0.4208 9.33E-17 2.53E-17 0.2208 0.8299  1.001 0.0000 0.8569 1.00E+00  0.000 0.0000 0.0000  0.000  0.000  0.0000          
 9.704763E+06  3.726  4.625  5.075  7.912  2.334  0.5585  0.4415 4.00E-16 1.03E-16 0.2183 0.8336  1.001 0.0000 0.8569 1.00E+00  0.000 0.0000 0.0000  0.000  0.000  0.0000          
 1.051701E+07  3.742  4.627  5.072  7.922  2.362  0.5373  0.4627 1.73E-15 4.25E-16 0.2045 0.8406  1.001 0.0000 0.8569 1.00E+00  0.000 0.0000 0.0000  0.000  0.000  0.0000          
 1.127812E+07  3.757  4.630  5.068  7.932  2.389  0.5163  0.4837 7.47E-15 1.75E-15 0.1967 0.8440  1.001 0.0000 0.8599 1.00E+00  0.000 0.0000 0.0000  0.000  0.000  0.0000          
 1.202709E+07  3.772  4.633  5.064  7.942  2.418  0.4948  0.5052 3.20E-14 7.13E-15 0.1895 0.8473  1.001 0.0000 0.8599 9.99E-01  0.000 0.0000 0.0000  0.000  0.000  0.0000          
 1.274508E+07  3.787  4.636  5.059  7.953  2.448  0.4730  0.5270 1.39E-13 2.93E-14 0.1745 0.8506  1.002 0.0000 0.8599 9.93E-01  0.000 0.0000 0.0000  0.000  0.000  0.0000          
 1.357583E+07  3.803  4.637  5.050  7.964  2.473  0.4464  0.5536 6.89E-13 1.39E-13 0.1716 0.8538  1.004 0.0000 0.8569 9.56E-01  0.000 0.0000 0.0000  0.000  0.000  0.0000  Tmax    
 1.475823E+07  3.817  4.634  5.023  7.970  2.473  0.4090  0.5910 2.95E-12 5.79E-13 0.1911 0.8599  1.007 0.0000 0.8371 8.10E-01  0.000 0.0000 0.0000  0.000  0.000  0.0000          
 1.562768E+07  3.828  4.630  4.997  7.971  2.463  0.3821  0.6179 5.28E-12 1.03E-12 0.2000 0.8629  1.008 0.0000 0.8186 6.87E-01  0.000 0.0000 0.0000  0.000  0.000  0.0000          
 1.645332E+07  3.838  4.626  4.970  7.972  2.454  0.3577  0.6423 7.71E-12 1.51E-12 0.2117 0.8629  1.008 0.0000 0.8022 5.84E-01  0.000 0.0000 0.0000  0.000  0.000  0.0000          
 1.715138E+07  3.848  4.622  4.943  7.973  2.448  0.3332  0.6668 1.04E-11 2.02E-12 0.2093 0.8658  1.008 0.0000 0.7844 4.97E-01  0.000 0.0000 0.0000  0.000  0.000  0.0000          
 1.777203E+07  3.857  4.618  4.918  7.974  2.442  0.3105  0.6895 1.31E-11 2.55E-12 0.2093 0.8658  1.008 0.0000 0.7692 4.27E-01  0.000 0.0000 0.0000  0.000  0.000  0.0000          
 1.841138E+07  3.866  4.613  4.891  7.975  2.437  0.2865  0.7135 1.64E-11 3.17E-12 0.2109 0.8658  1.008 0.0000 0.7510 3.61E-01  0.000 0.0000 0.0000  0.000  0.000  0.0000          
 1.898433E+07  3.875  4.609  4.865  7.976  2.433  0.2642  0.7358 1.98E-11 3.81E-12 0.2085 0.8658  1.008 0.0000 0.7315 3.08E-01  0.000 0.0000 0.0000  0.000  0.000  0.0000          
 1.949116E+07  3.883  4.605  4.841  7.977  2.430  0.2437  0.7563 2.33E-11 4.48E-12 0.2061 0.8658  1.008 0.0000 0.7176 2.65E-01  0.000 0.0000 0.0000  0.000  0.000  0.0000          
 1.999472E+07  3.891  4.601  4.815  7.978  2.428  0.2225  0.7775 2.75E-11 5.25E-12 0.2038 0.8687  1.008 0.0000 0.7031 2.26E-01  0.000 0.0000 0.0000  0.000  0.000  0.0000          
 2.043705E+07  3.898  4.596  4.791  7.979  2.427  0.2032  0.7968 3.19E-11 6.06E-12 0.2015 0.8687  1.008 0.0000 0.6877 1.95E-01  0.000 0.0000 0.0000  0.000  0.000  0.0000          
 2.086727E+07  3.906  4.592  4.766  7.980  2.426  0.1837  0.8163 3.70E-11 7.00E-12 0.1985 0.8687  1.008 0.0000 0.6716 1.67E-01  0.000 0.0000 0.0000  0.000  0.000  0.0000          
 2.127574E+07  3.914  4.588  4.740  7.982  2.425  0.1644  0.8356 4.30E-11 8.08E-12 0.1945 0.8687  1.009 0.0000 0.6504 1.42E-01  0.000 0.0000 0.0000  0.000  0.000  0.0000          
 2.162546E+07  3.921  4.583  4.717  7.983  2.426  0.1471  0.8529 4.93E-11 9.20E-12 0.1902 0.8687  1.009 0.0000 0.6303 1.23E-01  0.000 0.0000 0.0000  0.000  0.000  0.0000          
 2.195131E+07  3.928  4.579  4.693  7.984  2.428  0.1304  0.8696 5.66E-11 1.05E-11 0.1867 0.8687  1.009 0.0000 0.6162 1.06E-01  0.000 0.0000 0.0000  0.000  0.000  0.0000          
 2.227041E+07  3.934  4.575  4.669  7.986  2.431  0.1132  0.8868 6.57E-11 1.21E-11 0.1818 0.8687  1.009 0.0000 0.6016 9.13E-02  0.000 0.0000 0.0000  0.000  0.000  0.0000          
 2.261305E+07  3.942  4.570  4.642  7.989  2.436  0.0940  0.9060 7.88E-11 1.44E-11 0.1788 0.8687  1.009 0.0000 0.5786 7.72E-02  0.000 0.0000 0.0000  0.000  0.000  0.0000          
 2.294622E+07  3.949  4.565  4.615  7.992  2.443  0.0745  0.9255 9.66E-11 1.74E-11 0.1759 0.8687  1.009 0.0000 0.5626 6.53E-02  0.000 0.0000 0.0000  0.000  0.000  0.0000          
 2.325738E+07  3.957  4.560  4.588  7.996  2.453  0.0556  0.9444 1.23E-10 2.16E-11 0.1708 0.8687  1.009 0.0000 0.5396 5.58E-02  0.000 0.0000 0.0000  0.000  0.000  0.0000          
 2.353702E+07  3.964  4.556  4.564  8.001  2.468  0.0377  0.9623 1.64E-10 2.83E-11 0.1645 0.8687  1.008 0.0000 0.5200 4.91E-02  0.000 0.0000 0.0000  0.000  0.000  0.0000          
 2.384910E+07  3.974  4.553  4.543  8.012  2.502  0.0165  0.9835 2.86E-10 4.71E-11 0.1597 0.8687  1.002 0.0000 0.5066 4.53E-02  0.000 0.0000 0.0000  0.000  0.000  0.0000  Tmin    
 2.402560E+07  3.984  4.557  4.547  8.031  2.564  0.0042  0.9958 6.46E-10 9.81E-11 0.1535 0.8687  0.974 0.0000 0.5200 5.18E-02  0.000 0.0000 0.0000  0.000  0.000  0.0000          
 2.406431E+07  3.992  4.561  4.557  8.045  2.613  0.0015  0.9985 1.16E-09 1.66E-10 0.1489 0.8687  0.916 0.0000 0.5396 6.16E-02  0.000 0.0000 0.0000  0.000  0.000  0.0000          
 2.407946E+07  4.001  4.566  4.565  8.060  2.670  0.0005  0.9995 2.09E-09 2.82E-10 0.1385 0.8687  0.800 0.0000 0.5707 7.95E-02  0.000 0.0000 0.0015  0.000  0.000  0.0000          
 2.408652E+07  4.010  4.570  4.572  8.077  2.744  0.0001  0.9999 4.70E-09 5.88E-10 0.1135 0.8687  0.492 0.0000 0.6438 1.46E-01  0.000 0.0000 0.0143  0.000  0.000  0.0000          
 2.409052E+07  4.021  4.574  4.578  8.096  2.859  0.0000  1.0000 2.93E-06 1.78E-09 0.0000 0.8687  0.201 0.0317 0.8146 4.15E-01  0.000 0.0000 0.0317  0.000  0.000  0.0000          
 2.409420E+07  4.032  4.578  4.582  8.113  2.974  0.0000  1.0000 3.60E-05 3.06E-09 0.0000 0.8687  0.287 0.0635 0.7935 3.33E-01  0.001 0.0000 0.0456  0.000  0.000  0.0000          
 2.409902E+07  4.044  4.582  4.587  8.133  3.099  0.0000  0.9997 3.34E-04 5.30E-08 0.0000 0.8687  0.448 0.0818 0.7447 2.46E-01  0.005 0.0000 0.0517  0.000  0.000  0.0000          
 2.410763E+07  4.055  4.585  4.590  8.161  3.238  0.0000  0.9981 1.95E-03 1.08E-06 0.0137 0.8687  0.761 0.1095 0.6632 1.64E-01  0.047 0.0000 0.0517  0.000  0.000  0.0000          
 2.411164E+07  4.056  4.586  4.591  8.168  3.269  0.0000  0.9970 2.97E-03 2.28E-06 0.0231 0.8687  0.842 0.1135 0.6504 1.50E-01  0.083 0.0000 0.0456  0.000  0.000  0.0000  T2max   
 2.415122E+07  4.059  4.581  4.570  8.182  3.290  0.0000  0.9774 2.25E-02 8.60E-05 0.0502 0.8687  0.770 0.1413 0.6371 1.60E-01  0.228 0.0000 0.0448  0.000  0.000  0.0000  Blp     
 2.419899E+07  4.068  4.586  4.578  8.187  3.259  0.0000  0.9618 3.79E-02 2.65E-04 0.0770 0.8687  0.717 0.1477 0.6569 1.84E-01  0.259 0.0000 0.0490  0.000  0.000  0.0000          
 2.425244E+07  4.065  4.591  4.602  8.191  3.241  0.0000  0.9386 6.07E-02 6.54E-04 0.0840 0.8687  0.687 0.1524 0.6632 2.10E-01  0.297 0.0000 0.0527  0.000  0.000  0.0000          
 2.433065E+07  4.063  4.596  4.623  8.196  3.225  0.0000  0.9024 9.59E-02 1.64E-03 0.0915 0.8687  0.642 0.1592 0.6716 2.42E-01  0.350 0.0000 0.0600  0.000  0.000  0.0000          
 2.447470E+07  4.061  4.600  4.643  8.203  3.211  0.0000  0.8290 1.66E-01 5.12E-03 0.1017 0.8687  0.564 0.1666 0.6877 2.96E-01  0.435 0.0000 0.0602  0.000  0.000  0.0000          
 2.468485E+07  4.061  4.603  4.655  8.214  3.203  0.0000  0.7198 2.66E-01 1.47E-02 0.1157 0.8687  0.457 0.1761 0.7104 3.83E-01  0.549 0.0000 0.0671  0.000  0.000  0.0000  Lpt     
 2.512167E+07  4.069  4.599  4.631  8.237  3.232  0.0000  0.4641 4.71E-01 6.49E-02 0.1336 0.8687  0.313 0.1876 0.7176 5.17E-01  0.698 0.0000 0.0745  0.000  0.000  0.0000          
 2.532431E+07  4.076  4.595  4.607  8.251  3.265  0.0000  0.3387 5.48E-01 1.13E-01 0.1385 0.8687  0.275 0.1916 0.7104 5.50E-01  0.736 0.0000 0.0782  0.000  0.000  0.0000          
 2.550919E+07  4.083  4.591  4.583  8.268  3.313  0.0000  0.2226 5.95E-01 1.83E-01 0.1388 0.8687  0.256 0.1947 0.6955 5.61E-01  0.753 0.0000 0.0820  0.000  0.000  0.0000          
 2.569887E+07  4.093  4.587  4.558  8.292  3.386  0.0000  0.1184 5.88E-01 2.94E-01 0.1388 0.8687  0.263 0.1981 0.6632 5.31E-01  0.742 0.0000 0.0857  0.000  0.000  0.0000          
 2.585320E+07  4.103  4.583  4.533  8.317  3.472  0.0000  0.0533 5.27E-01 4.20E-01 0.1347 0.8687  0.309 0.2019 0.5941 4.45E-01  0.694 0.0000 0.0894  0.000  0.001  0.0000          
 2.592939E+07  4.108  4.579  4.509  8.333  3.534  0.0000  0.0289 4.81E-01 4.90E-01 0.1264 0.8687  0.377 0.2042 0.5332 3.49E-01  0.636 0.0000 0.0894  0.000  0.001  0.0000          
 2.596783E+07  4.111  4.574  4.487  8.344  3.581  0.0000  0.0180 4.55E-01 5.27E-01 0.1214 0.8687  0.435 0.2053 0.4997 2.85E-01  0.591 0.0000 0.0857  0.000  0.001  0.0000          
 2.599345E+07  4.113  4.569  4.467  8.353  3.622  0.0000  0.0114 4.37E-01 5.52E-01 0.1149 0.8687  0.488 0.2065 0.4712 2.40E-01  0.539 0.0000 0.0857  0.000  0.001  0.0000          
 2.601268E+07  4.115  4.564  4.445  8.364  3.669  0.0000  0.0067 4.23E-01 5.70E-01 0.1097 0.8687  0.557 0.2069 0.4487 1.96E-01  0.484 0.0000 0.0856  0.000  0.001  0.0000          
 2.602481E+07  4.115  4.559  4.427  8.373  3.710  0.0000  0.0040 4.15E-01 5.81E-01 0.1048 0.8687  0.609 0.2077 0.4227 1.69E-01  0.433 0.0000 0.1431  0.000  0.001  0.0000  Yc=0    
 2.603441E+07  4.114  4.555  4.409  8.385  3.762  0.0000  0.0020 4.09E-01 5.89E-01 0.0956 0.8687  0.686 0.2081 0.4011 1.40E-01  0.356 0.0000 0.1477  0.000  0.001  0.0000          
 2.604204E+07  4.113  4.550  4.391  8.400  3.831  0.0000  0.0007 4.05E-01 5.94E-01 0.0832 0.8687  0.797 0.2085 0.3729 1.12E-01  0.237 0.0000 0.1552  0.000  0.002  0.0000          
 2.604713E+07  4.110  4.545  4.376  8.417  3.912  0.0000  0.0001 4.04E-01 5.96E-01 0.0516 0.8687  0.945 0.2089 0.3494 8.83E-02  0.072 0.0000 0.1668  0.000  0.002  0.0000          
 2.605081E+07  4.105  4.541  4.362  8.431  4.002  0.0000  0.0000 4.04E-01 5.96E-01 0.0000 0.8687  1.088 0.2089 0.3254 6.96E-02  0.016 0.0456 0.1789  0.000  0.003  0.0000          
 2.605409E+07  4.098  4.535  4.347  8.444  4.081  0.0000  0.0000 4.04E-01 5.96E-01 0.0000 0.8687  1.135 0.2093 0.3079 6.00E-02  0.030 0.0492 0.1775  0.000  0.003  0.0000          
 2.605666E+07  4.093  4.530  4.333  8.455  4.140  0.0000  0.0000 4.04E-01 5.96E-01 0.0000 0.8687  1.131 0.2093 0.3013 5.53E-02  0.051 0.0538 0.1761  0.000  0.004  0.0000          
 2.605932E+07  4.086  4.525  4.316  8.466  4.200  0.0000  0.0000 4.04E-01 5.96E-01 0.0000 0.8687  1.100 0.2097 0.2947 5.21E-02  0.095 0.0584 0.1745  0.000  0.005  0.0000          
 2.606205E+07  4.081  4.518  4.296  8.477  4.256  0.0000  0.0000 4.04E-01 5.96E-01 0.0000 0.8687  1.038 0.2097 0.2916 5.05E-02  0.186 0.0615 0.1729  0.000  0.006  0.0000          
 2.606383E+07  4.078  4.514  4.280  8.483  4.290  0.0000  0.0000 4.04E-01 5.96E-01 0.0000 0.8687  0.972 0.2097 0.2916 5.09E-02  0.291 0.0630 0.1713  0.000  0.007  0.0000          
 2.606565E+07  4.077  4.509  4.263  8.488  4.321  0.0000  0.0000 4.04E-01 5.96E-01 0.0000 0.8687  0.878 0.2101 0.2947 5.29E-02  0.445 0.0678 0.1713  0.000  0.007  0.0000          
 2.606663E+07  4.076  4.506  4.253  8.490  4.335  0.0000  0.0000 4.04E-01 5.96E-01 0.0000 0.8687  0.816 0.2101 0.2947 5.50E-02  0.543 0.0678 0.1697  0.000  0.007  0.0000  Lmin    
 2.606901E+07  4.078  4.500  4.227  8.492  4.366  0.0000  0.0000 4.04E-01 5.96E-01 0.0000 0.8687  0.658 0.2101 0.3079 6.24E-02  0.756 0.0710 0.1697  0.000  0.008  0.0000          
 2.607233E+07  4.085  4.492  4.188  8.494  4.405  0.0000  0.0000 4.04E-01 5.96E-01 0.0000 0.8687  0.488 0.2101 0.3218 7.48E-02  0.878 0.0727 0.1697  0.000  0.008  0.0000          
 2.607572E+07  4.094  4.485  4.149  8.498  4.445  0.0000  0.0000 4.04E-01 5.96E-01 0.0000 0.8687  0.378 0.2105 0.3291 8.61E-02  0.912 0.0750 0.1697  0.000  0.008  0.0000          
 2.607906E+07  4.104  4.479  4.113  8.503  4.485  0.0000  0.0000 4.04E-01 5.96E-01 0.0000 0.8687  0.302 0.2105 0.3363 9.59E-02  0.938 0.0772 0.1697  0.000  0.008  0.0000          
 2.608241E+07  4.113  4.473  4.081  8.508  4.525  0.0000  0.0000 4.04E-01 5.96E-01 0.0000 0.8687  0.244 0.2105 0.3434 1.05E-01  0.966 0.0800 0.1697  0.000  0.009  0.0000          
 2.608581E+07  4.119  4.467  4.053  8.514  4.565  0.0000  0.0000 4.04E-01 5.96E-01 0.0000 0.8687  0.199 0.2105 0.3494 1.15E-01  0.994 0.0816 0.1697  0.000  0.009  0.0000          
 2.608925E+07  4.122  4.461  4.028  8.520  4.605  0.0000  0.0000 4.04E-01 5.96E-01 0.0000 0.8687  0.162 0.2105 0.3554 1.26E-01  1.023 0.0840 0.1697  0.000  0.010  0.0000          
 2.609275E+07  4.123  4.456  4.004  8.527  4.644  0.0000  0.0000 4.04E-01 5.96E-01 0.0000 0.8687  0.132 0.2105 0.3613 1.37E-01  1.054 0.0855 0.1697  0.000  0.011  0.0000          
 2.609452E+07  4.123  4.453  3.991  8.530  4.664  0.0000  0.0000 4.04E-01 5.96E-01 0.0000 0.8687  0.119 0.2109 0.3613 1.44E-01  1.069 0.0871 0.1697  0.000  0.012  0.0000  L3max   
 2.609809E+07  4.122  4.446  3.967  8.537  4.704  0.0000  0.0000 4.04E-01 5.96E-01 0.0000 0.8687  0.096 0.2109 0.3671 1.57E-01  1.100 0.0885 0.1697  0.000  0.013  0.0000          
 2.610171E+07  4.121  4.440  3.941  8.544  4.744  0.0000  0.0000 4.04E-01 5.96E-01 0.0000 0.8687  0.076 0.2109 0.3729 1.72E-01  1.127 0.0918 0.1697  0.000  0.015  0.0000          
 2.610535E+07  4.119  4.432  3.913  8.552  4.784  0.0000  0.0000 4.04E-01 5.96E-01 0.0000 0.8687  0.060 0.2109 0.3787 1.88E-01  1.157 0.0938 0.1697  0.000  0.017  0.0000          
 2.610901E+07  4.117  4.424  3.882  8.560  4.824  0.0000  0.0000 4.04E-01 5.96E-01 0.0000 0.8687  0.046 0.2109 0.3843 2.08E-01  1.183 0.0956 0.1697  0.000  0.020  0.0000          
 2.611269E+07  4.115  4.415  3.849  8.567  4.864  0.0000  0.0000 4.04E-01 5.96E-01 0.0000 0.8687  0.035 0.2109 0.3900 2.30E-01  1.209 0.0981 0.1697  0.000  0.023  0.0000          
 2.611453E+07  4.115  4.410  3.830  8.571  4.884  0.0000  0.0000 4.04E-01 5.96E-01 0.0000 0.8687  0.030 0.2109 0.3900 2.43E-01  1.221 0.0994 0.1697  0.000  0.024  0.0000          
 2.611636E+07  4.114  4.405  3.812  8.575  4.904  0.0000  0.0000 4.04E-01 5.96E-01 0.0000 0.8687  0.026 0.2109 0.3900 2.57E-01  1.233 0.1005 0.1697  0.000  0.026  0.0000          
 2.611819E+07  4.113  4.400  3.792  8.579  4.924  0.0000  0.0000 4.04E-01 5.96E-01 0.0000 0.8687  0.022 0.2109 0.3900 2.72E-01  1.244 0.1019 0.1697  0.000  0.028  0.0000          
 2.612001E+07  4.112  4.395  3.772  8.583  4.944  0.0000  0.0000 4.04E-01 5.96E-01 0.0000 0.8687  0.019 0.2109 0.3956 2.88E-01  1.255 0.1027 0.1683  0.000  0.030  0.0000          
 2.612182E+07  4.111  4.389  3.750  8.587  4.964  0.0000  0.0000 4.04E-01 5.96E-01 0.0000 0.8687  0.016 0.2109 0.3956 3.06E-01  1.266 0.1043 0.1683  0.000  0.032  0.0000          
 2.612362E+07  4.110  4.383  3.728  8.591  4.984  0.0000  0.0000 4.04E-01 5.96E-01 0.0000 0.8687  0.013 0.2109 0.3956 3.25E-01  1.277 0.1054 0.1683  0.000  0.035  0.0000          
 2.612540E+07  4.109  4.378  3.705  8.595  5.004  0.0000  0.0000 4.04E-01 5.96E-01 0.0000 0.8687  0.011 0.2109 0.3956 3.46E-01  1.287 0.1064 0.1683  0.000  0.037  0.0000          
 2.612716E+07  4.108  4.371  3.681  8.599  5.025  0.0000  0.0000 4.04E-01 5.96E-01 0.0000 0.8687  0.009 0.2109 0.3956 3.69E-01  1.297 0.1078 0.1683  0.000  0.040  0.0000          
 2.612890E+07  4.107  4.365  3.656  8.603  5.045  0.0000  0.0000 4.04E-01 5.96E-01 0.0000 0.8687  0.008 0.2109 0.3956 3.93E-01  1.307 0.1087 0.1675  0.000  0.044  0.0000          
 2.613062E+07  4.106  4.358  3.630  8.607  5.065  0.0000  0.0000 4.04E-01 5.96E-01 0.0000 0.8687  0.006 0.2109 0.3956 4.19E-01  1.318 0.1100 0.1675  0.000  0.047  0.0000          
 2.613232E+07  4.104  4.351  3.603  8.611  5.086  0.0000  0.0000 4.04E-01 5.96E-01 0.0000 0.8687  0.005 0.2109 0.3956 4.47E-01  1.328 0.1110 0.1675  0.000  0.051  0.0000          
 2.613398E+07  4.103  4.344  3.576  8.615  5.106  0.0000  0.0000 4.04E-01 5.96E-01 0.0000 0.8687  0.004 0.2109 0.3900 4.77E-01  1.338 0.1124 0.1675  0.000  0.055  0.0000          
 2.613562E+07  4.102  4.336  3.547  8.619  5.126  0.0000  0.0000 4.04E-01 5.96E-01 0.0000 0.8687  0.003 0.2109 0.3900 5.09E-01  1.349 0.1134 0.1675  0.000  0.059  0.0000          
 2.613723E+07  4.100  4.328  3.517  8.623  5.147  0.0000  0.0000 4.04E-01 5.96E-01 0.0000 0.8687  0.003 0.2109 0.3900 5.42E-01  1.360 0.1142 0.1668  0.000  0.064  0.0000          
 2.613880E+07  4.099  4.320  3.486  8.627  5.167  0.0000  0.0000 4.04E-01 5.96E-01 0.0000 0.8687  0.002 0.2109 0.3729 5.77E-01  1.371 0.1152 0.1668  0.000  0.069  0.0000          
 2.614035E+07  4.097  4.312  3.454  8.631  5.188  0.0000  0.0000 4.04E-01 5.96E-01 0.0000 0.8687  0.002 0.2109 0.3613 6.13E-01  1.382 0.1166 0.1668  0.000  0.075  0.0000          
 2.614186E+07  4.096  4.303  3.421  8.634  5.208  0.0000  0.0000 4.04E-01 5.96E-01 0.0000 0.8687  0.001 0.2109 0.3494 6.49E-01  1.394 0.1174 0.1668  0.000  0.081  0.0000          
 2.614333E+07  4.094  4.294  3.386  8.638  5.229  0.0000  0.0000 4.04E-01 5.96E-01 0.0000 0.8687  0.001 0.2109 0.3399 6.85E-01  1.407 0.1181 0.1660  0.000  0.088  0.0000          
 2.614477E+07  4.092  4.285  3.350  8.642  5.249  0.0000  0.0000 4.04E-01 5.96E-01 0.0000 0.8687  0.001 0.2109 0.3291 7.21E-01  1.418 0.1193 0.1660  0.000  0.095  0.0000          
 2.614617E+07  4.090  4.275  3.313  8.646  5.270  0.0000  0.0000 4.04E-01 5.96E-01 0.0000 0.8687  0.001 0.2109 0.3181 7.55E-01  1.431 0.1203 0.1660  0.000  0.103  0.0000          
 2.614754E+07  4.088  4.265  3.274  8.649  5.290  0.0000  0.0000 4.04E-01 5.96E-01 0.0000 0.8687  0.001 0.2109 0.3046 7.88E-01  1.444 0.1210 0.1660  0.000  0.112  0.0000          
 2.614887E+07  4.086  4.254  3.234  8.653  5.311  0.0000  0.0000 4.04E-01 5.96E-01 0.0000 0.8687  0.000 0.2109 0.2947 8.20E-01  1.460 0.1219 0.1653  0.000  0.121  0.0000          
 2.615017E+07  4.084  4.243  3.191  8.657  5.331  0.0000  0.0000 4.04E-01 5.96E-01 0.0000 0.8687  0.000 0.2109 0.2855 8.48E-01  1.473 0.1229 0.1653  0.000  0.131  0.0000          
 2.615143E+07  4.081  4.231  3.147  8.660  5.352  0.0000  0.0000 4.04E-01 5.96E-01 0.0000 0.8687  0.000 0.2109 0.2756 8.74E-01  1.486 0.1237 0.1653  0.000  0.142  0.0000          
 2.615265E+07  4.079  4.219  3.101  8.664  5.372  0.0000  0.0000 4.04E-01 5.96E-01 0.0000 0.8687  0.000 0.2109 0.2679 8.97E-01  1.501 0.1246 0.1653  0.000  0.154  0.0000          
 2.615384E+07  4.076  4.206  3.053  8.667  5.393  0.0000  0.0000 4.04E-01 5.96E-01 0.0000 0.8687  0.000 0.2109 0.2614 9.18E-01  1.516 0.1254 0.1653  0.000  0.167  0.0000          
 2.615499E+07  4.074  4.193  3.002  8.670  5.414  0.0000  0.0000 4.04E-01 5.96E-01 0.0000 0.8687  0.000 0.2109 0.2549 9.35E-01  1.532 0.1262 0.1645  0.000  0.181  0.0000          
 2.615611E+07  4.071  4.179  2.949  8.674  5.434  0.0000  0.0000 4.04E-01 5.96E-01 0.0000 0.8687  0.000 0.2109 0.2487 9.49E-01  1.550 0.1269 0.1645  0.000  0.196  0.0000          
 2.615719E+07  4.068  4.164  2.892  8.677  5.455  0.0000  0.0000 4.04E-01 5.96E-01 0.0000 0.8687  0.000 0.2109 0.2432 9.61E-01  1.566 0.1273 0.1645  0.000  0.213  0.0000          
 2.615824E+07  4.065  4.148  2.833  8.680  5.476  0.0000  0.0000 4.04E-01 5.96E-01 0.0000 0.8687  0.000 0.2109 0.2385 9.70E-01  1.585 0.1282 0.1645  0.000  0.231  0.0000          
 2.615925E+07  4.061  4.132  2.769  8.683  5.496  0.0000  0.0000 4.04E-01 5.96E-01 0.0000 0.8687  0.000 0.2109 0.2346 9.78E-01  1.605 0.1290 0.1638  0.000  0.250  0.0000          
 2.616024E+07  4.058  4.114  2.702  8.686  5.517  0.0000  0.0000 4.04E-01 5.96E-01 0.0000 0.8687  0.000 0.2109 0.2314 9.84E-01  1.626 0.1298 0.1638  0.000  0.271  0.0000          
 2.616119E+07  4.054  4.095  2.630  8.689  5.538  0.0000  0.0000 4.04E-01 5.96E-01 0.0000 0.8687  0.000 0.2109 0.2274 9.88E-01  1.647 0.1303 0.1638  0.000  0.294  0.0000          
 2.616211E+07  4.049  4.074  2.552  8.692  5.558  0.0000  0.0000 4.04E-01 5.96E-01 0.0000 0.8687  0.000 0.2109 0.2246 9.92E-01  1.672 0.1310 0.1634  0.000  0.319  0.0000          
 2.616299E+07  4.044  4.052  2.467  8.695  5.579  0.0000  0.0000 4.04E-01 5.96E-01 0.0000 0.8687  0.000 0.2109 0.2221 9.94E-01  1.697 0.1317 0.1634  0.001  0.346  0.0000          
 2.616385E+07  4.039  4.027  2.375  8.698  5.600  0.0000  0.0000 4.04E-01 5.96E-01 0.0000 0.8687  0.000 0.2109 0.2191 9.96E-01  1.727 0.1321 0.1631  0.001  0.377  0.0000          
 2.616469E+07  4.032  4.000  2.272  8.701  5.620  0.0000  0.0000 4.04E-01 5.96E-01 0.0000 0.8687  0.000 0.2109 0.0000 9.97E-01  1.763 0.1328 0.1631  0.001  0.410  0.0000          
 2.616549E+07  4.025  3.970  2.158  8.704  5.641  0.0000  0.0000 4.04E-01 5.96E-01 0.0000 0.8687  0.000 0.2109 0.0000 9.98E-01  1.800 0.1333 0.1631  0.002  0.448  0.0000          
 2.616627E+07  4.015  3.935  2.030  8.707  5.662  0.0000  0.0000 4.04E-01 5.96E-01 0.0000 0.8687  0.000 0.2109 0.0000 9.99E-01  1.846 0.1339 0.1627  0.002  0.490  0.0000          
 2.616702E+07  4.003  3.897  1.888  8.710  5.682  0.0000  0.0000 4.04E-01 5.96E-01 0.0000 0.8687  0.000 0.2109 0.0000 9.99E-01  1.904 0.1344 0.1627  0.003  0.541  0.0000          
 2.616775E+07  3.986  3.851  1.723  8.713  5.703  0.0000  0.0000 4.04E-01 5.96E-01 0.0000 0.8687  0.000 0.2109 0.0000 1.00E+00  1.986 0.1350 0.1624  0.004  0.602  0.0000          
 2.616839E+07  3.963  3.801  1.545  8.715  5.722  0.0000  0.0000 4.04E-01 5.96E-01 0.0000 0.8687  0.000 0.2109 0.0000 1.00E+00  2.099 0.1355 0.1624  0.006  0.676  0.0000          
 2.616896E+07  3.929  3.748  1.366  8.718  5.739  0.0000  0.0000 4.04E-01 5.96E-01 0.0000 0.8687  0.000 0.2109 0.0000 1.00E+00  2.278 0.1358 0.1624  0.009  0.775  0.0000          
 2.616947E+07  3.872  3.721  1.316  8.720  5.755  0.0000  0.0000 4.04E-01 5.96E-01 0.0000 0.8687  0.000 0.2109 0.0000 1.00E+00  2.597 0.1363 0.1624  0.013  0.930  0.0000          
 2.616993E+07  3.833  3.711  1.316  8.722  5.769  0.0000  0.0000 4.04E-01 5.96E-01 0.0000 0.8687  0.000 0.2109 0.0000 1.00E+00  2.843 0.1366 0.1620  0.017  1.068  0.0000  Bagb    
 2.617035E+07  3.926  3.703  1.191  8.724  5.782  0.0000  0.0000 4.04E-01 5.96E-01 0.0000 0.8629  0.000 0.2109 0.0000 1.00E+00  2.298 0.1369 0.1620  0.017  0.902  0.0000          
 2.617071E+07  4.093  3.696  0.993  8.726  5.794  0.0000  0.0000 4.04E-01 5.96E-01 0.0000 0.6438  0.000 0.2109 0.0000 1.00E+00  1.570 0.1372 0.1620  0.014  0.639  0.0000          
 2.617086E+07  4.176  3.694  0.905  8.726  5.799  0.0000  0.0000 4.04E-01 5.96E-01 0.0000 0.2885  0.000 0.2109 0.0000 1.00E+00  1.299 0.1373 0.1620  0.013  0.536  0.0000          
 2.617101E+07  4.235  3.692  0.839  8.727  5.804  0.0000  0.0000 4.04E-01 5.96E-01 0.0000 0.2581  0.000 0.2109 0.0000 1.00E+00  1.136 0.1375 0.1620  0.012  0.476  0.0000          
 2.617116E+07  4.275  3.691  0.793  8.728  5.809  0.0000  0.0000 4.04E-01 5.96E-01 0.0000 0.2463  0.000 0.2109 0.0000 1.00E+00  1.038 0.1376 0.1620  0.012  0.441  0.0000          
 2.617131E+07  4.302  3.690  0.761  8.729  5.814  0.0000  0.0000 4.04E-01 5.96E-01 0.0000 0.2463  0.000 0.2109 0.0000 1.00E+00  0.977 0.1377 0.1620  0.012  0.421  0.0000          
 2.617161E+07  4.329  3.689  0.730  8.730  5.824  0.0000  0.0000 4.04E-01 5.96E-01 0.0000 0.2354  0.000 0.2109 0.0000 1.00E+00  0.924 0.1380 0.1616  0.013  0.409  0.0000          
 2.617230E+07  4.350  3.688  0.705  8.734  5.848  0.0000  0.0000 4.04E-01 5.96E-01 0.0000 0.2288  0.000 0.2109 0.0000 1.00E+00  0.894 0.1385 0.1616  0.018  0.422  0.0000          
 2.617427E+07  4.371  3.687  0.682  8.752  5.915  0.0000  0.0000 4.04E-01 5.96E-01 0.0000 0.2224  0.000 0.2109 0.0000 1.00E+00  0.879 0.1405 0.1613  0.058  0.513  0.0000          
 2.617599E+07  4.386  3.687  0.665  8.817  5.905  0.0000  0.0000 4.04E-01 5.96E-01 0.0149 0.2216  0.000 0.2109 0.0000 1.00E+00  0.796 0.1418 0.1613  1.377  0.649  0.0000  Cb      
