#age/yr        logL   logTef lgrav  logTc  logrho Xc      Yc     Xc_C     Xc_O     Q_conv Q_disc  L_H/L Q1_H   Q2_H   f_pp      L_He/L Q1_He  Q2_He  L_C/L  L_nu/L Q_Tmax  stage
 0.000000E+00  2.169  4.280  4.812  7.507  2.034  0.7689  0.2311 0.00E+00 0.00E+00 0.1970 0.1708  0.886 0.0000 0.7270 1.00E+00  0.000 0.0000 0.0000  0.000  0.000  0.0000  ZAMS                
 1.947655E+07  2.166  4.281  4.821  7.524  2.055  0.7271  0.2729 0.00E+00 0.00E+00 0.2344 0.5972  1.001 0.0000 0.7522 1.00E+00  0.000 0.0000 0.0000  0.000  0.000  0.0000          
 2.983871E+07  2.181  4.284  4.817  7.531  2.073  0.7050  0.2950 0.00E+00 0.00E+00 0.2299 0.6394  1.001 0.0000 0.7581 1.00E+00  0.000 0.0000 0.0000  0.000  0.000  0.0000          
 3.891688E+07  2.197  4.287  4.812  7.539  2.092  0.6844  0.3156 0.00E+00 0.00E+00 0.2144 0.6689  1.000 0.0000 0.7581 1.00E+00  0.000 0.0000 0.0000  0.000  0.000  0.0000          
 4.886782E+07  2.212  4.290  4.808  7.548  2.112  0.6606  0.3394 0.00E+00 0.00E+00 0.2107 0.6920  1.001 0.0000 0.7581 1.00E+00  0.000 0.0000 0.0000  0.000  0.000  0.0000          
 5.768750E+07  2.227  4.292  4.804  7.556  2.132  0.6387  0.3613 0.00E+00 0.00E+00 0.2071 0.7065  1.001 0.0000 0.7581 1.00E+00  0.000 0.0000 0.0000  0.000  0.000  0.0000          
 6.635861E+07  2.244  4.295  4.799  7.565  2.155  0.6160  0.3840 0.00E+00 0.00E+00 0.1926 0.7204  1.001 0.0000 0.7581 1.00E+00  0.000 0.0000 0.0000  0.000  0.000  0.0000          
 7.469238E+07  2.259  4.298  4.794  7.574  2.178  0.5927  0.4073 0.00E+00 0.00E+00 0.1854 0.7270  1.001 0.0000 0.7581 1.00E+00  0.000 0.0000 0.0000  0.000  0.000  0.0000          
 8.291458E+07  2.275  4.301  4.789  7.583  2.201  0.5689  0.4311 0.00E+00 0.00E+00 0.1818 0.7399  1.001 0.0000 0.7581 1.00E+00  0.000 0.0000 0.0000  0.000  0.000  0.0000          
 9.104455E+07  2.292  4.303  4.784  7.593  2.227  0.5445  0.4555 0.00E+00 0.00E+00 0.1754 0.7461  1.000 0.0000 0.7581 1.00E+00  0.000 0.0000 0.0000  0.000  0.000  0.0000          
 9.794132E+07  2.307  4.306  4.779  7.603  2.252  0.5226  0.4774 0.00E+00 0.00E+00 0.1671 0.7522  1.001 0.0000 0.7581 1.00E+00  0.000 0.0000 0.0000  0.000  0.000  0.0000          
 1.047016E+08  2.323  4.309  4.774  7.612  2.277  0.5003  0.4997 0.00E+00 0.00E+00 0.1625 0.7581  1.000 0.0000 0.7581 1.00E+00  0.000 0.0000 0.0000  0.000  0.000  0.0000          
 1.112483E+08  2.339  4.311  4.769  7.622  2.305  0.4775  0.5225 0.00E+00 0.00E+00 0.1524 0.7639  1.001 0.0000 0.7639 1.00E+00  0.000 0.0000 0.0000  0.000  0.000  0.0000          
 1.176268E+08  2.355  4.314  4.763  7.633  2.334  0.4545  0.5455 0.00E+00 0.00E+00 0.1461 0.7686  1.000 0.0000 0.7639 1.00E+00  0.000 0.0000 0.0000  0.000  0.000  0.0000          
 1.237781E+08  2.371  4.317  4.757  7.644  2.365  0.4309  0.5691 0.00E+00 0.00E+00 0.1374 0.7732  1.000 0.0000 0.7639 1.00E+00  0.000 0.0000 0.0000  0.000  0.000  0.0000          
 1.297490E+08  2.389  4.319  4.751  7.655  2.400  0.4071  0.5929 0.00E+00 0.00E+00 0.1252 0.7777  1.000 0.0000 0.7639 1.00E+00  0.000 0.0000 0.0000  0.000  0.000  0.0000          
 1.354729E+08  2.406  4.322  4.745  7.667  2.434  0.3829  0.6171 0.00E+00 0.00E+00 0.1192 0.7821  1.000 0.0000 0.7639 1.00E+00  0.000 0.0000 0.0000  0.000  0.000  0.0000          
 1.401973E+08  2.421  4.324  4.739  7.677  2.468  0.3617  0.6383 0.00E+00 0.00E+00 0.1057 0.7821  1.001 0.0000 0.7686 1.00E+00  0.000 0.0000 0.0000  0.000  0.000  0.0000          
 1.454990E+08  2.439  4.327  4.731  7.690  2.508  0.3370  0.6630 0.00E+00 0.00E+00 0.0972 0.7865  1.000 0.0000 0.7686 1.00E+00  0.000 0.0000 0.0000  0.000  0.000  0.0000          
 1.498756E+08  2.455  4.329  4.725  7.701  2.546  0.3154  0.6846 0.00E+00 0.00E+00 0.0874 0.7907  1.000 0.0000 0.7732 1.00E+00  0.000 0.0000 0.0000  0.000  0.000  0.0000          
 1.540966E+08  2.471  4.332  4.717  7.712  2.586  0.2936  0.7064 0.00E+00 0.00E+00 0.0779 0.7907  1.000 0.0000 0.7777 1.00E+00  0.000 0.0000 0.0000  0.000  0.000  0.0000          
 1.581675E+08  2.487  4.334  4.710  7.723  2.630  0.2716  0.7284 0.00E+00 0.00E+00 0.0658 0.7949  1.000 0.0000 0.7777 1.00E+00  0.000 0.0000 0.0000  0.000  0.000  0.0000          
 1.620372E+08  2.505  4.336  4.700  7.733  2.682  0.2492  0.7508 0.00E+00 0.00E+00 0.0434 0.7949  1.000 0.0000 0.7865 1.00E+00  0.000 0.0000 0.0000  0.000  0.000  0.0000          
 1.658590E+08  2.523  4.338  4.690  7.740  2.749  0.2235  0.7765 0.00E+00 0.00E+00 0.0034 0.7990  1.000 0.0000 0.8030 1.00E+00  0.000 0.0000 0.0000  0.000  0.000  0.0000          
 1.692806E+08  2.539  4.340  4.682  7.748  2.809  0.1957  0.8043 0.00E+00 0.00E+00 0.0000 0.7990  1.000 0.0000 0.8219 1.00E+00  0.000 0.0000 0.0000  0.000  0.000  0.0000          
 1.726450E+08  2.556  4.342  4.672  7.759  2.869  0.1702  0.8298 0.00E+00 0.00E+00 0.0000 0.7990  1.000 0.0000 0.8254 1.00E+00  0.000 0.0000 0.0000  0.000  0.000  0.0000          
 1.760550E+08  2.574  4.343  4.661  7.770  2.932  0.1466  0.8534 0.00E+00 0.00E+00 0.0000 0.8030  1.000 0.0000 0.8289 1.00E+00  0.000 0.0000 0.0000  0.000  0.000  0.0000          
 1.789461E+08  2.591  4.345  4.652  7.782  2.991  0.1282  0.8718 4.67E-20 1.88E-20 0.0000 0.8030  1.000 0.0000 0.8323 1.00E+00  0.000 0.0000 0.0000  0.000  0.000  0.0000          
 1.819136E+08  2.609  4.347  4.640  7.793  3.052  0.1107  0.8893 7.13E-19 2.70E-19 0.0000 0.8069  1.000 0.0000 0.8289 1.00E+00  0.000 0.0000 0.0000  0.000  0.000  0.0000          
 1.847452E+08  2.627  4.348  4.627  7.805  3.114  0.0954  0.9046 7.54E-18 2.67E-18 0.0000 0.8069  1.000 0.0000 0.8289 1.00E+00  0.000 0.0000 0.0000  0.000  0.000  0.0000          
 1.874825E+08  2.645  4.349  4.613  7.818  3.178  0.0819  0.9181 7.24E-17 2.40E-17 0.0000 0.8069  1.000 0.0000 0.8289 1.00E+00  0.000 0.0000 0.0000  0.000  0.000  0.0000          
 1.900763E+08  2.663  4.350  4.598  7.832  3.242  0.0702  0.9298 6.79E-16 2.10E-16 0.0000 0.8069  1.000 0.0000 0.8289 1.00E+00  0.000 0.0000 0.0000  0.000  0.000  0.0000          
 1.925296E+08  2.682  4.350  4.581  7.845  3.308  0.0601  0.9399 6.37E-15 1.84E-15 0.0000 0.8108  1.000 0.0000 0.8254 1.00E+00  0.000 0.0000 0.0000  0.000  0.000  0.0000          
 1.948369E+08  2.700  4.351  4.564  7.860  3.373  0.0513  0.9487 5.99E-14 1.61E-14 0.0000 0.8108  1.000 0.0000 0.8254 1.00E+00  0.000 0.0000 0.0000  0.000  0.000  0.0000          
 1.970109E+08  2.719  4.351  4.546  7.877  3.436  0.0431  0.9569 6.51E-13 1.60E-13 0.0000 0.8108  1.000 0.0000 0.8219 9.99E-01  0.000 0.0000 0.0000  0.000  0.000  0.0000          
 1.983958E+08  2.729  4.351  4.537  7.910  3.417  0.0436  0.9564 1.85E-12 4.24E-13 0.0100 0.8108  1.002 0.0000 0.7907 9.77E-01  0.000 0.0000 0.0000  0.000  0.000  0.0000  T1min   
 1.999732E+08  2.717  4.353  4.556  7.923  3.250  0.0489  0.9511 5.68E-12 1.34E-12 0.0573 0.8108  1.006 0.0000 0.7399 8.31E-01  0.000 0.0000 0.0000  0.000  0.000  0.0000  T1max   
 2.042212E+08  2.718  4.348  4.537  7.934  3.186  0.0244  0.9756 2.04E-11 4.67E-12 0.0786 0.8145  1.005 0.0000 0.7065 6.23E-01  0.000 0.0000 0.0000  0.000  0.000  0.0000          
 2.066804E+08  2.736  4.347  4.514  7.956  3.255  0.0035  0.9965 8.03E-11 1.66E-11 0.0752 0.8145  0.988 0.0000 0.6993 6.17E-01  0.000 0.0000 0.0000  0.000  0.000  0.0000          
 2.070361E+08  2.753  4.349  4.504  7.974  3.378  0.0004  0.9996 2.38E-10 4.48E-11 0.0554 0.8145  0.923 0.0000 0.7335 7.61E-01  0.000 0.0000 0.0000  0.000  0.000  0.0000          
 2.071706E+08  2.771  4.347  4.480  7.963  3.677  0.0000  1.0000 7.45E-08 2.46E-10 0.0000 0.8145  0.931 0.0104 0.7777 9.33E-01  0.000 0.0000 0.0000  0.000  0.000  0.0000          
 2.072462E+08  2.784  4.344  4.454  7.964  3.797  0.0000  1.0000 2.35E-07 2.48E-10 0.0000 0.8145  0.976 0.0248 0.7461 9.33E-01  0.000 0.0000 0.0000  0.000  0.000  0.0000          
 2.073380E+08  2.796  4.340  4.427  7.965  3.895  0.0000  1.0000 5.87E-07 2.57E-10 0.0000 0.8145  0.992 0.0356 0.7204 9.37E-01  0.000 0.0000 0.0000  0.000  0.000  0.0000          
 2.074570E+08  2.807  4.337  4.401  7.965  3.984  0.0000  1.0000 1.34E-06 2.92E-10 0.0000 0.8145  0.998 0.0451 0.6993 9.45E-01  0.000 0.0000 0.0000  0.000  0.000  0.0000          
 2.076707E+08  2.818  4.332  4.372  7.961  4.081  0.0000  1.0000 3.40E-06 4.88E-10 0.0000 0.8145  1.010 0.0566 0.6728 9.19E-01  0.000 0.0000 0.0000  0.000  0.000  0.0000          
 2.077849E+08  2.820  4.330  4.364  7.950  4.105  0.0000  1.0000 4.05E-06 6.16E-10 0.0000 0.8145  1.029 0.0631 0.6566 8.66E-01  0.000 0.0000 0.0000  0.000  0.000  0.0000  T2min   
 2.081889E+08  2.814  4.329  4.365  7.903  4.102  0.0000  1.0000 4.23E-06 7.33E-10 0.0000 0.8145  1.008 0.0692 0.6525 7.63E-01  0.000 0.0000 0.0000  0.000  0.000  0.0828  T2max   
 2.096015E+08  2.825  4.326  4.340  7.925  4.124  0.0000  1.0000 4.32E-06 9.33E-10 0.0000 0.8145  1.004 0.0827 0.6525 7.12E-01  0.000 0.0000 0.0000  0.000  0.000  0.0000          
 2.102811E+08  2.831  4.322  4.317  7.932  4.167  0.0000  1.0000 4.56E-06 1.18E-09 0.0000 0.8145  1.005 0.0858 0.6327 6.67E-01  0.000 0.0000 0.0000  0.000  0.000  0.0000          
 2.108037E+08  2.837  4.317  4.294  7.939  4.208  0.0000  1.0000 5.05E-06 1.51E-09 0.0000 0.8145  1.006 0.0932 0.6189 6.28E-01  0.000 0.0000 0.0000  0.000  0.000  0.0000          
 2.112403E+08  2.842  4.313  4.270  7.947  4.248  0.0000  1.0000 6.13E-06 2.01E-09 0.0000 0.8145  1.007 0.0989 0.5972 5.92E-01  0.000 0.0000 0.0000  0.000  0.000  0.0000          
 2.115803E+08  2.846  4.308  4.248  7.954  4.284  0.0000  1.0000 8.41E-06 2.83E-09 0.0000 0.8145  1.010 0.1044 0.5821 5.60E-01  0.000 0.0000 0.0000  0.000  0.000  0.0000          
 2.118702E+08  2.850  4.303  4.225  7.962  4.320  0.0000  1.0000 1.36E-05 4.52E-09 0.0000 0.8145  1.010 0.1088 0.5704 5.36E-01  0.000 0.0000 0.0000  0.000  0.000  0.0000          
 2.121158E+08  2.854  4.299  4.203  7.969  4.352  0.0000  1.0000 2.46E-05 8.46E-09 0.0000 0.8145  1.011 0.1134 0.5584 5.08E-01  0.000 0.0000 0.0007  0.000  0.000  0.0000          
 2.123294E+08  2.857  4.294  4.181  7.976  4.383  0.0000  1.0000 4.78E-05 1.86E-08 0.0000 0.8145  1.010 0.1172 0.5460 4.85E-01  0.000 0.0000 0.0055  0.000  0.000  0.0000          
 2.125126E+08  2.860  4.290  4.160  7.984  4.411  0.0000  0.9999 9.48E-05 4.50E-08 0.0000 0.8145  1.011 0.1205 0.5332 4.62E-01  0.000 0.0000 0.0104  0.000  0.000  0.0000          
 2.126793E+08  2.863  4.285  4.138  7.992  4.437  0.0000  0.9998 1.97E-04 1.22E-07 0.0000 0.8145  1.013 0.1238 0.5206 4.40E-01  0.000 0.0000 0.0147  0.000  0.000  0.0000          
 2.128267E+08  2.865  4.280  4.117  8.000  4.459  0.0000  0.9996 4.24E-04 3.53E-07 0.0000 0.8145  1.012 0.1267 0.5077 4.19E-01  0.000 0.0000 0.0196  0.000  0.000  0.0000          
 2.129524E+08  2.868  4.276  4.097  8.011  4.477  0.0000  0.9991 9.24E-04 1.05E-06 0.0000 0.8145  1.013 0.1291 0.5011 4.01E-01  0.001 0.0000 0.0248  0.000  0.000  0.0000          
 2.130792E+08  2.871  4.271  4.075  8.034  4.483  0.0000  0.9980 1.98E-03 2.85E-06 0.0024 0.8145  1.012 0.1316 0.4876 3.84E-01  0.003 0.0000 0.0298  0.000  0.000  0.0000          
 2.132139E+08  2.878  4.267  4.052  8.087  4.363  0.0000  0.9949 5.07E-03 7.34E-06 0.0318 0.8145  0.892 0.1345 0.4944 4.30E-01  0.136 0.0000 0.0177  0.000  0.000  0.0000          
 2.132182E+08  2.879  4.267  4.051  8.089  4.348  0.0000  0.9946 5.35E-03 7.74E-06 0.0340 0.8145  0.874 0.1345 0.5011 4.41E-01  0.150 0.0000 0.0209  0.000  0.000  0.0000  Blp     
 2.132669E+08  2.894  4.270  4.047  8.101  4.186  0.0000  0.9906 9.37E-03 1.62E-05 0.0494 0.8145  0.718 0.1354 0.5375 5.94E-01  0.196 0.0000 0.0241  0.000  0.000  0.0000          
 2.133006E+08  2.908  4.276  4.057  8.104  4.105  0.0000  0.9876 1.24E-02 2.62E-05 0.0526 0.8145  0.684 0.1354 0.5704 6.84E-01  0.179 0.0000 0.0278  0.000  0.000  0.0000          
 2.133264E+08  2.916  4.282  4.073  8.105  4.061  0.0000  0.9852 1.47E-02 3.64E-05 0.0526 0.8145  0.686 0.1358 0.5935 7.28E-01  0.160 0.0000 0.0278  0.000  0.000  0.0000          
 2.133493E+08  2.919  4.288  4.093  8.105  4.032  0.0000  0.9832 1.67E-02 4.70E-05 0.0518 0.8145  0.698 0.1358 0.6189 7.61E-01  0.146 0.0000 0.0278  0.000  0.000  0.0000          
 2.133726E+08  2.920  4.294  4.118  8.105  4.010  0.0000  0.9814 1.86E-02 5.89E-05 0.0502 0.8145  0.717 0.1358 0.6327 7.81E-01  0.133 0.0000 0.0278  0.000  0.000  0.0000          
 2.133990E+08  2.917  4.300  4.146  8.105  3.994  0.0000  0.9793 2.06E-02 7.39E-05 0.0485 0.8145  0.744 0.1362 0.6525 7.96E-01  0.121 0.0000 0.0312  0.000  0.000  0.0000          
 2.134325E+08  2.911  4.307  4.180  8.104  3.981  0.0000  0.9769 2.30E-02 9.49E-05 0.0455 0.8145  0.779 0.1362 0.6608 8.09E-01  0.112 0.0000 0.0312  0.000  0.000  0.0000          
 2.134956E+08  2.898  4.315  4.225  8.104  3.970  0.0000  0.9725 2.74E-02 1.41E-04 0.0436 0.8145  0.827 0.1366 0.6768 8.26E-01  0.108 0.0000 0.0312  0.000  0.000  0.0000          
 2.135952E+08  2.887  4.321  4.261  8.105  3.954  0.0000  0.9721 2.78E-02 1.74E-04 0.0447 0.8145  0.853 0.1370 0.6883 8.48E-01  0.114 0.0000 0.0306  0.000  0.000  0.0000          
 2.138371E+08  2.881  4.327  4.287  8.109  3.924  0.0000  0.9614 3.83E-02 3.37E-04 0.0672 0.8145  0.862 0.1382 0.7030 8.88E-01  0.131 0.0000 0.0334  0.000  0.000  0.0000          
 2.139585E+08  2.880  4.327  4.292  8.110  3.918  0.0000  0.9551 4.44E-02 4.49E-04 0.0678 0.8145  0.862 0.1386 0.6957 8.94E-01  0.135 0.0000 0.0334  0.000  0.000  0.0000  Helmin  
 2.149840E+08  2.884  4.332  4.307  8.117  3.877  0.0000  0.9043 9.36E-02 2.04E-03 0.0784 0.8145  0.820 0.1415 0.7335 9.41E-01  0.181 0.0000 0.0392  0.000  0.000  0.0000          
 2.174798E+08  2.893  4.336  4.313  8.132  3.825  0.0000  0.7585 2.28E-01 1.31E-02 0.0944 0.8145  0.732 0.1447 0.7686 9.62E-01  0.272 0.0000 0.0455  0.000  0.000  0.0000          
 2.182630E+08  2.896  4.336  4.311  8.137  3.814  0.0000  0.7069 2.74E-01 1.94E-02 0.0993 0.8145  0.704 0.1451 0.7686 9.61E-01  0.300 0.0000 0.0455  0.000  0.000  0.0000  Lpt     
 2.213173E+08  2.906  4.332  4.286  8.158  3.792  0.0000  0.4897 4.45E-01 6.50E-02 0.1145 0.8145  0.594 0.1480 0.7581 9.38E-01  0.412 0.0000 0.0518  0.000  0.000  0.0000          
 2.227398E+08  2.913  4.328  4.262  8.169  3.794  0.0000  0.3817 5.15E-01 1.03E-01 0.1214 0.8182  0.547 0.1496 0.7399 9.14E-01  0.459 0.0000 0.0583  0.000  0.000  0.0000          
 2.238380E+08  2.918  4.324  4.239  8.180  3.803  0.0000  0.2993 5.56E-01 1.44E-01 0.1264 0.8182  0.514 0.1516 0.7270 8.92E-01  0.492 0.0000 0.0583  0.000  0.000  0.0000          
 2.247100E+08  2.924  4.319  4.215  8.190  3.816  0.0000  0.2348 5.79E-01 1.87E-01 0.1311 0.8182  0.494 0.1536 0.7100 8.66E-01  0.513 0.0000 0.0651  0.000  0.000  0.0000          
 2.254690E+08  2.930  4.315  4.192  8.201  3.837  0.0000  0.1765 5.89E-01 2.34E-01 0.1332 0.8182  0.481 0.1564 0.6993 8.41E-01  0.525 0.0000 0.0651  0.000  0.000  0.0000          
 2.261270E+08  2.937  4.311  4.168  8.212  3.864  0.0000  0.1291 5.86E-01 2.85E-01 0.1343 0.8182  0.480 0.1593 0.6806 8.05E-01  0.525 0.0000 0.0685  0.000  0.000  0.0000          
 2.266866E+08  2.943  4.306  4.144  8.223  3.895  0.0000  0.0915 5.71E-01 3.38E-01 0.1349 0.8182  0.491 0.1625 0.6608 7.59E-01  0.515 0.0000 0.0719  0.000  0.000  0.0000          
 2.271650E+08  2.950  4.302  4.120  8.234  3.927  0.0000  0.0640 5.48E-01 3.88E-01 0.1352 0.8182  0.508 0.1660 0.6460 7.14E-01  0.496 0.0000 0.0719  0.000  0.001  0.0000          
 2.275447E+08  2.956  4.297  4.095  8.244  3.963  0.0000  0.0435 5.22E-01 4.34E-01 0.1257 0.8182  0.536 0.1694 0.6259 6.58E-01  0.468 0.0000 0.0753  0.000  0.001  0.0000          
 2.277961E+08  2.961  4.293  4.073  8.252  3.995  0.0000  0.0309 5.01E-01 4.68E-01 0.1180 0.8182  0.567 0.1722 0.6082 6.05E-01  0.440 0.0000 0.0753  0.000  0.001  0.0000          
 2.279763E+08  2.964  4.288  4.050  8.259  4.025  0.0000  0.0224 4.84E-01 4.94E-01 0.1104 0.8182  0.596 0.1746 0.5935 5.58E-01  0.411 0.0000 0.0753  0.000  0.001  0.0000          
 2.281005E+08  2.967  4.284  4.030  8.264  4.052  0.0000  0.0168 4.71E-01 5.12E-01 0.1038 0.8182  0.628 0.1762 0.5821 5.12E-01  0.383 0.0000 0.0742  0.000  0.001  0.0000          
 2.281973E+08  2.969  4.279  4.009  8.269  4.079  0.0000  0.0127 4.60E-01 5.27E-01 0.0978 0.8182  0.664 0.1782 0.5664 4.66E-01  0.353 0.0000 0.0724  0.000  0.001  0.0000          
 2.282694E+08  2.971  4.274  3.988  8.274  4.104  0.0000  0.0097 4.52E-01 5.38E-01 0.0917 0.8182  0.695 0.1794 0.5543 4.28E-01  0.327 0.0000 0.0719  0.000  0.001  0.0000          
 2.283246E+08  2.972  4.270  3.969  8.277  4.127  0.0000  0.0075 4.46E-01 5.46E-01 0.0868 0.8182  0.733 0.1806 0.5375 3.89E-01  0.298 0.0000 0.0710  0.000  0.001  0.0000          
 2.283812E+08  2.973  4.264  3.943  8.282  4.158  0.0000  0.0054 4.40E-01 5.54E-01 0.0813 0.8182  0.765 0.1818 0.5238 3.53E-01  0.270 0.0000 0.0700  0.000  0.001  0.0000          
 2.284206E+08  2.974  4.258  3.921  8.286  4.184  0.0000  0.0040 4.36E-01 5.60E-01 0.0759 0.8182  0.813 0.1831 0.5077 3.14E-01  0.240 0.0000 0.0691  0.000  0.001  0.0000          
 2.284319E+08  2.974  4.256  3.914  8.287  4.193  0.0000  0.0037 4.35E-01 5.61E-01 0.0746 0.8182  0.824 0.1835 0.5011 3.05E-01  0.230 0.0000 0.0688  0.000  0.001  0.0000  Yc=0    
 2.284608E+08  2.974  4.251  3.893  8.290  4.219  0.0000  0.0027 4.32E-01 5.65E-01 0.0683 0.8182  0.860 0.1838 0.4944 2.78E-01  0.203 0.0000 0.0677  0.000  0.001  0.0000          
 2.284836E+08  2.973  4.246  3.874  8.294  4.244  0.0000  0.0020 4.30E-01 5.68E-01 0.0639 0.8182  0.893 0.1845 0.4807 2.55E-01  0.178 0.0000 0.0746  0.000  0.001  0.0000          
 2.285064E+08  2.972  4.240  3.852  8.297  4.274  0.0000  0.0014 4.28E-01 5.71E-01 0.0559 0.8182  0.941 0.1858 0.4703 2.29E-01  0.145 0.0000 0.0849  0.000  0.001  0.0000          
 2.285217E+08  2.971  4.236  3.834  8.300  4.298  0.0000  0.0009 4.27E-01 5.72E-01 0.0488 0.8182  1.003 0.1865 0.4560 2.03E-01  0.117 0.0000 0.0917  0.000  0.001  0.0000          
 2.285373E+08  2.969  4.231  3.814  8.302  4.329  0.0000  0.0006 4.26E-01 5.74E-01 0.0397 0.8182  1.031 0.1865 0.4450 1.86E-01  0.085 0.0000 0.1032  0.000  0.001  0.0000          
 2.285489E+08  2.967  4.226  3.798  8.304  4.356  0.0000  0.0003 4.25E-01 5.75E-01 0.0305 0.8182  1.094 0.1876 0.4375 1.65E-01  0.059 0.0000 0.1119  0.000  0.001  0.0000          
 2.285591E+08  2.965  4.221  3.781  8.305  4.385  0.0000  0.0002 4.25E-01 5.75E-01 0.0194 0.8182  1.110 0.1880 0.4300 1.54E-01  0.036 0.0000 0.1379  0.000  0.001  0.0000          
 2.285681E+08  2.963  4.217  3.765  8.302  4.416  0.0000  0.0000 4.24E-01 5.76E-01 0.0000 0.8182  1.165 0.1884 0.4198 1.40E-01  0.018 0.0024 0.1479  0.000  0.001  0.0000          
 2.285769E+08  2.961  4.212  3.747  8.299  4.450  0.0000  0.0000 4.24E-01 5.76E-01 0.0000 0.8182  1.170 0.1888 0.4121 1.32E-01  0.014 0.0090 0.1479  0.000  0.001  0.0000          
 2.285845E+08  2.959  4.207  3.730  8.298  4.477  0.0000  0.0000 4.24E-01 5.76E-01 0.0000 0.8182  1.167 0.1892 0.4070 1.26E-01  0.014 0.0122 0.1508  0.000  0.001  0.0000          
 2.285911E+08  2.958  4.202  3.713  8.298  4.499  0.0000  0.0000 4.24E-01 5.76E-01 0.0000 0.8182  1.167 0.1895 0.4017 1.21E-01  0.015 0.0142 0.1508  0.000  0.001  0.0000          
 2.286001E+08  2.956  4.195  3.687  8.300  4.528  0.0000  0.0000 4.24E-01 5.76E-01 0.0000 0.8182  1.170 0.1903 0.3912 1.15E-01  0.016 0.0173 0.1536  0.000  0.001  0.0000          
 2.286073E+08  2.955  4.189  3.664  8.301  4.550  0.0000  0.0000 4.24E-01 5.76E-01 0.0000 0.8182  1.175 0.1907 0.3858 1.10E-01  0.018 0.0183 0.1536  0.000  0.002  0.0000  Lmin    
 2.286149E+08  2.956  4.183  3.636  8.303  4.573  0.0000  0.0000 4.24E-01 5.76E-01 0.0000 0.8182  1.178 0.1911 0.3804 1.05E-01  0.019 0.0204 0.1562  0.000  0.002  0.0000          
 2.286198E+08  2.957  4.178  3.618  8.305  4.588  0.0000  0.0000 4.24E-01 5.76E-01 0.0000 0.8182  1.180 0.1915 0.3750 1.02E-01  0.021 0.0227 0.1562  0.000  0.002  0.0000          
 2.286259E+08  2.958  4.172  3.593  8.307  4.605  0.0000  0.0000 4.24E-01 5.76E-01 0.0000 0.8182  1.180 0.1919 0.3695 9.76E-02  0.023 0.0247 0.1562  0.000  0.002  0.0000          
 2.286308E+08  2.959  4.168  3.573  8.308  4.619  0.0000  0.0000 4.24E-01 5.76E-01 0.0000 0.8182  1.179 0.1919 0.3639 9.47E-02  0.024 0.0267 0.1589  0.000  0.002  0.0000          
 2.286353E+08  2.961  4.163  3.553  8.309  4.631  0.0000  0.0000 4.24E-01 5.76E-01 0.0000 0.8182  1.179 0.1923 0.3611 9.22E-02  0.026 0.0267 0.1589  0.000  0.002  0.0000          
 2.286417E+08  2.963  4.156  3.524  8.311  4.648  0.0000  0.0000 4.24E-01 5.76E-01 0.0000 0.8182  1.175 0.1927 0.3555 8.87E-02  0.028 0.0278 0.1589  0.000  0.002  0.0000          
 2.286469E+08  2.965  4.151  3.500  8.313  4.661  0.0000  0.0000 4.24E-01 5.76E-01 0.0000 0.8182  1.172 0.1931 0.3527 8.61E-02  0.031 0.0278 0.1615  0.000  0.003  0.0000          
 2.286520E+08  2.967  4.145  3.476  8.315  4.674  0.0000  0.0000 4.24E-01 5.76E-01 0.0000 0.8182  1.170 0.1935 0.3498 8.36E-02  0.033 0.0300 0.1615  0.000  0.003  0.0000          
 2.286584E+08  2.970  4.138  3.445  8.317  4.690  0.0000  0.0000 4.24E-01 5.76E-01 0.0000 0.8182  1.163 0.1942 0.3441 8.06E-02  0.036 0.0300 0.1615  0.000  0.003  0.0000          
 2.286637E+08  2.972  4.132  3.419  8.318  4.703  0.0000  0.0000 4.24E-01 5.76E-01 0.0000 0.8182  1.158 0.1946 0.3412 7.85E-02  0.039 0.0331 0.1640  0.000  0.003  0.0000          
 2.286704E+08  2.975  4.125  3.384  8.321  4.719  0.0000  0.0000 4.24E-01 5.76E-01 0.0000 0.8182  1.150 0.1951 0.3354 7.59E-02  0.043 0.0351 0.1640  0.000  0.004  0.0000          
 2.286758E+08  2.978  4.118  3.356  8.322  4.732  0.0000  0.0000 4.24E-01 5.76E-01 0.0000 0.8182  1.144 0.1954 0.3317 7.40E-02  0.046 0.0351 0.1640  0.000  0.004  0.0000          
 2.286813E+08  2.981  4.112  3.327  8.324  4.745  0.0000  0.0000 4.24E-01 5.76E-01 0.0000 0.8182  1.138 0.1959 0.3280 7.21E-02  0.050 0.0367 0.1666  0.000  0.004  0.0000          
 2.286876E+08  2.984  4.104  3.293  8.326  4.758  0.0000  0.0000 4.24E-01 5.76E-01 0.0000 0.8182  1.128 0.1963 0.3243 7.01E-02  0.054 0.0367 0.1666  0.000  0.004  0.0000          
 2.286911E+08  2.986  4.099  3.273  8.327  4.766  0.0000  0.0000 4.24E-01 5.76E-01 0.0000 0.8182  1.122 0.1966 0.3224 6.91E-02  0.057 0.0397 0.1666  0.000  0.004  0.0000          
 2.286968E+08  2.989  4.092  3.241  8.328  4.778  0.0000  0.0000 4.24E-01 5.76E-01 0.0000 0.8182  1.113 0.1970 0.3186 6.76E-02  0.062 0.0397 0.1690  0.000  0.004  0.0000          
 2.287005E+08  2.991  4.087  3.220  8.329  4.786  0.0000  0.0000 4.24E-01 5.76E-01 0.0000 0.8182  1.107 0.1973 0.3167 6.67E-02  0.064 0.0412 0.1690  0.000  0.004  0.0000          
 2.287064E+08  2.995  4.080  3.186  8.331  4.798  0.0000  0.0000 4.24E-01 5.76E-01 0.0000 0.8182  1.097 0.1978 0.3148 6.54E-02  0.069 0.0426 0.1690  0.000  0.004  0.0000          
 2.287123E+08  2.998  4.072  3.152  8.333  4.810  0.0000  0.0000 4.24E-01 5.76E-01 0.0000 0.8182  1.086 0.1982 0.3110 6.42E-02  0.075 0.0426 0.1690  0.000  0.005  0.0000          
 2.287160E+08  3.001  4.067  3.129  8.334  4.817  0.0000  0.0000 4.24E-01 5.76E-01 0.0000 0.8182  1.079 0.1985 0.3110 6.35E-02  0.078 0.0426 0.1690  0.000  0.005  0.0000          
 2.287198E+08  3.003  4.062  3.107  8.334  4.825  0.0000  0.0000 4.24E-01 5.76E-01 0.0000 0.8182  1.070 0.1988 0.3091 6.29E-02  0.082 0.0467 0.1702  0.000  0.005  0.0000          
 2.287251E+08  3.006  4.055  3.076  8.336  4.835  0.0000  0.0000 4.24E-01 5.76E-01 0.0000 0.8182  1.060 0.1991 0.3072 6.22E-02  0.088 0.0475 0.1702  0.000  0.005  0.0000          
 2.287308E+08  3.010  4.047  3.042  8.337  4.845  0.0000  0.0000 4.24E-01 5.76E-01 0.0000 0.8182  1.049 0.1995 0.3052 6.12E-02  0.094 0.0483 0.1702  0.000  0.005  0.0000          
 2.287371E+08  3.014  4.039  3.003  8.338  4.856  0.0000  0.0000 4.24E-01 5.76E-01 0.0000 0.8182  1.033 0.1999 0.3033 6.06E-02  0.102 0.0500 0.1702  0.000  0.005  0.0000          
 2.287436E+08  3.018  4.030  2.964  8.339  4.867  0.0000  0.0000 4.24E-01 5.76E-01 0.0000 0.8182  1.016 0.2004 0.3014 6.02E-02  0.110 0.0517 0.1702  0.000  0.005  0.0000          
 2.287491E+08  3.021  4.022  2.930  8.340  4.877  0.0000  0.0000 4.24E-01 5.76E-01 0.0000 0.8182  1.002 0.2008 0.2994 5.99E-02  0.118 0.0527 0.1690  0.000  0.005  0.0000          
 2.287535E+08  3.024  4.016  2.904  8.341  4.884  0.0000  0.0000 4.24E-01 5.76E-01 0.0000 0.8182  0.990 0.2011 0.2994 5.98E-02  0.124 0.0537 0.1690  0.000  0.005  0.0000          
 2.287585E+08  3.027  4.010  2.874  8.342  4.891  0.0000  0.0000 4.24E-01 5.76E-01 0.0000 0.8182  0.975 0.2014 0.2975 5.99E-02  0.133 0.0537 0.1690  0.000  0.005  0.0000          
 2.287624E+08  3.030  4.005  2.851  8.342  4.897  0.0000  0.0000 4.24E-01 5.76E-01 0.0000 0.8182  0.962 0.2017 0.2975 6.00E-02  0.140 0.0548 0.1690  0.000  0.005  0.0000          
 2.287661E+08  3.032  4.000  2.828  8.343  4.903  0.0000  0.0000 4.24E-01 5.76E-01 0.0000 0.8182  0.950 0.2019 0.2965 6.02E-02  0.147 0.0559 0.1690  0.000  0.005  0.0000          
 2.287711E+08  3.035  3.993  2.799  8.343  4.910  0.0000  0.0000 4.24E-01 5.76E-01 0.0000 0.8182  0.934 0.2022 0.2965 6.03E-02  0.157 0.0572 0.1678  0.000  0.005  0.0000          
 2.287763E+08  3.039  3.986  2.769  8.344  4.918  0.0000  0.0000 4.24E-01 5.76E-01 0.0000 0.8182  0.914 0.2025 0.2955 6.09E-02  0.169 0.0572 0.1678  0.000  0.005  0.0000          
 2.287829E+08  3.043  3.978  2.732  8.344  4.926  0.0000  0.0000 4.24E-01 5.76E-01 0.0000 0.8182  0.885 0.2029 0.2955 6.21E-02  0.189 0.0594 0.1678  0.000  0.005  0.0000          
 2.287885E+08  3.047  3.972  2.701  8.344  4.933  0.0000  0.0000 4.24E-01 5.76E-01 0.0000 0.8182  0.857 0.2032 0.2965 6.36E-02  0.210 0.0600 0.1666  0.000  0.005  0.0000          
 2.287934E+08  3.051  3.966  2.676  8.344  4.939  0.0000  0.0000 4.24E-01 5.76E-01 0.0000 0.8182  0.827 0.2035 0.2965 6.56E-02  0.235 0.0611 0.1666  0.000  0.005  0.0000          
 2.287980E+08  3.054  3.961  2.653  8.344  4.944  0.0000  0.0000 4.24E-01 5.76E-01 0.0000 0.8182  0.793 0.2037 0.2975 6.80E-02  0.267 0.0614 0.1666  0.000  0.005  0.0000          
 2.288027E+08  3.058  3.956  2.630  8.343  4.948  0.0000  0.0000 4.24E-01 5.76E-01 0.0000 0.8182  0.750 0.2040 0.2994 7.17E-02  0.315 0.0627 0.1653  0.000  0.005  0.0000          
 2.288077E+08  3.062  3.952  2.607  8.342  4.952  0.0000  0.0000 4.24E-01 5.76E-01 0.0000 0.8182  0.684 0.2043 0.3014 7.82E-02  0.410 0.0627 0.1653  0.000  0.005  0.0000          
 2.288130E+08  3.066  3.947  2.585  8.338  4.952  0.0000  0.0000 4.24E-01 5.76E-01 0.0000 0.8182  0.573 0.2045 0.3072 9.24E-02  0.663 0.0639 0.1640  0.000  0.004  0.0000          
 2.288196E+08  3.073  3.942  2.559  8.319  4.926  0.0000  0.0000 4.24E-01 5.76E-01 0.0000 0.8182  0.245 0.2047 0.3336 1.86E-01  1.817 0.0639 0.1615  0.000  0.003  0.0000          
 2.288276E+08  3.087  3.939  2.532  8.315  4.927  0.0000  0.0000 4.24E-01 5.76E-01 0.0000 0.8182  0.247 0.2048 0.3369 1.88E-01  0.341 0.0647 0.1678  0.000  0.003  0.0000          
 2.288295E+08  3.092  3.939  2.527  8.317  4.932  0.0000  0.0000 4.24E-01 5.76E-01 0.0000 0.8182  0.268 0.2048 0.3354 1.76E-01  0.319 0.0647 0.1678  0.000  0.003  0.0000  T3min   
 2.288354E+08  3.104  3.942  2.527  8.321  4.944  0.0000  0.0000 4.24E-01 5.76E-01 0.0000 0.8182  0.304 0.2049 0.3336 1.58E-01  0.352 0.0647 0.1678  0.000  0.003  0.0000          
 2.288401E+08  3.112  3.947  2.539  8.323  4.952  0.0000  0.0000 4.24E-01 5.76E-01 0.0000 0.8182  0.314 0.2050 0.3317 1.53E-01  0.426 0.0647 0.1678  0.000  0.003  0.0000          
 2.288443E+08  3.114  3.953  2.560  8.323  4.957  0.0000  0.0000 4.24E-01 5.76E-01 0.0000 0.8182  0.310 0.2051 0.3336 1.56E-01  0.527 0.0647 0.1666  0.000  0.003  0.0000          
 2.288472E+08  3.114  3.958  2.578  8.323  4.958  0.0000  0.0000 4.24E-01 5.76E-01 0.0000 0.8182  0.298 0.2052 0.3354 1.62E-01  0.613 0.0647 0.1666  0.000  0.003  0.0000          
 2.288506E+08  3.112  3.963  2.602  8.321  4.959  0.0000  0.0000 4.24E-01 5.76E-01 0.0000 0.8182  0.279 0.2053 0.3384 1.73E-01  0.696 0.0647 0.1666  0.000  0.003  0.0000          
 2.288565E+08  3.107  3.971  2.640  8.318  4.960  0.0000  0.0000 4.24E-01 5.76E-01 0.0000 0.8182  0.257 0.2054 0.3427 1.89E-01  0.687 0.0655 0.1666  0.000  0.003  0.0000          
 2.288624E+08  3.102  3.978  2.673  8.317  4.963  0.0000  0.0000 4.24E-01 5.76E-01 0.0000 0.8182  0.251 0.2055 0.3456 1.97E-01  0.637 0.0655 0.1666  0.000  0.003  0.0000          
 2.288665E+08  3.100  3.983  2.694  8.317  4.966  0.0000  0.0000 4.24E-01 5.76E-01 0.0000 0.8182  0.251 0.2056 0.3456 1.99E-01  0.624 0.0655 0.1678  0.000  0.003  0.0000          
 2.288755E+08  3.095  3.992  2.733  8.317  4.973  0.0000  0.0000 4.24E-01 5.76E-01 0.0000 0.8182  0.246 0.2057 0.3484 2.05E-01  0.643 0.0655 0.1678  0.000  0.003  0.0000          
 2.288903E+08  3.088  4.003  2.786  8.316  4.983  0.0000  0.0000 4.24E-01 5.76E-01 0.0000 0.8182  0.234 0.2059 0.3527 2.17E-01  0.686 0.0666 0.1678  0.000  0.003  0.0000          
 2.288992E+08  3.084  4.009  2.813  8.315  4.989  0.0000  0.0000 4.24E-01 5.76E-01 0.0000 0.8182  0.227 0.2061 0.3541 2.25E-01  0.706 0.0666 0.1678  0.000  0.003  0.0000          
 2.289148E+08  3.077  4.016  2.849  8.314  4.999  0.0000  0.0000 4.24E-01 5.76E-01 0.0000 0.8182  0.217 0.2063 0.3583 2.38E-01  0.733 0.0666 0.1690  0.000  0.003  0.0000          
 2.289361E+08  3.071  4.022  2.880  8.313  5.013  0.0000  0.0000 4.24E-01 5.76E-01 0.0000 0.8182  0.205 0.2065 0.3611 2.53E-01  0.765 0.0677 0.1690  0.000  0.003  0.0000          
 2.289770E+08  3.062  4.026  2.903  8.311  5.037  0.0000  0.0000 4.24E-01 5.76E-01 0.0000 0.8182  0.184 0.2070 0.3639 2.75E-01  0.812 0.0683 0.1702  0.000  0.003  0.0000  T3max   
 2.290396E+08  3.057  4.021  2.888  8.309  5.073  0.0000  0.0000 4.24E-01 5.76E-01 0.0000 0.8182  0.160 0.2075 0.3667 3.02E-01  0.857 0.0699 0.1736  0.000  0.003  0.0000          
 2.290690E+08  3.057  4.015  2.866  8.309  5.089  0.0000  0.0000 4.24E-01 5.76E-01 0.0000 0.8182  0.150 0.2077 0.3653 3.10E-01  0.873 0.0714 0.1736  0.000  0.003  0.0000          
 2.290972E+08  3.057  4.009  2.841  8.309  5.103  0.0000  0.0000 4.24E-01 5.76E-01 0.0000 0.8182  0.142 0.2079 0.3667 3.19E-01  0.884 0.0724 0.1736  0.000  0.003  0.0000          
 2.291175E+08  3.058  4.004  2.821  8.309  5.114  0.0000  0.0000 4.24E-01 5.76E-01 0.0000 0.8182  0.137 0.2081 0.3653 3.24E-01  0.892 0.0724 0.1736  0.000  0.003  0.0000          
 2.291482E+08  3.059  3.996  2.786  8.308  5.128  0.0000  0.0000 4.24E-01 5.76E-01 0.0000 0.8182  0.128 0.2082 0.3625 3.29E-01  0.904 0.0746 0.1758  0.000  0.004  0.0000          
 2.291667E+08  3.060  3.990  2.764  8.308  5.137  0.0000  0.0000 4.24E-01 5.76E-01 0.0000 0.8182  0.124 0.2083 0.3625 3.34E-01  0.909 0.0752 0.1758  0.000  0.004  0.0000          
 2.291844E+08  3.060  3.985  2.742  8.308  5.146  0.0000  0.0000 4.24E-01 5.76E-01 0.0000 0.8182  0.120 0.2084 0.3625 3.38E-01  0.913 0.0759 0.1758  0.000  0.004  0.0000          
 2.291990E+08  3.061  3.981  2.723  8.309  5.152  0.0000  0.0000 4.24E-01 5.76E-01 0.0000 0.8182  0.116 0.2085 0.3611 3.40E-01  0.918 0.0765 0.1758  0.000  0.004  0.0000          
 2.292130E+08  3.062  3.976  2.704  8.309  5.159  0.0000  0.0000 4.24E-01 5.76E-01 0.0000 0.8182  0.114 0.2086 0.3611 3.43E-01  0.922 0.0776 0.1758  0.000  0.004  0.0000          
 2.292272E+08  3.062  3.971  2.685  8.309  5.166  0.0000  0.0000 4.24E-01 5.76E-01 0.0000 0.8182  0.111 0.2087 0.3597 3.45E-01  0.926 0.0781 0.1758  0.000  0.004  0.0000          
 2.292419E+08  3.063  3.966  2.663  8.309  5.172  0.0000  0.0000 4.24E-01 5.76E-01 0.0000 0.8182  0.108 0.2087 0.3583 3.47E-01  0.930 0.0788 0.1778  0.000  0.004  0.0000          
 2.292612E+08  3.064  3.959  2.633  8.310  5.181  0.0000  0.0000 4.24E-01 5.76E-01 0.0000 0.8182  0.103 0.2088 0.3569 3.49E-01  0.936 0.0802 0.1778  0.000  0.004  0.0000          
 2.292752E+08  3.064  3.953  2.611  8.310  5.188  0.0000  0.0000 4.24E-01 5.76E-01 0.0000 0.8182  0.101 0.2089 0.3555 3.50E-01  0.940 0.0809 0.1778  0.000  0.004  0.0000          
 2.292919E+08  3.065  3.946  2.583  8.310  5.195  0.0000  0.0000 4.24E-01 5.76E-01 0.0000 0.8182  0.097 0.2089 0.3541 3.52E-01  0.945 0.0818 0.1778  0.000  0.004  0.0000          
 2.293052E+08  3.066  3.941  2.560  8.311  5.202  0.0000  0.0000 4.24E-01 5.76E-01 0.0000 0.8182  0.095 0.2090 0.3541 3.54E-01  0.949 0.0826 0.1778  0.000  0.004  0.0000          
 2.293167E+08  3.066  3.936  2.539  8.311  5.207  0.0000  0.0000 4.24E-01 5.76E-01 0.0000 0.8182  0.092 0.2090 0.3527 3.55E-01  0.952 0.0826 0.1778  0.000  0.004  0.0000          
 2.293342E+08  3.067  3.928  2.505  8.312  5.215  0.0000  0.0000 4.24E-01 5.76E-01 0.0000 0.8182  0.089 0.2091 0.3498 3.55E-01  0.958 0.0849 0.1778  0.000  0.004  0.0000          
 2.293447E+08  3.067  3.922  2.484  8.312  5.220  0.0000  0.0000 4.24E-01 5.76E-01 0.0000 0.8182  0.087 0.2091 0.3498 3.57E-01  0.961 0.0854 0.1778  0.000  0.004  0.0000          
 2.293547E+08  3.068  3.917  2.463  8.313  5.224  0.0000  0.0000 4.24E-01 5.76E-01 0.0000 0.8182  0.085 0.2092 0.3484 3.59E-01  0.963 0.0859 0.1798  0.000  0.004  0.0000          
 2.293680E+08  3.069  3.910  2.434  8.313  5.231  0.0000  0.0000 4.24E-01 5.76E-01 0.0000 0.8182  0.082 0.2092 0.3470 3.60E-01  0.967 0.0867 0.1798  0.000  0.004  0.0000          
 2.293789E+08  3.069  3.904  2.409  8.314  5.236  0.0000  0.0000 4.24E-01 5.76E-01 0.0000 0.8182  0.080 0.2093 0.3456 3.60E-01  0.971 0.0875 0.1788  0.000  0.004  0.0000          
 2.293894E+08  3.070  3.898  2.384  8.315  5.240  0.0000  0.0000 4.24E-01 5.76E-01 0.0000 0.8182  0.078 0.2093 0.3456 3.62E-01  0.974 0.0884 0.1788  0.000  0.005  0.0000          
 2.293970E+08  3.070  3.893  2.366  8.315  5.244  0.0000  0.0000 4.24E-01 5.76E-01 0.0000 0.8182  0.077 0.2093 0.3441 3.62E-01  0.976 0.0884 0.1788  0.000  0.005  0.0000          
 2.294084E+08  3.071  3.886  2.336  8.316  5.249  0.0000  0.0000 4.24E-01 5.76E-01 0.0000 0.8182  0.075 0.2094 0.3427 3.61E-01  0.980 0.0894 0.1788  0.000  0.005  0.0000          
 2.294153E+08  3.071  3.882  2.318  8.316  5.253  0.0000  0.0000 4.24E-01 5.76E-01 0.0000 0.8182  0.073 0.2094 0.3427 3.63E-01  0.981 0.0900 0.1798  0.000  0.005  0.0000          
 2.294273E+08  3.072  3.874  2.285  8.317  5.258  0.0000  0.0000 4.24E-01 5.76E-01 0.0000 0.8182  0.071 0.2094 0.3412 3.64E-01  0.985 0.0911 0.1798  0.000  0.005  0.0000          
 2.294377E+08  3.072  3.866  2.255  8.317  5.263  0.0000  0.0000 4.24E-01 5.76E-01 0.0000 0.8182  0.069 0.2095 0.3398 3.64E-01  0.988 0.0917 0.1798  0.000  0.005  0.0000          
 2.294515E+08  3.073  3.856  2.212  8.318  5.270  0.0000  0.0000 4.24E-01 5.76E-01 0.0000 0.8182  0.067 0.2095 0.3384 3.64E-01  0.992 0.0924 0.1798  0.000  0.005  0.0000          
 2.294606E+08  3.074  3.849  2.183  8.319  5.274  0.0000  0.0000 4.24E-01 5.76E-01 0.0000 0.8182  0.066 0.2095 0.3369 3.66E-01  0.995 0.0930 0.1798  0.000  0.005  0.0000          
 2.294681E+08  3.074  3.843  2.158  8.319  5.278  0.0000  0.0000 4.24E-01 5.76E-01 0.0000 0.8182  0.064 0.2096 0.3369 3.65E-01  0.997 0.0936 0.1798  0.000  0.005  0.0000          
 2.294753E+08  3.074  3.837  2.134  8.320  5.281  0.0000  0.0000 4.24E-01 5.76E-01 0.0000 0.8182  0.063 0.2096 0.3354 3.67E-01  0.999 0.0943 0.1816  0.000  0.005  0.0000          
 2.294812E+08  3.075  3.831  2.113  8.320  5.284  0.0000  0.0000 4.24E-01 5.76E-01 0.0000 0.8182  0.062 0.2096 0.3345 3.66E-01  1.000 0.0948 0.1807  0.000  0.005  0.0000          
 2.294926E+08  3.075  3.821  2.071  8.321  5.290  0.0000  0.0000 4.24E-01 5.76E-01 0.0000 0.8182  0.060 0.2096 0.3327 3.66E-01  1.004 0.0954 0.1807  0.000  0.005  0.0000          
 2.295001E+08  3.075  3.814  2.042  8.322  5.293  0.0000  0.0000 4.24E-01 5.76E-01 0.0000 0.8182  0.059 0.2096 0.3327 3.68E-01  1.006 0.0959 0.1807  0.000  0.005  0.0000          
 2.295063E+08  3.076  3.808  2.018  8.322  5.296  0.0000  0.0000 4.24E-01 5.76E-01 0.0000 0.8182  0.058 0.2097 0.3317 3.65E-01  1.008 0.0964 0.1807  0.000  0.005  0.0000          
 2.295183E+08  3.076  3.796  1.968  8.323  5.302  0.0000  0.0000 4.24E-01 5.76E-01 0.0000 0.8182  0.056 0.2097 0.3299 3.65E-01  1.012 0.0970 0.1807  0.000  0.005  0.0000          
 2.295232E+08  3.077  3.791  1.947  8.323  5.305  0.0000  0.0000 4.24E-01 5.76E-01 0.0000 0.8182  0.055 0.2097 0.3290 3.66E-01  1.014 0.0976 0.1807  0.000  0.005  0.0000          
 2.295326E+08  3.077  3.780  1.906  8.324  5.309  0.0000  0.0000 4.24E-01 5.76E-01 0.0000 0.8182  0.054 0.2097 0.3280 3.66E-01  1.016 0.0982 0.1807  0.000  0.006  0.0000          
 2.295451E+08  3.077  3.766  1.849  8.325  5.316  0.0000  0.0000 4.24E-01 5.76E-01 0.0000 0.8182  0.052 0.2098 0.3262 3.66E-01  1.021 0.0987 0.1816  0.000  0.006  0.0000          
 2.295502E+08  3.078  3.761  1.829  8.326  5.318  0.0000  0.0000 4.24E-01 5.76E-01 0.0000 0.8182  0.051 0.2098 0.3252 3.67E-01  1.022 0.0995 0.1816  0.000  0.006  0.0000          
 2.295601E+08  3.078  3.753  1.797  8.326  5.323  0.0000  0.0000 4.24E-01 5.76E-01 0.0000 0.8182  0.049 0.2098 0.3243 3.66E-01  1.026 0.1002 0.1816  0.000  0.006  0.0000          
 2.295731E+08  3.078  3.745  1.763  8.327  5.330  0.0000  0.0000 4.24E-01 5.76E-01 0.0000 0.8182  0.047 0.2098 0.3224 3.66E-01  1.031 0.1009 0.1816  0.000  0.006  0.0000          
 2.295888E+08  3.078  3.738  1.737  8.329  5.338  0.0000  0.0000 4.24E-01 5.76E-01 0.0000 0.8182  0.045 0.2099 0.3196 3.67E-01  1.038 0.1024 0.1816  0.000  0.006  0.0000          
 2.296036E+08  3.078  3.733  1.718  8.330  5.346  0.0000  0.0000 4.24E-01 5.76E-01 0.0000 0.8182  0.043 0.2099 0.3177 3.68E-01  1.044 0.1032 0.1825  0.000  0.006  0.0000          
 2.296206E+08  3.077  3.729  1.699  8.331  5.355  0.0000  0.0000 4.24E-01 5.76E-01 0.0000 0.8182  0.041 0.2099 0.3158 3.69E-01  1.051 0.1044 0.1825  0.000  0.007  0.0000          
 2.296395E+08  3.078  3.724  1.679  8.333  5.365  0.0000  0.0000 4.24E-01 5.76E-01 0.0000 0.8182  0.038 0.2100 0.3120 3.68E-01  1.057 0.1057 0.1825  0.000  0.007  0.0000          
 2.296630E+08  3.082  3.720  1.657  8.335  5.377  0.0000  0.0000 4.24E-01 5.76E-01 0.0000 0.8182  0.034 0.2100 0.3081 3.70E-01  1.055 0.1074 0.1835  0.000  0.007  0.0000          
 2.296781E+08  3.088  3.718  1.645  8.336  5.386  0.0000  0.0000 4.24E-01 5.76E-01 0.0000 0.8145  0.032 0.2100 0.3062 3.70E-01  1.048 0.1087 0.1835  0.000  0.007  0.0000  Bagb    
 2.297058E+08  3.103  3.714  1.615  8.339  5.401  0.0000  0.0000 4.24E-01 5.76E-01 0.0000 0.8089  0.028 0.2101 0.3023 3.71E-01  1.027 0.1106 0.1835  0.000  0.007  0.0000          
 2.297393E+08  3.121  3.712  1.587  8.342  5.420  0.0000  0.0000 4.24E-01 5.76E-01 0.0000 0.7907  0.024 0.2101 0.2984 3.69E-01  1.006 0.1132 0.1842  0.000  0.008  0.0000          
 2.297791E+08  3.139  3.709  1.561  8.346  5.443  0.0000  0.0000 4.24E-01 5.76E-01 0.0000 0.7303  0.020 0.2102 0.2955 3.68E-01  0.994 0.1162 0.1850  0.000  0.008  0.0000          
 2.298270E+08  3.158  3.708  1.538  8.350  5.471  0.0000  0.0000 4.24E-01 5.76E-01 0.0000 0.6826  0.017 0.2102 0.2906 3.63E-01  0.989 0.1198 0.1858  0.000  0.009  0.0000          
 2.298757E+08  3.176  3.707  1.515  8.355  5.501  0.0000  0.0000 4.24E-01 5.76E-01 0.0000 0.6361  0.014 0.2103 0.2862 3.58E-01  0.986 0.1237 0.1865  0.000  0.009  0.0000          
 2.299251E+08  3.196  3.706  1.489  8.359  5.532  0.0000  0.0000 4.24E-01 5.76E-01 0.0000 0.6046  0.011 0.2103 0.2822 3.49E-01  0.985 0.1270 0.1878  0.000  0.010  0.0000          
 2.299656E+08  3.213  3.704  1.466  8.363  5.559  0.0000  0.0000 4.24E-01 5.76E-01 0.0000 0.5644  0.010 0.2104 0.2787 3.42E-01  0.982 0.1304 0.1885  0.000  0.011  0.0000          
 2.300039E+08  3.231  3.703  1.444  8.366  5.586  0.0000  0.0000 4.24E-01 5.76E-01 0.0000 0.5375  0.009 0.2104 0.2752 3.32E-01  0.980 0.1334 0.1897  0.000  0.012  0.0000          
 2.300435E+08  3.250  3.702  1.421  8.370  5.614  0.0000  0.0000 4.24E-01 5.76E-01 0.0000 0.5142  0.007 0.2104 0.2716 3.19E-01  0.979 0.1355 0.1909  0.000  0.012  0.0000          
 2.300805E+08  3.269  3.701  1.399  8.372  5.642  0.0000  0.0000 4.24E-01 5.76E-01 0.0000 0.4876  0.006 0.2105 0.2686 3.07E-01  0.976 0.1414 0.1915  0.000  0.013  0.0000          
 2.301201E+08  3.290  3.701  1.374  8.375  5.672  0.0000  0.0000 4.24E-01 5.76E-01 0.0000 0.4667  0.006 0.2105 0.2650 2.89E-01  0.974 0.1449 0.1927  0.000  0.014  0.0009          
 2.301522E+08  3.308  3.700  1.354  8.376  5.698  0.0000  0.0000 4.24E-01 5.76E-01 0.0000 0.4431  0.005 0.2105 0.2620 2.74E-01  0.971 0.1479 0.1938  0.000  0.015  0.0032          
 2.301852E+08  3.328  3.699  1.332  8.378  5.726  0.0000  0.0000 4.24E-01 5.76E-01 0.0000 0.4262  0.005 0.2106 0.2589 2.55E-01  0.969 0.1508 0.1949  0.000  0.016  0.0062          
 2.302148E+08  3.346  3.699  1.312  8.379  5.752  0.0000  0.0000 4.24E-01 5.76E-01 0.0000 0.4070  0.004 0.2106 0.2560 2.35E-01  0.966 0.1536 0.1960  0.000  0.017  0.0090          
 2.302449E+08  3.366  3.698  1.290  8.379  5.780  0.0000  0.0000 4.24E-01 5.76E-01 0.0000 0.3938  0.004 0.2106 0.2528 2.12E-01  0.965 0.1569 0.1971  0.000  0.018  0.0132          
 2.302722E+08  3.384  3.698  1.269  8.379  5.806  0.0000  0.0000 4.24E-01 5.76E-01 0.0000 0.3784  0.004 0.2106 0.2501 1.91E-01  0.962 0.1595 0.1986  0.000  0.019  0.0173          
 2.302995E+08  3.404  3.697  1.248  8.378  5.833  0.0000  0.0000 4.24E-01 5.76E-01 0.0000 0.3653  0.004 0.2107 0.2474 1.66E-01  0.959 0.1625 0.1995  0.000  0.021  0.0204          
 2.303269E+08  3.424  3.697  1.225  8.377  5.862  0.0000  0.0000 4.24E-01 5.76E-01 0.0000 0.3541  0.004 0.2107 0.2443 1.41E-01  0.957 0.1656 0.2010  0.000  0.022  0.0247          
 2.303504E+08  3.442  3.696  1.204  8.375  5.887  0.0000  0.0000 4.24E-01 5.76E-01 0.0000 0.3412  0.005 0.2108 0.2418 1.18E-01  0.953 0.1681 0.2019  0.000  0.023  0.0278          
 2.303737E+08  3.461  3.695  1.181  8.372  5.914  0.0000  0.0000 4.24E-01 5.76E-01 0.0000 0.3317  0.005 0.2109 0.2392 9.53E-02  0.949 0.1711 0.2034  0.000  0.024  0.0331          
 2.303964E+08  3.480  3.694  1.159  8.369  5.940  0.0000  0.0000 4.24E-01 5.76E-01 0.0000 0.3225  0.007 0.2110 0.2367 7.37E-02  0.945 0.1736 0.2044  0.000  0.026  0.0367          
 2.304181E+08  3.498  3.693  1.138  8.366  5.967  0.0000  0.0000 4.24E-01 5.76E-01 0.0000 0.3136  0.009 0.2113 0.2340 5.33E-02  0.941 0.1763 0.2055  0.000  0.027  0.0426          
 2.304387E+08  3.517  3.693  1.116  8.361  5.993  0.0000  0.0000 4.24E-01 5.76E-01 0.0000 0.3067  0.015 0.2118 0.2309 3.29E-02  0.932 0.1790 0.2068  0.000  0.028  0.0465          
 2.304580E+08  3.535  3.692  1.095  8.356  6.019  0.0000  0.0000 4.24E-01 5.76E-01 0.0000 0.2992  0.030 0.2125 0.2258 1.65E-02  0.915 0.1816 0.2080  0.000  0.030  0.0500          
 2.304743E+08  3.553  3.691  1.075  8.350  6.041  0.0000  0.0000 4.24E-01 5.76E-01 0.0000 0.2938  0.056 0.2132 0.2222 8.96E-03  0.889 0.1839 0.2092  0.000  0.031  0.0537          
 2.304899E+08  3.571  3.691  1.054  8.344  6.063  0.0000  0.0000 4.24E-01 5.76E-01 0.0000 0.2870  0.092 0.2139 0.2208 5.41E-03  0.852 0.1859 0.2103  0.000  0.032  0.0591          
 2.305034E+08  3.590  3.690  1.034  8.339  6.083  0.0000  0.0000 4.24E-01 5.76E-01 0.0000 0.2829  0.121 0.2146 0.2204 4.07E-03  0.826 0.1877 0.2110  0.000  0.033  0.0627          
 2.305175E+08  3.608  3.690  1.013  8.332  6.103  0.0000  0.0000 4.24E-01 5.76E-01 0.0000 0.2777  0.142 0.2152 0.2204 3.30E-03  0.804 0.1896 0.2118  0.000  0.034  0.0655          
 2.305320E+08  3.626  3.689  0.994  8.326  6.125  0.0000  0.0000 4.24E-01 5.76E-01 0.0000 0.2722  0.169 0.2159 0.2204 2.67E-03  0.776 0.1915 0.2127  0.000  0.034  0.0699          
 2.305446E+08  3.645  3.689  0.974  8.319  6.144  0.0000  0.0000 4.24E-01 5.76E-01 0.0000 0.2671  0.204 0.2166 0.2204 2.10E-03  0.739 0.1931 0.2135  0.000  0.035  0.0724          
 2.305562E+08  3.663  3.689  0.954  8.313  6.162  0.0000  0.0000 4.24E-01 5.76E-01 0.0000 0.2630  0.229 0.2172 0.2204 1.78E-03  0.713 0.1947 0.2143  0.000  0.035  0.0753          
 2.305693E+08  3.682  3.688  0.933  8.306  6.183  0.0000  0.0000 4.24E-01 5.76E-01 0.0000 0.2592  0.250 0.2179 0.2208 1.54E-03  0.692 0.1964 0.2154  0.000  0.036  0.0782          
 2.305816E+08  3.700  3.688  0.913  8.298  6.202  0.0000  0.0000 4.24E-01 5.76E-01 0.0000 0.2562  0.267 0.2187 0.2211 1.33E-03  0.674 0.1981 0.2161  0.000  0.036  0.0838          
 2.305946E+08  3.719  3.687  0.891  8.290  6.223  0.0000  0.0000 4.24E-01 5.76E-01 0.0000 0.2532  0.282 0.2195 0.2217 1.17E-03  0.658 0.1998 0.2172  0.000  0.037  0.0859          
 2.306068E+08  3.736  3.686  0.869  8.281  6.243  0.0000  0.0000 4.24E-01 5.76E-01 0.0000 0.2508  0.294 0.2202 0.2223 1.03E-03  0.644 0.2015 0.2181  0.000  0.037  0.0911          
 2.306190E+08  3.754  3.685  0.847  8.273  6.263  0.0000  0.0000 4.24E-01 5.76E-01 0.0000 0.2487  0.305 0.2211 0.2229 9.20E-04  0.632 0.2031 0.2191  0.000  0.037  0.0937          
 2.306310E+08  3.772  3.684  0.824  8.264  6.283  0.0000  0.0000 4.24E-01 5.76E-01 0.0000 0.2470  0.315 0.2219 0.2237 8.17E-04  0.620 0.2048 0.2202  0.000  0.037  0.0959          
 2.306435E+08  3.791  3.683  0.802  8.254  6.303  0.0000  0.0000 4.24E-01 5.76E-01 0.0000 0.2453  0.325 0.2228 0.2245 7.22E-04  0.608 0.2066 0.2211  0.000  0.037  0.1002          
 2.306553E+08  3.808  3.682  0.781  8.245  6.323  0.0000  0.0000 4.24E-01 5.76E-01 0.0000 0.2440  0.333 0.2237 0.2253 6.46E-04  0.596 0.2083 0.2222  0.000  0.037  0.1044          
 2.306671E+08  3.827  3.681  0.760  8.235  6.343  0.0000  0.0000 4.24E-01 5.76E-01 0.0000 0.2429  0.344 0.2247 0.2261 5.72E-04  0.583 0.2099 0.2232  0.000  0.037  0.1087          
 2.306789E+08  3.845  3.680  0.739  8.226  6.363  0.0000  0.0000 4.24E-01 5.76E-01 0.0000 0.2421  0.353 0.2257 0.2270 5.10E-04  0.573 0.2117 0.2244  0.000  0.037  0.1125          
 2.306912E+08  3.863  3.680  0.719  8.216  6.384  0.0000  0.0000 4.24E-01 5.76E-01 0.0000 0.2415  0.360 0.2268 0.2280 4.58E-04  0.562 0.2134 0.2256  0.000  0.036  0.1162          
 2.307030E+08  3.881  3.680  0.700  8.206  6.405  0.0000  0.0000 4.24E-01 5.76E-01 0.0000 0.2411  0.367 0.2279 0.2290 3.98E-04  0.552 0.2152 0.2267  0.000  0.036  0.1198          
 2.307147E+08  3.899  3.679  0.679  8.197  6.425  0.0000  0.0000 4.24E-01 5.76E-01 0.0000 0.2408  0.376 0.2290 0.2301 3.57E-04  0.542 0.2170 0.2279  0.000  0.036  0.1231          
 2.307268E+08  3.917  3.679  0.658  8.187  6.446  0.0000  0.0000 4.24E-01 5.76E-01 0.0000 0.2408  0.383 0.2303 0.2312 3.14E-04  0.529 0.2188 0.2293  0.000  0.035  0.1270          
 2.307390E+08  3.935  3.678  0.638  8.178  6.468  0.0000  0.0000 4.24E-01 5.76E-01 0.0000 0.2407  0.385 0.2315 0.2324 2.81E-04  0.518 0.2207 0.2306  0.000  0.035  0.1320          
 2.307506E+08  3.953  3.677  0.617  8.169  6.488  0.0000  0.0000 4.24E-01 5.76E-01 0.0000 0.2407  0.387 0.2327 0.2335 2.53E-04  0.498 0.2225 0.2319  0.000  0.034  0.1356          
 2.307635E+08  3.971  3.676  0.593  8.159  6.511  0.0000  0.0000 4.24E-01 5.76E-01 0.0000 0.2407  0.466 0.2342 0.2349 1.95E-04  0.453 0.2246 0.2334  0.000  0.034  0.1404          
 2.307792E+08  3.970  3.676  0.596  8.148  6.539  0.0000  0.0000 4.24E-01 5.76E-01 0.0000 0.2407  0.415 0.2360 0.2367 2.04E-04  0.505 0.2270 0.2353  0.000  0.035  0.1464  1tp
