#age/yr        logL   logTef lgrav  logTc  logrho Xc      Yc     Xc_C     Xc_O     Q_conv Q_disc  L_H/L Q1_H   Q2_H   f_pp      L_He/L Q1_He  Q2_He  L_C/L  L_nu/L Q_Tmax  stage
 0.000000E+00  0.003  3.824  4.633  7.138  1.990  0.7680  0.2320 0.00E+00 0.00E+00 0.0588 0.1304  1.008 0.0000 0.3205 1.00E+00  0.000 0.0000 0.0000  0.000  0.000  0.0000  ZAMS                
 2.165966E+08  0.022  3.825  4.619  7.138  2.004  0.7469  0.2530 0.00E+00 0.00E+00 0.0107 0.4807  1.000 0.0000 0.3804 1.00E+00  0.000 0.0000 0.0000  0.000  0.000  0.0000          
 6.185548E+08  0.039  3.827  4.609  7.145  2.028  0.7059  0.2941 0.00E+00 0.00E+00 0.0024 0.5743  1.000 0.0000 0.3912 1.00E+00  0.000 0.0000 0.0000  0.000  0.000  0.0000          
 9.963917E+08  0.055  3.829  4.600  7.151  2.054  0.6645  0.3355 0.00E+00 0.00E+00 0.0004 0.6189  1.000 0.0000 0.4017 1.00E+00  0.000 0.0000 0.0000  0.000  0.000  0.0000          
 1.383060E+09  0.073  3.831  4.590  7.158  2.082  0.6203  0.3796 0.00E+00 0.00E+00 0.0000 0.6460  1.000 0.0000 0.4017 1.00E+00  0.000 0.0000 0.0000  0.000  0.000  0.0000          
 1.759060E+09  0.090  3.833  4.580  7.166  2.111  0.5767  0.4233 0.00E+00 0.00E+00 0.0000 0.6689  1.000 0.0000 0.4121 1.00E+00  0.000 0.0000 0.0000  0.000  0.000  0.0000          
 2.120275E+09  0.108  3.835  4.570  7.173  2.140  0.5340  0.4660 0.00E+00 0.00E+00 0.0000 0.6845  1.000 0.0000 0.4223 1.00E+00  0.000 0.0000 0.0000  0.000  0.000  0.0000          
 2.462761E+09  0.125  3.837  4.560  7.181  2.170  0.4929  0.5071 0.00E+00 0.00E+00 0.0000 0.6993  1.000 0.0000 0.4223 1.00E+00  0.000 0.0000 0.0000  0.000  0.000  0.0000          
 2.783651E+09  0.142  3.838  4.550  7.189  2.200  0.4537  0.5463 0.00E+00 0.00E+00 0.0000 0.7065  1.000 0.0000 0.4300 1.00E+00  0.000 0.0000 0.0000  0.000  0.000  0.0000          
 3.108281E+09  0.160  3.840  4.539  7.197  2.232  0.4134  0.5866 0.00E+00 0.00E+00 0.0000 0.7135  1.000 0.0000 0.4300 1.00E+00  0.000 0.0000 0.0000  0.000  0.000  0.0000          
 3.409040E+09  0.177  3.842  4.528  7.205  2.264  0.3756  0.6244 0.00E+00 0.00E+00 0.0000 0.7204  1.000 0.0000 0.4375 1.00E+00  0.000 0.0000 0.0000  0.000  0.000  0.0000          
 3.713748E+09  0.195  3.843  4.517  7.213  2.298  0.3370  0.6630 0.00E+00 0.00E+00 0.0000 0.7270  1.000 0.0000 0.4375 1.00E+00  0.000 0.0000 0.0000  0.000  0.000  0.0000          
 3.996332E+09  0.213  3.845  4.506  7.222  2.332  0.3012  0.6988 0.00E+00 0.00E+00 0.0000 0.7335  1.000 0.0000 0.4523 1.00E+00  0.000 0.0000 0.0000  0.000  0.000  0.0000          
 4.258504E+09  0.230  3.847  4.495  7.229  2.366  0.2686  0.7314 0.00E+00 0.00E+00 0.0000 0.7399  1.000 0.0000 0.4523 1.00E+00  0.000 0.0000 0.0000  0.000  0.000  0.0000          
 4.501390E+09  0.247  3.848  4.484  7.237  2.400  0.2393  0.7607 0.00E+00 0.00E+00 0.0000 0.7399  1.000 0.0000 0.4523 1.00E+00  0.000 0.0000 0.0000  0.000  0.000  0.0000          
 4.737339E+09  0.265  3.850  4.473  7.244  2.434  0.2123  0.7877 0.00E+00 0.00E+00 0.0000 0.7461  1.000 0.0000 0.4667 1.00E+00  0.000 0.0000 0.0000  0.000  0.000  0.0000          
 4.959982E+09  0.282  3.851  4.462  7.252  2.469  0.1883  0.8117 0.00E+00 0.00E+00 0.0000 0.7461  1.000 0.0000 0.4667 1.00E+00  0.000 0.0000 0.0000  0.000  0.000  0.0000          
 5.172818E+09  0.300  3.853  4.450  7.258  2.504  0.1670  0.8330 0.00E+00 0.00E+00 0.0000 0.7522  1.000 0.0000 0.4667 1.00E+00  0.000 0.0000 0.0000  0.000  0.000  0.0000          
 5.377616E+09  0.318  3.854  4.438  7.265  2.540  0.1482  0.8518 0.00E+00 0.00E+00 0.0000 0.7522  1.000 0.0000 0.4667 1.00E+00  0.000 0.0000 0.0000  0.000  0.000  0.0000          
 5.575618E+09  0.336  3.856  4.426  7.272  2.577  0.1315  0.8685 0.00E+00 0.00E+00 0.0000 0.7581  1.000 0.0000 0.4807 1.00E+00  0.000 0.0000 0.0000  0.000  0.000  0.0000          
 5.767411E+09  0.355  3.858  4.414  7.279  2.615  0.1167  0.8833 0.00E+00 0.00E+00 0.0000 0.7581  1.000 0.0000 0.4807 1.00E+00  0.000 0.0000 0.0000  0.000  0.000  0.0000          
 5.952987E+09  0.375  3.859  4.401  7.286  2.654  0.1035  0.8965 0.00E+00 0.00E+00 0.0000 0.7639  1.000 0.0000 0.4807 1.00E+00  0.000 0.0000 0.0000  0.000  0.000  0.0000          
 6.126010E+09  0.393  3.860  4.387  7.293  2.688  0.0923  0.9077 0.00E+00 0.00E+00 0.0000 0.7639  1.000 0.0000 0.4807 1.00E+00  0.000 0.0000 0.0000  0.000  0.000  0.0000          
 6.319103E+09  0.415  3.862  4.371  7.301  2.729  0.0810  0.9190 0.00E+00 0.00E+00 0.0000 0.7639  1.000 0.0000 0.4876 1.00E+00  0.000 0.0000 0.0000  0.000  0.000  0.0000          
 6.517841E+09  0.440  3.864  4.355  7.310  2.778  0.0704  0.9296 0.00E+00 0.00E+00 0.0000 0.7686  1.000 0.0000 0.4944 1.00E+00  0.000 0.0000 0.0000  0.000  0.000  0.0000          
 6.706906E+09  0.466  3.866  4.337  7.319  2.828  0.0611  0.9389 0.00E+00 0.00E+00 0.0000 0.7686  1.000 0.0000 0.5011 1.00E+00  0.000 0.0000 0.0000  0.000  0.000  0.0000          
 6.827142E+09  0.483  3.868  4.326  7.326  2.862  0.0556  0.9444 0.00E+00 0.00E+00 0.0000 0.7686  1.000 0.0000 0.5011 1.00E+00  0.000 0.0000 0.0000  0.000  0.000  0.0000          
 6.942772E+09  0.501  3.869  4.313  7.333  2.897  0.0507  0.9494 0.00E+00 0.00E+00 0.0000 0.7732  1.000 0.0000 0.5011 1.00E+00  0.000 0.0000 0.0000  0.000  0.000  0.0000          
 7.053456E+09  0.519  3.870  4.301  7.341  2.932  0.0461  0.9539 0.00E+00 0.00E+00 0.0000 0.7732  1.000 0.0000 0.5077 1.00E+00  0.000 0.0000 0.0000  0.000  0.000  0.0000          
 7.159204E+09  0.537  3.872  4.289  7.348  2.968  0.0420  0.9581 0.00E+00 0.00E+00 0.0000 0.7732  1.000 0.0000 0.5077 1.00E+00  0.000 0.0000 0.0000  0.000  0.000  0.0000          
 7.259947E+09  0.555  3.873  4.276  7.356  3.004  0.0382  0.9618 0.00E+00 0.00E+00 0.0000 0.7732  1.000 0.0000 0.5142 1.00E+00  0.000 0.0000 0.0000  0.000  0.000  0.0000          
 7.355701E+09  0.573  3.874  4.262  7.364  3.041  0.0347  0.9653 0.00E+00 0.00E+00 0.0000 0.7732  1.000 0.0000 0.5142 1.00E+00  0.000 0.0000 0.0000  0.000  0.000  0.0000          
 7.446515E+09  0.592  3.875  4.249  7.372  3.078  0.0316  0.9684 0.00E+00 0.00E+00 0.0000 0.7777  1.000 0.0000 0.5142 1.00E+00  0.000 0.0000 0.0000  0.000  0.000  0.0000          
 7.532466E+09  0.610  3.876  4.235  7.381  3.115  0.0287  0.9713 0.00E+00 0.00E+00 0.0000 0.7777  1.000 0.0000 0.5206 1.00E+00  0.000 0.0000 0.0000  0.000  0.000  0.0000          
 7.613671E+09  0.628  3.877  4.221  7.389  3.152  0.0261  0.9739 0.00E+00 0.00E+00 0.0000 0.7777  1.000 0.0000 0.5206 1.00E+00  0.000 0.0000 0.0000  0.000  0.000  0.0000          
 7.690273E+09  0.646  3.878  4.206  7.398  3.190  0.0238  0.9762 0.00E+00 0.00E+00 0.0000 0.7777  1.000 0.0000 0.5206 1.00E+00  0.000 0.0000 0.0000  0.000  0.000  0.0000          
 7.762426E+09  0.664  3.879  4.190  7.407  3.227  0.0216  0.9784 0.00E+00 0.00E+00 0.0000 0.7777  1.000 0.0000 0.5270 1.00E+00  0.000 0.0000 0.0000  0.000  0.000  0.0000          
 7.830372E+09  0.682  3.880  4.175  7.417  3.265  0.0197  0.9803 0.00E+00 0.00E+00 0.0000 0.7777  1.000 0.0000 0.5270 1.00E+00  0.000 0.0000 0.0000  0.000  0.000  0.0000          
 7.894232E+09  0.700  3.880  4.159  7.426  3.302  0.0179  0.9821 0.00E+00 0.00E+00 0.0000 0.7777  1.000 0.0000 0.5270 1.00E+00  0.000 0.0000 0.0000  0.000  0.000  0.0000          
 7.982831E+09  0.727  3.880  4.133  7.441  3.359  0.0155  0.9845 0.00E+00 0.00E+00 0.0000 0.7777  1.000 0.0000 0.5270 1.00E+00  0.000 0.0000 0.0000  0.000  0.000  0.0000          
 8.010553E+09  0.736  3.880  4.125  7.446  3.378  0.0148  0.9852 0.00E+00 0.00E+00 0.0000 0.7777  1.000 0.0000 0.5270 1.00E+00  0.000 0.0000 0.0000  0.000  0.000  0.0000  Tmax    
 8.088656E+09  0.762  3.880  4.098  7.461  3.434  0.0128  0.9872 0.00E+00 0.00E+00 0.0000 0.7821  1.000 0.0000 0.5332 1.00E+00  0.000 0.0000 0.0000  0.000  0.000  0.0000          
 8.159688E+09  0.787  3.880  4.070  7.475  3.491  0.0111  0.9889 0.00E+00 0.00E+00 0.0000 0.7821  1.000 0.0000 0.5332 1.00E+00  0.000 0.0000 0.0000  0.000  0.000  0.0000          
 8.224289E+09  0.813  3.879  4.041  7.490  3.549  0.0096  0.9904 0.00E+00 0.00E+00 0.0000 0.7821  1.000 0.0000 0.5332 1.00E+00  0.000 0.0000 0.0000  0.000  0.000  0.0000          
 8.295163E+09  0.840  3.876  4.001  7.506  3.606  0.0081  0.9919 0.00E+00 0.00E+00 0.0000 0.7821  1.000 0.0000 0.5270 1.00E+00  0.000 0.0000 0.0000  0.000  0.000  0.0000          
 8.362728E+09  0.870  3.872  3.957  7.523  3.675  0.0068  0.9932 0.00E+00 0.00E+00 0.0000 0.7821  1.000 0.0000 0.5270 1.00E+00  0.000 0.0000 0.0000  0.000  0.000  0.0000          
 8.415386E+09  0.896  3.869  3.920  7.539  3.740  0.0059  0.9941 0.00E+00 0.00E+00 0.0000 0.7821  1.000 0.0000 0.5270 1.00E+00  0.000 0.0000 0.0000  0.000  0.000  0.0000          
 8.460451E+09  0.921  3.866  3.883  7.555  3.803  0.0051  0.9949 0.00E+00 0.00E+00 0.0000 0.7821  1.000 0.0000 0.5270 1.00E+00  0.000 0.0000 0.0000  0.000  0.000  0.0000          
 8.501604E+09  0.945  3.862  3.843  7.570  3.866  0.0044  0.9956 0.00E+00 0.00E+00 0.0000 0.7821  1.000 0.0000 0.5206 1.00E+00  0.000 0.0000 0.0000  0.000  0.000  0.0000          
 8.539227E+09  0.969  3.857  3.799  7.585  3.929  0.0038  0.9962 0.00E+00 0.00E+00 0.0000 0.7821  1.000 0.0000 0.5206 1.00E+00  0.000 0.0000 0.0000  0.000  0.000  0.0000          
 8.573175E+09  0.992  3.852  3.753  7.599  3.992  0.0033  0.9967 0.00E+00 0.00E+00 0.0000 0.7821  1.000 0.0000 0.5142 1.00E+00  0.000 0.0000 0.0000  0.000  0.000  0.0000          
 8.603698E+09  1.014  3.845  3.706  7.614  4.055  0.0028  0.9972 0.00E+00 0.00E+00 0.0000 0.7821  1.000 0.0000 0.5077 1.00E+00  0.000 0.0000 0.0000  0.000  0.000  0.0000          
 8.631343E+09  1.036  3.839  3.657  7.628  4.118  0.0024  0.9976 0.00E+00 0.00E+00 0.0000 0.7821  0.999 0.0000 0.5077 1.00E+00  0.000 0.0000 0.0000  0.000  0.000  0.0000          
 8.644227E+09  1.047  3.835  3.632  7.635  4.150  0.0023  0.9977 0.00E+00 0.00E+00 0.0000 0.7821  0.999 0.0000 0.5011 1.00E+00  0.000 0.0000 0.0000  0.000  0.000  0.0000          
 8.656536E+09  1.058  3.831  3.606  7.642  4.181  0.0021  0.9979 0.00E+00 0.00E+00 0.0000 0.7821  0.999 0.0000 0.4978 1.00E+00  0.000 0.0000 0.0000  0.000  0.000  0.0000          
 8.668311E+09  1.068  3.828  3.581  7.649  4.212  0.0020  0.9980 0.00E+00 0.00E+00 0.0000 0.7821  0.999 0.0000 0.4978 1.00E+00  0.000 0.0000 0.0000  0.000  0.000  0.0000          
 8.690441E+09  1.089  3.820  3.531  7.663  4.275  0.0017  0.9983 0.00E+00 0.00E+00 0.0000 0.7821  0.999 0.0000 0.4910 1.00E+00  0.000 0.0000 0.0000  0.000  0.000  0.0000          
 8.700870E+09  1.099  3.817  3.506  7.670  4.306  0.0016  0.9984 0.00E+00 0.00E+00 0.0000 0.7821  0.999 0.0000 0.4876 1.00E+00  0.000 0.0000 0.0000  0.000  0.000  0.0000          
 8.720566E+09  1.120  3.809  3.457  7.684  4.368  0.0014  0.9986 0.00E+00 0.00E+00 0.0000 0.7821  0.999 0.0000 0.4807 1.00E+00  0.000 0.0000 0.0000  0.000  0.000  0.0000          
 8.738870E+09  1.139  3.802  3.408  7.698  4.430  0.0012  0.9988 0.00E+00 0.00E+00 0.0000 0.7821  0.999 0.0000 0.4738 1.00E+00  0.000 0.0000 0.0000  0.000  0.000  0.0000          
 8.755973E+09  1.159  3.795  3.360  7.712  4.492  0.0010  0.9990 0.00E+00 0.00E+00 0.0000 0.7821  0.999 0.0000 0.4667 1.00E+00  0.000 0.0000 0.0000  0.000  0.000  0.0000          
 8.772023E+09  1.178  3.788  3.312  7.726  4.554  0.0009  0.9991 4.36E-20 2.19E-20 0.0000 0.7821  0.999 0.0000 0.4560 1.00E+00  0.000 0.0000 0.0000  0.000  0.000  0.0000          
 8.781767E+09  1.194  3.786  3.288  7.741  4.610  0.0008  0.9992 1.46E-18 6.68E-19 0.0000 0.7821  0.998 0.0000 0.4632 1.00E+00  0.000 0.0000 0.0000  0.000  0.000  0.0000          
 8.788727E+09  1.204  3.782  3.263  7.747  4.643  0.0007  0.9993 6.70E-18 2.97E-18 0.0000 0.7821  0.998 0.0000 0.4560 1.00E+00  0.000 0.0000 0.0000  0.000  0.000  0.0000          
 8.796133E+09  1.214  3.778  3.238  7.754  4.677  0.0007  0.9993 2.82E-17 1.20E-17 0.0000 0.7821  0.998 0.0000 0.4487 1.00E+00  0.000 0.0000 0.0000  0.000  0.000  0.0000          
 8.803503E+09  1.225  3.775  3.212  7.762  4.712  0.0006  0.9994 1.21E-16 4.91E-17 0.0000 0.7821  0.998 0.0000 0.4431 1.00E+00  0.000 0.0000 0.0000  0.000  0.000  0.0000          
 8.810760E+09  1.236  3.771  3.187  7.769  4.747  0.0006  0.9994 5.16E-16 2.01E-16 0.0000 0.7821  0.997 0.0000 0.4394 1.00E+00  0.000 0.0000 0.0000  0.000  0.000  0.0000          
 8.818489E+09  1.248  3.767  3.160  7.777  4.785  0.0005  0.9995 2.42E-15 8.98E-16 0.0000 0.7821  0.997 0.0000 0.4338 1.00E+00  0.000 0.0000 0.0000  0.000  0.000  0.0000          
 8.825739E+09  1.260  3.764  3.135  7.785  4.822  0.0005  0.9995 1.03E-14 3.66E-15 0.0000 0.7821  0.997 0.0000 0.4300 1.00E+00  0.000 0.0000 0.0000  0.000  0.000  0.0000          
 8.833254E+09  1.273  3.761  3.109  7.795  4.860  0.0004  0.9996 4.96E-14 1.68E-14 0.0000 0.7821  0.996 0.0000 0.4243 1.00E+00  0.000 0.0000 0.0000  0.000  0.000  0.0000          
 8.840639E+09  1.287  3.758  3.084  7.818  4.892  0.0003  0.9997 5.89E-13 1.77E-13 0.0000 0.7821  0.995 0.0000 0.4211 9.99E-01  0.000 0.0000 0.0000  0.000  0.000  0.0000          
 8.842614E+09  1.292  3.757  3.077  7.860  4.879  0.0003  0.9997 2.06E-12 5.77E-13 0.0188 0.7821  1.011 0.0000 0.4223 9.78E-01  0.000 0.0000 0.0000  0.000  0.000  0.0000  T1min   
 8.842996E+09  1.310  3.758  3.059  7.877  4.147  0.0012  0.9988 9.28E-11 2.78E-11 0.2192 0.7821  2.030 0.0000 0.3925 1.50E-01  0.000 0.0000 0.0000  0.000  0.000  0.0000          
 8.843031E+09  1.329  3.758  3.041  7.867  4.089  0.0012  0.9988 9.07E-11 2.86E-11 0.2192 0.7821  1.341 0.0000 0.4083 2.09E-01  0.000 0.0000 0.0000  0.000  0.000  0.0000          
 8.843062E+09  1.347  3.758  3.025  7.861  4.054  0.0011  0.9989 8.95E-11 2.92E-11 0.2171 0.7821  1.041 0.0000 0.4223 2.58E-01  0.000 0.0000 0.0000  0.000  0.000  0.0000          
 8.843109E+09  1.369  3.759  3.007  7.854  4.016  0.0011  0.9989 8.81E-11 2.98E-11 0.2061 0.7821  0.817 0.0000 0.4394 3.26E-01  0.000 0.0000 0.0000  0.000  0.000  0.0000          
 8.843193E+09  1.393  3.763  2.998  7.847  3.973  0.0010  0.9990 8.65E-11 3.05E-11 0.1816 0.7821  0.655 0.0000 0.4632 4.39E-01  0.000 0.0000 0.0000  0.000  0.000  0.0000          
 8.843258E+09  1.399  3.768  3.010  7.842  3.950  0.0010  0.9990 8.57E-11 3.09E-11 0.1521 0.7821  0.611 0.0000 0.4825 5.13E-01  0.000 0.0000 0.0000  0.000  0.000  0.0000          
 8.843344E+09  1.393  3.775  3.044  7.838  3.930  0.0010  0.9990 8.48E-11 3.13E-11 0.1216 0.7821  0.599 0.0000 0.5027 5.94E-01  0.000 0.0000 0.0000  0.000  0.000  0.0000          
 8.843429E+09  1.379  3.783  3.094  7.834  3.916  0.0009  0.9991 8.42E-11 3.16E-11 0.1036 0.7821  0.610 0.0000 0.5238 6.54E-01  0.000 0.0000 0.0000  0.000  0.000  0.0000          
 8.843515E+09  1.358  3.793  3.154  7.831  3.908  0.0009  0.9991 8.39E-11 3.18E-11 0.0853 0.7821  0.635 0.0000 0.5396 6.99E-01  0.000 0.0000 0.0000  0.000  0.000  0.0000          
 8.843601E+09  1.334  3.804  3.220  7.829  3.904  0.0008  0.9992 8.37E-11 3.19E-11 0.0760 0.7821  0.669 0.0000 0.5563 7.34E-01  0.000 0.0000 0.0000  0.000  0.000  0.0000          
 8.843687E+09  1.311  3.815  3.288  7.828  3.902  0.0008  0.9992 8.36E-11 3.20E-11 0.0665 0.7821  0.706 0.0000 0.5704 7.61E-01  0.000 0.0000 0.0000  0.000  0.000  0.0000          
 8.843773E+09  1.288  3.826  3.354  7.826  3.903  0.0007  0.9993 8.37E-11 3.20E-11 0.0627 0.7821  0.742 0.0000 0.5860 7.82E-01  0.000 0.0000 0.0000  0.000  0.000  0.0000          
 8.843944E+09  1.253  3.841  3.452  7.825  3.911  0.0007  0.9993 8.34E-11 3.21E-11 0.0548 0.7821  0.809 0.0000 0.6046 8.11E-01  0.000 0.0000 0.0000  0.000  0.000  0.0000          
 8.844150E+09  1.224  3.853  3.525  7.826  3.925  0.0006  0.9994 8.37E-11 3.20E-11 0.0470 0.7821  0.853 0.0000 0.6189 8.29E-01  0.000 0.0000 0.0000  0.000  0.000  0.0000          
 8.844334E+09  1.207  3.858  3.564  7.827  3.941  0.0005  0.9995 8.45E-11 3.17E-11 0.0430 0.7821  0.884 0.0000 0.6259 8.44E-01  0.000 0.0000 0.0000  0.000  0.000  0.0000          
 8.844615E+09  1.191  3.861  3.592  7.829  3.970  0.0003  0.9997 8.59E-11 3.10E-11 0.0310 0.7821  0.913 0.0000 0.6327 8.66E-01  0.000 0.0000 0.0000  0.000  0.000  0.0000          
 8.844721E+09  1.188  3.861  3.596  7.830  3.982  0.0003  0.9997 8.65E-11 3.08E-11 0.0270 0.7821  0.919 0.0000 0.6327 8.74E-01  0.000 0.0000 0.0000  0.000  0.000  0.0000  T1max   
 8.845270E+09  1.185  3.856  3.579  7.831  4.065  0.0001  0.9999 9.10E-11 2.88E-11 0.0010 0.7821  0.927 0.0000 0.6224 9.13E-01  0.000 0.0000 0.0000  0.000  0.000  0.0000          
 8.845571E+09  1.188  3.851  3.556  7.824  4.121  0.0000  1.0000 9.14E-11 2.87E-11 0.0000 0.7821  0.938 0.0000 0.6154 9.17E-01  0.000 0.0000 0.0000  0.000  0.000  0.0000          
 8.845822E+09  1.193  3.847  3.533  7.821  4.161  0.0000  1.0000 9.08E-11 2.89E-11 0.0000 0.7821  0.948 0.0000 0.6082 9.17E-01  0.000 0.0000 0.0000  0.000  0.000  0.0000          
 8.846065E+09  1.197  3.842  3.510  7.819  4.195  0.0000  1.0000 9.07E-11 2.90E-11 0.0000 0.7821  0.955 0.0000 0.6009 9.15E-01  0.000 0.0000 0.0000  0.000  0.000  0.0000          
 8.846331E+09  1.202  3.837  3.485  7.819  4.229  0.0000  1.0000 9.07E-11 2.90E-11 0.0000 0.7821  0.961 0.0000 0.5935 9.14E-01  0.000 0.0000 0.0000  0.000  0.000  0.0000          
 8.846611E+09  1.208  3.832  3.460  7.820  4.261  0.0000  1.0000 9.09E-11 2.89E-11 0.0000 0.7821  0.965 0.0000 0.5860 9.14E-01  0.000 0.0000 0.0000  0.000  0.000  0.0000          
 8.846934E+09  1.213  3.827  3.433  7.820  4.294  0.0000  1.0000 9.11E-11 2.89E-11 0.0000 0.7821  0.972 0.0013 0.5743 9.15E-01  0.000 0.0000 0.0000  0.000  0.000  0.0000          
 8.847514E+09  1.221  3.818  3.392  7.823  4.346  0.0000  1.0000 9.16E-11 2.89E-11 0.0000 0.7821  0.976 0.0065 0.5563 9.19E-01  0.000 0.0000 0.0000  0.000  0.000  0.0000          
 8.848221E+09  1.230  3.810  3.349  7.828  4.402  0.0000  1.0000 9.29E-11 2.89E-11 0.0000 0.7821  0.978 0.0148 0.5238 9.24E-01  0.000 0.0000 0.0000  0.000  0.000  0.0000          
 8.849007E+09  1.239  3.802  3.309  7.833  4.460  0.0000  1.0000 9.68E-11 2.89E-11 0.0000 0.7821  0.979 0.0270 0.5044 9.30E-01  0.000 0.0000 0.0000  0.000  0.000  0.0000          
 8.849873E+09  1.248  3.795  3.271  7.839  4.517  0.0000  1.0000 1.10E-10 2.89E-11 0.0000 0.7821  0.982 0.0350 0.4910 9.37E-01  0.000 0.0000 0.0000  0.000  0.000  0.0000          
 8.850458E+09  1.253  3.790  3.247  7.843  4.553  0.0000  1.0000 1.33E-10 2.89E-11 0.0000 0.7821  0.980 0.0430 0.4859 9.41E-01  0.000 0.0000 0.0000  0.000  0.000  0.0000          
 8.851143E+09  1.259  3.786  3.224  7.847  4.592  0.0000  1.0000 1.99E-10 2.89E-11 0.0000 0.7821  0.984 0.0509 0.4790 9.45E-01  0.000 0.0000 0.0000  0.000  0.000  0.0000          
 8.851862E+09  1.264  3.782  3.201  7.851  4.630  0.0000  1.0000 3.47E-10 2.89E-11 0.0000 0.7821  0.987 0.0627 0.4729 9.50E-01  0.000 0.0000 0.0000  0.000  0.000  0.0000          
 8.852715E+09  1.270  3.777  3.177  7.855  4.672  0.0000  1.0000 7.16E-10 2.89E-11 0.0000 0.7821  0.990 0.0713 0.4632 9.55E-01  0.000 0.0000 0.0000  0.000  0.000  0.0000          
 8.853674E+09  1.276  3.772  3.152  7.858  4.714  0.0000  1.0000 1.55E-09 2.89E-11 0.0000 0.7821  0.992 0.0806 0.4541 9.60E-01  0.000 0.0000 0.0000  0.000  0.000  0.0000          
 8.854911E+09  1.283  3.768  3.126  7.861  4.762  0.0000  1.0000 3.60E-09 2.89E-11 0.0000 0.7821  0.994 0.0899 0.4450 9.65E-01  0.000 0.0000 0.0000  0.000  0.000  0.0000          
 8.856570E+09  1.292  3.762  3.096  7.862  4.817  0.0000  1.0000 8.33E-09 2.89E-11 0.0000 0.7821  0.996 0.1036 0.4338 9.71E-01  0.000 0.0000 0.0000  0.000  0.000  0.0000          
 8.858991E+09  1.304  3.757  3.063  7.860  4.881  0.0000  1.0000 1.77E-08 2.90E-11 0.0000 0.7821  0.996 0.1216 0.4204 9.78E-01  0.000 0.0000 0.0000  0.000  0.000  0.0000          
 8.861565E+09  1.317  3.753  3.034  7.856  4.935  0.0000  1.0000 2.73E-08 2.91E-11 0.0000 0.7821  0.994 0.1348 0.4121 9.83E-01  0.000 0.0000 0.0000  0.000  0.000  0.0000          
 8.864900E+09  1.333  3.750  3.004  7.849  4.993  0.0000  1.0000 3.56E-08 2.93E-11 0.0000 0.7821  0.992 0.1478 0.4070 9.89E-01  0.000 0.0000 0.0000  0.000  0.000  0.0000          
 8.868572E+09  1.349  3.747  2.979  7.841  5.044  0.0000  1.0000 4.02E-08 2.95E-11 0.0000 0.7821  0.992 0.1649 0.4044 9.93E-01  0.000 0.0000 0.0000  0.000  0.000  0.0000          
 8.870751E+09  1.359  3.746  2.965  7.836  5.070  0.0000  1.0000 4.16E-08 2.96E-11 0.0000 0.7821  0.992 0.1733 0.4017 9.95E-01  0.000 0.0000 0.0000  0.000  0.000  0.0000  Brg     
 8.874858E+09  1.375  3.744  2.942  7.828  5.111  0.0000  1.0000 4.29E-08 2.97E-11 0.0000 0.7821  0.991 0.1899 0.4017 9.96E-01  0.000 0.0000 0.0000  0.000  0.000  0.0000          
 8.880008E+09  1.395  3.743  2.915  7.820  5.155  0.0000  1.0000 4.35E-08 2.99E-11 0.0000 0.7777  0.993 0.2127 0.3998 9.97E-01  0.000 0.0000 0.0000  0.000  0.000  0.0000          
 8.886504E+09  1.422  3.741  2.881  7.812  5.200  0.0000  1.0000 4.38E-08 3.00E-11 0.0000 0.7777  0.995 0.2198 0.3971 9.99E-01  0.000 0.0000 0.0000  0.000  0.001  0.0000          
 8.895286E+09  1.462  3.738  2.829  7.806  5.249  0.0000  1.0000 4.38E-08 3.00E-11 0.0000 0.7709  0.995 0.2210 0.3925 1.00E+00  0.000 0.0000 0.0000  0.000  0.001  0.0000          
 8.899723E+09  1.480  3.737  2.808  7.805  5.273  0.0000  1.0000 4.38E-08 3.00E-11 0.0000 0.7430  0.993 0.2217 0.3932 1.00E+00  0.000 0.0000 0.0000  0.000  0.001  0.0000          
 8.909082E+09  1.514  3.736  2.768  7.802  5.319  0.0000  1.0000 4.38E-08 3.00E-11 0.0000 0.7204  0.994 0.2237 0.3952 1.00E+00  0.000 0.0000 0.0000  0.000  0.001  0.0000          
 8.919952E+09  1.555  3.734  2.718  7.801  5.369  0.0000  1.0000 4.38E-08 3.00E-11 0.0000 0.6993  0.995 0.2244 0.3965 1.00E+00  0.000 0.0000 0.0000  0.000  0.001  0.0000          
 8.925826E+09  1.576  3.733  2.695  7.801  5.395  0.0000  1.0000 4.38E-08 3.00E-11 0.0000 0.6806  0.993 0.2247 0.3998 1.00E+00  0.000 0.0000 0.0000  0.000  0.001  0.0107          
 8.931144E+09  1.597  3.732  2.671  7.800  5.417  0.0000  1.0000 4.38E-08 3.00E-11 0.0000 0.6728  0.994 0.2247 0.4011 1.00E+00  0.000 0.0000 0.0000  0.000  0.001  0.0229          
 8.938175E+09  1.624  3.731  2.639  7.798  5.443  0.0000  1.0000 4.38E-08 3.00E-11 0.0000 0.6608  0.995 0.2251 0.4021 1.00E+00  0.000 0.0000 0.0000  0.000  0.001  0.0470          
 8.944398E+09  1.647  3.730  2.613  7.797  5.469  0.0000  1.0000 4.38E-08 3.00E-11 0.0000 0.6460  0.994 0.2252 0.4063 1.00E+00  0.000 0.0000 0.0000  0.000  0.001  0.0713          
 8.950036E+09  1.667  3.729  2.590  7.796  5.490  0.0000  1.0000 4.38E-08 3.00E-11 0.0000 0.6394  0.995 0.2254 0.4092 1.00E+00  0.000 0.0000 0.0000  0.000  0.001  0.0899          
 8.960842E+09  1.702  3.728  2.551  7.794  5.528  0.0000  1.0000 4.38E-08 3.00E-11 0.0000 0.6327  0.995 0.2255 0.4157 9.99E-01  0.000 0.0000 0.0000  0.000  0.001  0.1521          
 8.969311E+09  1.721  3.728  2.530  7.794  5.555  0.0000  1.0000 4.38E-08 3.00E-11 0.0000 0.6293  0.994 0.2256 0.4238 9.97E-01  0.000 0.0000 0.0000  0.000  0.001  0.2300          
 8.971843E+09  1.722  3.728  2.530  7.794  5.563  0.0000  1.0000 4.38E-08 3.00E-11 0.0000 0.6293  0.994 0.2256 0.4267 9.96E-01  0.000 0.0000 0.0000  0.000  0.001  0.2343  T2min   
 8.973452E+09  1.702  3.729  2.555  7.795  5.569  0.0000  1.0000 4.38E-08 3.00E-11 0.0000 0.6293  0.983 0.2256 0.4333 9.92E-01  0.000 0.0000 0.0000  0.000  0.001  0.2427          
 8.976866E+09  1.698  3.730  2.561  7.788  5.565  0.0000  1.0000 4.38E-08 3.01E-11 0.0000 0.6293  0.999 0.2655 0.4342 9.69E-01  0.000 0.0000 0.0000  0.000  0.001  0.2857  T2max   
 8.979313E+09  1.724  3.729  2.531  7.795  5.579  0.0000  1.0000 4.39E-08 3.02E-11 0.0000 0.6293  0.992 0.2876 0.4325 9.94E-01  0.000 0.0000 0.0000  0.000  0.001  0.2061          
 8.981981E+09  1.749  3.728  2.501  7.804  5.592  0.0000  1.0000 4.40E-08 3.03E-11 0.0000 0.6293  0.994 0.2936 0.4331 9.97E-01  0.000 0.0000 0.0000  0.000  0.001  0.1733          
 8.986393E+09  1.781  3.727  2.464  7.809  5.612  0.0000  1.0000 4.50E-08 3.07E-11 0.0000 0.6293  0.995 0.2975 0.4352 9.97E-01  0.000 0.0000 0.0000  0.000  0.001  0.1649          
 8.989698E+09  1.804  3.725  2.437  7.809  5.626  0.0000  1.0000 4.64E-08 3.11E-11 0.0000 0.6293  0.996 0.2994 0.4366 9.97E-01  0.000 0.0000 0.0000  0.000  0.001  0.1858          
 9.000872E+09  1.822  3.726  2.420  7.807  5.671  0.0000  1.0000 4.87E-08 3.24E-11 0.0000 0.6293  0.992 0.3362 0.4532 9.85E-01  0.000 0.0000 0.0000  0.000  0.002  0.2716          
 9.003857E+09  1.850  3.724  2.387  7.810  5.686  0.0000  1.0000 4.95E-08 3.26E-11 0.0000 0.6293  0.995 0.3463 0.4546 9.88E-01  0.000 0.0000 0.0000  0.000  0.002  0.2553          
 9.007408E+09  1.872  3.724  2.362  7.812  5.702  0.0000  1.0000 5.11E-08 3.30E-11 0.0000 0.6293  0.994 0.3534 0.4588 9.85E-01  0.000 0.0000 0.0000  0.000  0.002  0.2837          
 9.012439E+09  1.891  3.723  2.342  7.813  5.726  0.0000  1.0000 5.43E-08 3.36E-11 0.0000 0.6293  0.993 0.3688 0.4658 9.74E-01  0.000 0.0000 0.0000  0.000  0.002  0.3205          
 9.015760E+09  1.912  3.723  2.317  7.814  5.743  0.0000  1.0000 5.69E-08 3.41E-11 0.0000 0.6293  0.993 0.3808 0.4698 9.73E-01  0.000 0.0000 0.0000  0.000  0.002  0.3110          
 9.018661E+09  1.931  3.722  2.296  7.815  5.758  0.0000  1.0000 5.99E-08 3.46E-11 0.0000 0.6293  0.992 0.3902 0.4735 9.68E-01  0.000 0.0000 0.0000  0.000  0.002  0.3243          
 9.021967E+09  1.952  3.721  2.273  7.815  5.776  0.0000  1.0000 6.42E-08 3.53E-11 0.0000 0.6293  0.994 0.4008 0.4781 9.60E-01  0.000 0.0000 0.0000  0.000  0.002  0.3376          
 9.025231E+09  1.975  3.721  2.247  7.816  5.794  0.0000  1.0000 6.96E-08 3.61E-11 0.0000 0.6293  0.994 0.4112 0.4825 9.53E-01  0.000 0.0000 0.0000  0.000  0.002  0.3434          
 9.028357E+09  1.997  3.720  2.222  7.817  5.812  0.0000  1.0000 7.61E-08 3.71E-11 0.0000 0.6293  0.994 0.4208 0.4876 9.42E-01  0.000 0.0000 0.0000  0.000  0.002  0.3548          
 9.031379E+09  2.017  3.719  2.199  7.818  5.830  0.0000  1.0000 8.38E-08 3.83E-11 0.0000 0.6293  0.994 0.4305 0.4927 9.26E-01  0.000 0.0000 0.0000  0.000  0.002  0.3688          
 9.033757E+09  2.035  3.719  2.178  7.818  5.845  0.0000  1.0000 9.13E-08 3.93E-11 0.0000 0.6293  0.993 0.4385 0.4967 9.15E-01  0.000 0.0000 0.0000  0.000  0.003  0.3715          
 9.036233E+09  2.056  3.718  2.156  7.819  5.861  0.0000  1.0000 1.01E-07 4.07E-11 0.0000 0.6293  0.992 0.4461 0.5011 9.00E-01  0.000 0.0000 0.0000  0.000  0.003  0.3807          
 9.038623E+09  2.075  3.718  2.135  7.819  5.877  0.0000  1.0000 1.12E-07 4.23E-11 0.0000 0.6293  0.992 0.4539 0.5058 8.75E-01  0.000 0.0000 0.0000  0.000  0.003  0.3928          
 9.040606E+09  2.094  3.717  2.114  7.820  5.891  0.0000  1.0000 1.22E-07 4.39E-11 0.0000 0.6293  0.991 0.4602 0.5097 8.64E-01  0.000 0.0000 0.0000  0.000  0.003  0.3968          
 9.042604E+09  2.112  3.716  2.093  7.821  5.905  0.0000  1.0000 1.35E-07 4.58E-11 0.0000 0.6293  0.992 0.4667 0.5136 8.41E-01  0.000 0.0000 0.0000  0.000  0.003  0.4060          
 9.044406E+09  2.131  3.716  2.072  7.821  5.918  0.0000  1.0000 1.49E-07 4.79E-11 0.0000 0.6293  0.993 0.4726 0.5170 8.24E-01  0.000 0.0000 0.0000  0.000  0.003  0.4118          
 9.046263E+09  2.148  3.715  2.051  7.822  5.932  0.0000  1.0000 1.66E-07 5.05E-11 0.0000 0.6293  0.992 0.4788 0.5204 8.00E-01  0.000 0.0000 0.0000  0.000  0.003  0.4160          
 9.047910E+09  2.167  3.715  2.031  7.822  5.944  0.0000  1.0000 1.83E-07 5.33E-11 0.0000 0.6293  0.991 0.4842 0.5236 7.76E-01  0.000 0.0000 0.0000  0.000  0.003  0.4252          
 9.049563E+09  2.186  3.714  2.009  7.823  5.958  0.0000  1.0000 2.03E-07 5.66E-11 0.0000 0.6293  0.992 0.4897 0.5270 7.58E-01  0.000 0.0000 0.0000  0.000  0.003  0.4295          
 9.051243E+09  2.204  3.713  1.988  7.823  5.971  0.0000  1.0000 2.27E-07 6.07E-11 0.0000 0.6293  0.993 0.4956 0.5303 7.20E-01  0.000 0.0000 0.0000  0.000  0.003  0.4390          
 9.052725E+09  2.223  3.713  1.967  7.824  5.984  0.0000  1.0000 2.52E-07 6.50E-11 0.0000 0.6293  0.993 0.5008 0.5336 6.98E-01  0.000 0.0000 0.0000  0.000  0.003  0.4422          
 9.054193E+09  2.241  3.712  1.947  7.824  5.997  0.0000  1.0000 2.81E-07 7.02E-11 0.0000 0.6293  0.991 0.5061 0.5369 6.68E-01  0.000 0.0000 0.0000  0.000  0.003  0.4491          
 9.055516E+09  2.260  3.712  1.926  7.824  6.008  0.0000  1.0000 3.11E-07 7.58E-11 0.0000 0.6293  0.994 0.5110 0.5401 6.33E-01  0.000 0.0000 0.0000  0.000  0.003  0.4535          
 9.056796E+09  2.277  3.711  1.905  7.825  6.020  0.0000  1.0000 3.45E-07 8.22E-11 0.0000 0.6293  0.992 0.5157 0.5433 6.13E-01  0.000 0.0000 0.0000  0.000  0.003  0.4585          
 9.058033E+09  2.296  3.710  1.885  7.825  6.031  0.0000  1.0000 3.83E-07 8.96E-11 0.0000 0.6293  0.992 0.5205 0.5467 5.87E-01  0.000 0.0000 0.0000  0.000  0.003  0.4635          
 9.059239E+09  2.314  3.710  1.864  7.826  6.043  0.0000  1.0000 4.25E-07 9.83E-11 0.0000 0.6293  0.993 0.5252 0.5499 5.54E-01  0.000 0.0000 0.0000  0.000  0.003  0.4672          
 9.060405E+09  2.332  3.709  1.843  7.826  6.054  0.0000  1.0000 4.73E-07 1.08E-10 0.0000 0.6293  0.991 0.5299 0.5531 5.32E-01  0.001 0.0000 0.4369  0.000  0.003  0.4708          
 9.061541E+09  2.350  3.708  1.823  7.827  6.065  0.0000  1.0000 5.26E-07 1.20E-10 0.0000 0.6293  0.992 0.5346 0.5567 5.04E-01  0.001 0.0000 0.4614  0.000  0.003  0.4708          
 9.062637E+09  2.368  3.708  1.802  7.827  6.076  0.0000  1.0000 5.87E-07 1.34E-10 0.0000 0.6293  0.991 0.5393 0.5602 4.78E-01  0.001 0.0000 0.4773  0.000  0.003  0.4689          
 9.063813E+09  2.387  3.707  1.782  7.828  6.087  0.0000  1.0000 6.61E-07 1.51E-10 0.0000 0.6293  0.992 0.5444 0.5642 4.54E-01  0.003 0.0000 0.4916  0.000  0.003  0.4554          
 9.064508E+09  2.394  3.707  1.774  7.827  6.091  0.0000  1.0000 7.08E-07 1.63E-10 0.0000 0.6293  0.989 0.5474 0.5671 4.55E-01  0.009 0.0000 0.4987  0.000  0.003  0.4060  Cb      
