#age/yr        logL   logTef lgrav  logTc  logrho Xc      Yc     Xc_C     Xc_O     Q_conv Q_disc  L_H/L Q1_H   Q2_H   f_pp      L_He/L Q1_He  Q2_He  L_C/L  L_nu/L Q_Tmax  stage
 0.000000E+00  1.653  4.171  4.759  7.420  2.029  0.7675  0.2325 0.00E+00 0.00E+00 0.2187 0.2332  0.995 0.0000 0.6689 1.00E+00  0.000 0.0000 0.0000  0.000  0.000  0.0000  ZAMS                
 3.416301E+07  1.671  4.171  4.740  7.425  2.033  0.7343  0.2657 0.00E+00 0.00E+00 0.2187 0.5664  1.001 0.0000 0.7065 1.00E+00  0.000 0.0000 0.0000  0.000  0.000  0.0000          
 6.085230E+07  1.687  4.173  4.734  7.433  2.048  0.7100  0.2900 0.00E+00 0.00E+00 0.2187 0.6189  1.001 0.0000 0.7135 1.00E+00  0.000 0.0000 0.0000  0.000  0.000  0.0000          
 8.405691E+07  1.703  4.176  4.727  7.439  2.064  0.6876  0.3124 0.00E+00 0.00E+00 0.2050 0.6525  1.000 0.0000 0.7204 1.00E+00  0.000 0.0000 0.0000  0.000  0.000  0.0000          
 1.068480E+08  1.719  4.178  4.722  7.447  2.082  0.6638  0.3362 0.00E+00 0.00E+00 0.2015 0.6768  1.001 0.0000 0.7270 1.00E+00  0.000 0.0000 0.0000  0.000  0.000  0.0000          
 1.292357E+08  1.735  4.181  4.716  7.456  2.102  0.6392  0.3608 0.00E+00 0.00E+00 0.1979 0.6920  1.000 0.0000 0.7270 1.00E+00  0.000 0.0000 0.0000  0.000  0.000  0.0000          
 1.486144E+08  1.752  4.184  4.711  7.464  2.124  0.6165  0.3835 0.00E+00 0.00E+00 0.1858 0.7065  1.000 0.0000 0.7335 1.00E+00  0.000 0.0000 0.0000  0.000  0.000  0.0000          
 1.672958E+08  1.767  4.187  4.707  7.473  2.145  0.5933  0.4067 0.00E+00 0.00E+00 0.1809 0.7135  1.000 0.0000 0.7335 1.00E+00  0.000 0.0000 0.0000  0.000  0.000  0.0000          
 1.853382E+08  1.784  4.189  4.701  7.482  2.169  0.5694  0.4306 0.00E+00 0.00E+00 0.1708 0.7270  1.000 0.0000 0.7335 1.00E+00  0.000 0.0000 0.0000  0.000  0.000  0.0000          
 2.028627E+08  1.801  4.192  4.696  7.491  2.195  0.5449  0.4551 0.00E+00 0.00E+00 0.1625 0.7335  1.000 0.0000 0.7335 1.00E+00  0.000 0.0000 0.0000  0.000  0.000  0.0000          
 2.175974E+08  1.816  4.195  4.690  7.500  2.219  0.5230  0.4770 0.00E+00 0.00E+00 0.1543 0.7399  1.000 0.0000 0.7335 1.00E+00  0.000 0.0000 0.0000  0.000  0.000  0.0000          
 2.320395E+08  1.832  4.197  4.685  7.509  2.244  0.5007  0.4993 0.00E+00 0.00E+00 0.1480 0.7461  1.000 0.0000 0.7335 1.00E+00  0.000 0.0000 0.0000  0.000  0.000  0.0000          
 2.459460E+08  1.848  4.200  4.679  7.518  2.271  0.4780  0.5220 0.00E+00 0.00E+00 0.1382 0.7522  1.000 0.0000 0.7335 1.00E+00  0.000 0.0000 0.0000  0.000  0.000  0.0000          
 2.594942E+08  1.863  4.202  4.674  7.527  2.298  0.4549  0.5451 0.00E+00 0.00E+00 0.1338 0.7522  1.000 0.0000 0.7399 1.00E+00  0.000 0.0000 0.0000  0.000  0.000  0.0000          
 2.726313E+08  1.881  4.205  4.667  7.537  2.330  0.4313  0.5687 0.00E+00 0.00E+00 0.1200 0.7581  1.000 0.0000 0.7399 1.00E+00  0.000 0.0000 0.0000  0.000  0.000  0.0000          
 2.852450E+08  1.897  4.208  4.661  7.548  2.360  0.4076  0.5924 0.00E+00 0.00E+00 0.1171 0.7639  1.000 0.0000 0.7399 1.00E+00  0.000 0.0000 0.0000  0.000  0.000  0.0000          
 2.976342E+08  1.914  4.210  4.654  7.559  2.395  0.3834  0.6166 0.00E+00 0.00E+00 0.1083 0.7639  1.000 0.0000 0.7399 1.00E+00  0.000 0.0000 0.0000  0.000  0.000  0.0000          
 3.096120E+08  1.932  4.213  4.648  7.570  2.432  0.3588  0.6412 0.00E+00 0.00E+00 0.1007 0.7686  1.000 0.0000 0.7399 1.00E+00  0.000 0.0000 0.0000  0.000  0.000  0.0000          
 3.211643E+08  1.950  4.216  4.640  7.582  2.471  0.3340  0.6660 0.00E+00 0.00E+00 0.0936 0.7732  1.000 0.0000 0.7461 1.00E+00  0.000 0.0000 0.0000  0.000  0.000  0.0000          
 3.307652E+08  1.966  4.218  4.633  7.593  2.507  0.3124  0.6876 0.00E+00 0.00E+00 0.0850 0.7732  1.000 0.0000 0.7461 1.00E+00  0.000 0.0000 0.0000  0.000  0.000  0.0000          
 3.401071E+08  1.983  4.221  4.626  7.604  2.546  0.2906  0.7094 0.00E+00 0.00E+00 0.0770 0.7777  1.000 0.0000 0.7522 1.00E+00  0.000 0.0000 0.0000  0.000  0.000  0.0000          
 3.491776E+08  2.000  4.223  4.619  7.615  2.588  0.2686  0.7314 0.00E+00 0.00E+00 0.0689 0.7777  1.000 0.0000 0.7522 1.00E+00  0.000 0.0000 0.0000  0.000  0.000  0.0000          
 3.579835E+08  2.017  4.225  4.610  7.627  2.635  0.2464  0.7536 0.00E+00 0.00E+00 0.0581 0.7821  1.000 0.0000 0.7581 1.00E+00  0.000 0.0000 0.0000  0.000  0.000  0.0000          
 3.660331E+08  2.035  4.227  4.601  7.637  2.688  0.2247  0.7753 0.00E+00 0.00E+00 0.0384 0.7821  1.000 0.0000 0.7639 1.00E+00  0.000 0.0000 0.0000  0.000  0.000  0.0000          
 3.735001E+08  2.053  4.229  4.591  7.642  2.752  0.2015  0.7985 0.00E+00 0.00E+00 0.0045 0.7821  1.000 0.0000 0.7686 1.00E+00  0.000 0.0000 0.0000  0.000  0.000  0.0000          
 3.809364E+08  2.071  4.231  4.582  7.650  2.814  0.1739  0.8261 0.00E+00 0.00E+00 0.0000 0.7865  1.000 0.0000 0.7686 1.00E+00  0.000 0.0000 0.0000  0.000  0.000  0.0000          
 3.880314E+08  2.088  4.233  4.573  7.661  2.874  0.1497  0.8503 0.00E+00 0.00E+00 0.0000 0.7865  1.000 0.0000 0.7686 1.00E+00  0.000 0.0000 0.0000  0.000  0.000  0.0000          
 3.947812E+08  2.106  4.235  4.562  7.671  2.933  0.1289  0.8711 0.00E+00 0.00E+00 0.0000 0.7865  1.000 0.0000 0.7686 1.00E+00  0.000 0.0000 0.0000  0.000  0.000  0.0000          
 4.012032E+08  2.124  4.237  4.550  7.681  2.992  0.1110  0.8890 0.00E+00 0.00E+00 0.0000 0.7907  1.000 0.0000 0.7686 1.00E+00  0.000 0.0000 0.0000  0.000  0.000  0.0000          
 4.083083E+08  2.144  4.238  4.535  7.694  3.057  0.0932  0.9068 0.00E+00 0.00E+00 0.0000 0.7907  1.001 0.0000 0.7686 1.00E+00  0.000 0.0000 0.0000  0.000  0.000  0.0000          
 4.147950E+08  2.164  4.239  4.520  7.706  3.122  0.0788  0.9212 0.00E+00 0.00E+00 0.0000 0.7907  1.001 0.0000 0.7686 1.00E+00  0.000 0.0000 0.0000  0.000  0.000  0.0000          
 4.216779E+08  2.186  4.240  4.501  7.720  3.193  0.0654  0.9346 0.00E+00 0.00E+00 0.0000 0.7949  1.000 0.0000 0.7686 1.00E+00  0.000 0.0000 0.0000  0.000  0.000  0.0000          
 4.281450E+08  2.208  4.241  4.482  7.735  3.268  0.0542  0.9458 0.00E+00 0.00E+00 0.0000 0.7949  1.000 0.0000 0.7686 1.00E+00  0.000 0.0000 0.0000  0.000  0.000  0.0000          
 4.341597E+08  2.231  4.241  4.461  7.751  3.343  0.0449  0.9551 0.00E+00 0.00E+00 0.0000 0.7949  1.000 0.0000 0.7639 1.00E+00  0.000 0.0000 0.0000  0.000  0.000  0.0000          
 4.355949E+08  2.236  4.241  4.456  7.755  3.362  0.0429  0.9571 0.00E+00 0.00E+00 0.0000 0.7949  1.000 0.0000 0.7639 1.00E+00  0.000 0.0000 0.0000  0.000  0.000  0.0000  Tmax    
 4.396486E+08  2.255  4.242  4.442  7.769  3.428  0.0374  0.9627 9.28E-20 3.99E-20 0.0000 0.7949  0.997 0.0000 0.7639 1.00E+00  0.000 0.0000 0.0000  0.000  0.000  0.0000          
 4.438343E+08  2.273  4.242  4.423  7.784  3.494  0.0319  0.9681 2.24E-18 8.87E-19 0.0000 0.7990  1.000 0.0000 0.7639 1.00E+00  0.000 0.0000 0.0000  0.000  0.000  0.0000          
 4.476198E+08  2.291  4.242  4.402  7.798  3.556  0.0274  0.9726 2.76E-17 1.02E-17 0.0000 0.7990  1.000 0.0000 0.7581 1.00E+00  0.000 0.0000 0.0000  0.000  0.000  0.0000          
 4.512371E+08  2.309  4.240  4.380  7.812  3.622  0.0234  0.9766 3.47E-16 1.18E-16 0.0000 0.7990  1.000 0.0000 0.7581 1.00E+00  0.000 0.0000 0.0000  0.000  0.000  0.0000          
 4.545036E+08  2.327  4.239  4.357  7.827  3.685  0.0201  0.9799 3.96E-15 1.25E-15 0.0000 0.7990  1.000 0.0000 0.7522 1.00E+00  0.000 0.0000 0.0000  0.000  0.000  0.0000          
 4.574357E+08  2.344  4.237  4.333  7.842  3.747  0.0174  0.9826 4.12E-14 1.20E-14 0.0000 0.7990  1.000 0.0000 0.7461 1.00E+00  0.000 0.0000 0.0000  0.000  0.000  0.0000          
 4.602221E+08  2.360  4.235  4.308  7.862  3.803  0.0145  0.9855 5.61E-13 1.48E-13 0.0000 0.7990  1.000 0.0000 0.7461 9.99E-01  0.000 0.0000 0.0000  0.000  0.000  0.0000          
 4.613333E+08  2.367  4.235  4.299  7.888  3.790  0.0136  0.9864 1.88E-12 4.57E-13 0.0064 0.7990  1.001 0.0000 0.7461 9.93E-01  0.000 0.0000 0.0000  0.000  0.000  0.0000  T1min   
 4.620701E+08  2.366  4.239  4.318  7.911  3.634  0.0202  0.9798 2.74E-12 6.81E-13 0.0416 0.7990  1.007 0.0000 0.7204 9.19E-01  0.000 0.0000 0.0000  0.000  0.000  0.0000          
 4.625610E+08  2.355  4.243  4.344  7.908  3.566  0.0199  0.9801 4.14E-12 1.06E-12 0.0467 0.7990  1.004 0.0000 0.7270 8.94E-01  0.000 0.0000 0.0000  0.000  0.000  0.0000          
 4.654043E+08  2.353  4.245  4.355  7.913  3.507  0.0131  0.9869 9.86E-12 2.48E-12 0.0599 0.7990  1.002 0.0000 0.7065 8.19E-01  0.000 0.0000 0.0000  0.000  0.000  0.0000  T1max   
 4.687606E+08  2.369  4.243  4.331  7.933  3.579  0.0016  0.9984 4.19E-11 9.59E-12 0.0560 0.7990  0.993 0.0000 0.7065 8.31E-01  0.000 0.0000 0.0000  0.000  0.000  0.0000          
 4.692892E+08  2.382  4.240  4.304  7.942  3.715  0.0001  0.9999 1.11E-10 2.37E-11 0.0306 0.7990  0.968 0.0000 0.7461 9.31E-01  0.000 0.0000 0.0000  0.000  0.000  0.0000          
 4.694754E+08  2.389  4.235  4.279  7.921  3.884  0.0000  1.0000 2.33E-09 8.12E-11 0.0000 0.7990  0.987 0.0013 0.7399 9.77E-01  0.000 0.0000 0.0000  0.000  0.000  0.0000          
 4.696053E+08  2.396  4.231  4.256  7.917  3.964  0.0000  1.0000 7.65E-09 8.12E-11 0.0000 0.7990  0.999 0.0055 0.7270 9.80E-01  0.000 0.0000 0.0000  0.000  0.000  0.0000          
 4.697893E+08  2.405  4.226  4.226  7.914  4.044  0.0000  1.0000 1.50E-08 8.13E-11 0.0000 0.7990  1.002 0.0121 0.7204 9.84E-01  0.000 0.0000 0.0000  0.000  0.000  0.0000          
 4.700583E+08  2.415  4.221  4.196  7.911  4.123  0.0000  1.0000 2.64E-08 8.15E-11 0.0000 0.7990  1.002 0.0228 0.6993 9.88E-01  0.000 0.0000 0.0000  0.000  0.000  0.0000          
 4.704679E+08  2.424  4.216  4.166  7.908  4.200  0.0000  1.0000 4.42E-08 8.19E-11 0.0000 0.7990  1.001 0.0333 0.6845 9.92E-01  0.000 0.0000 0.0000  0.000  0.000  0.0000          
 4.711574E+08  2.433  4.211  4.138  7.901  4.269  0.0000  1.0000 7.07E-08 8.32E-11 0.0000 0.7990  1.001 0.0435 0.6728 9.81E-01  0.000 0.0000 0.0000  0.000  0.000  0.0000          
 4.714362E+08  2.435  4.211  4.135  7.895  4.279  0.0000  1.0000 7.76E-08 8.37E-11 0.0000 0.7990  1.001 0.0467 0.6728 9.65E-01  0.000 0.0000 0.0000  0.000  0.000  0.0000  T2min   
 4.721879E+08  2.433  4.215  4.155  7.861  4.240  0.0000  1.0000 8.10E-08 8.43E-11 0.0000 0.7990  1.003 0.0539 0.6608 8.86E-01  0.000 0.0000 0.0000  0.000  0.000  0.0617          
 4.726216E+08  2.432  4.217  4.162  7.866  4.215  0.0000  1.0000 8.11E-08 8.44E-11 0.0000 0.7990  0.999 0.0567 0.6728 8.83E-01  0.000 0.0000 0.0000  0.000  0.000  0.0616  T2max   
 4.743849E+08  2.444  4.213  4.135  7.901  4.243  0.0000  1.0000 9.27E-08 8.63E-11 0.0000 0.7990  1.001 0.0612 0.6648 8.75E-01  0.000 0.0000 0.0000  0.000  0.000  0.0000          
 4.759007E+08  2.454  4.208  4.105  7.908  4.294  0.0000  1.0000 1.47E-07 9.17E-11 0.0000 0.7990  1.002 0.0673 0.6394 8.37E-01  0.000 0.0000 0.0000  0.000  0.000  0.0000          
 4.770286E+08  2.461  4.203  4.080  7.916  4.339  0.0000  1.0000 2.65E-07 1.03E-10 0.0000 0.7990  1.002 0.0772 0.6189 8.00E-01  0.000 0.0000 0.0000  0.000  0.000  0.0000          
 4.778942E+08  2.467  4.198  4.054  7.924  4.381  0.0000  1.0000 5.70E-07 1.34E-10 0.0000 0.7990  1.003 0.0887 0.6009 7.63E-01  0.000 0.0000 0.0000  0.000  0.000  0.0000          
 4.786180E+08  2.473  4.193  4.026  7.932  4.422  0.0000  1.0000 1.35E-06 2.33E-10 0.0000 0.7990  1.004 0.0967 0.5821 7.30E-01  0.000 0.0000 0.0000  0.000  0.000  0.0000          
 4.791703E+08  2.477  4.188  4.000  7.940  4.458  0.0000  1.0000 3.02E-06 5.18E-10 0.0000 0.7990  1.003 0.1035 0.5704 7.02E-01  0.000 0.0000 0.0000  0.000  0.000  0.0000          
 4.795942E+08  2.481  4.183  3.977  7.946  4.488  0.0000  1.0000 6.34E-06 1.27E-09 0.0000 0.7990  1.006 0.1093 0.5543 6.74E-01  0.000 0.0000 0.0000  0.000  0.000  0.0000          
 4.799262E+08  2.484  4.178  3.955  7.953  4.514  0.0000  1.0000 1.20E-05 2.95E-09 0.0000 0.7990  1.004 0.1139 0.5460 6.61E-01  0.000 0.0000 0.0000  0.000  0.000  0.0000          
 4.802912E+08  2.488  4.172  3.929  7.959  4.543  0.0000  1.0000 2.69E-05 8.91E-09 0.0000 0.7990  1.006 0.1203 0.5332 6.31E-01  0.000 0.0000 0.0005  0.000  0.000  0.0000          
 4.805734E+08  2.491  4.167  3.905  7.966  4.567  0.0000  0.9999 5.31E-05 2.32E-08 0.0000 0.7990  1.006 0.1233 0.5270 6.09E-01  0.000 0.0000 0.0055  0.000  0.000  0.0000          
 4.807936E+08  2.493  4.163  3.884  7.972  4.587  0.0000  0.9999 9.36E-05 5.22E-08 0.0000 0.7990  1.005 0.1280 0.5142 5.97E-01  0.000 0.0000 0.0089  0.000  0.000  0.0000          
 4.810066E+08  2.496  4.158  3.863  7.978  4.606  0.0000  0.9998 1.73E-04 1.25E-07 0.0000 0.7990  1.007 0.1311 0.5077 5.79E-01  0.000 0.0000 0.0141  0.000  0.000  0.0000          
 4.812077E+08  2.498  4.153  3.841  7.985  4.623  0.0000  0.9997 3.32E-04 3.13E-07 0.0000 0.7990  1.011 0.1343 0.4978 5.54E-01  0.000 0.0000 0.0183  0.000  0.000  0.0000          
 4.813994E+08  2.500  4.148  3.818  7.994  4.638  0.0000  0.9993 6.61E-04 8.33E-07 0.0000 0.7990  1.007 0.1374 0.4876 5.42E-01  0.001 0.0000 0.0228  0.000  0.000  0.0000          
 4.815619E+08  2.503  4.143  3.797  8.011  4.645  0.0000  0.9986 1.36E-03 2.07E-06 0.0010 0.7990  1.009 0.1406 0.4807 5.24E-01  0.002 0.0000 0.0264  0.000  0.000  0.0000          
 4.817174E+08  2.505  4.139  3.777  8.040  4.630  0.0000  0.9982 1.83E-03 2.75E-06 0.0113 0.7990  0.993 0.1421 0.4773 5.20E-01  0.018 0.0000 0.0172  0.000  0.000  0.0000          
 4.818185E+08  2.512  4.137  3.762  8.084  4.455  0.0000  0.9954 4.57E-03 4.90E-06 0.0539 0.7990  0.767 0.1444 0.5044 6.75E-01  0.355 0.0000 0.0222  0.000  0.000  0.0000  Blp     
 4.818776E+08  2.528  4.140  3.758  8.091  4.289  0.0000  0.9917 8.26E-03 1.17E-05 0.0714 0.7990  0.651 0.1452 0.5543 8.48E-01  0.307 0.0000 0.0295  0.000  0.000  0.0000          
 4.819079E+08  2.538  4.144  3.766  8.091  4.239  0.0000  0.9900 9.98E-03 1.69E-05 0.0731 0.7990  0.648 0.1452 0.5743 8.88E-01  0.251 0.0000 0.0295  0.000  0.000  0.0000          
 4.819525E+08  2.548  4.154  3.793  8.090  4.193  0.0000  0.9876 1.24E-02 2.61E-05 0.0725 0.7990  0.671 0.1452 0.6009 9.17E-01  0.192 0.0000 0.0295  0.000  0.000  0.0000          
 4.819830E+08  2.550  4.160  3.819  8.089  4.174  0.0000  0.9863 1.37E-02 3.29E-05 0.0693 0.7990  0.695 0.1452 0.6118 9.25E-01  0.163 0.0000 0.0295  0.000  0.000  0.0000          
 4.820176E+08  2.549  4.168  3.851  8.088  4.160  0.0000  0.9849 1.51E-02 4.12E-05 0.0656 0.7990  0.723 0.1452 0.6259 9.30E-01  0.141 0.0000 0.0295  0.000  0.000  0.0000          
 4.820617E+08  2.543  4.177  3.890  8.087  4.150  0.0000  0.9832 1.67E-02 5.26E-05 0.0606 0.7990  0.757 0.1452 0.6394 9.34E-01  0.124 0.0000 0.0295  0.000  0.000  0.0000          
 4.821246E+08  2.534  4.185  3.935  8.086  4.144  0.0000  0.9811 1.89E-02 7.07E-05 0.0569 0.7990  0.797 0.1452 0.6566 9.36E-01  0.112 0.0000 0.0295  0.000  0.000  0.0000          
 4.822406E+08  2.520  4.194  3.983  8.085  4.141  0.0000  0.9773 2.26E-02 1.09E-04 0.0540 0.7990  0.841 0.1452 0.6648 9.36E-01  0.108 0.0000 0.0295  0.000  0.000  0.0000          
 4.823634E+08  2.512  4.199  4.010  8.086  4.138  0.0000  0.9734 2.64E-02 1.58E-04 0.0540 0.7990  0.860 0.1459 0.6728 9.39E-01  0.111 0.0000 0.0295  0.000  0.000  0.0000          
 4.828599E+08  2.506  4.203  4.033  8.088  4.119  0.0000  0.9623 3.73E-02 3.55E-04 0.0761 0.8030  0.877 0.1467 0.6883 9.54E-01  0.123 0.0000 0.0333  0.000  0.000  0.0000  Helmin  
 4.846302E+08  2.512  4.208  4.046  8.094  4.083  0.0000  0.9229 7.55E-02 1.53E-03 0.0844 0.8030  0.849 0.1490 0.6993 9.74E-01  0.151 0.0000 0.0333  0.000  0.000  0.0000          
 4.867425E+08  2.518  4.212  4.058  8.101  4.051  0.0000  0.8683 1.27E-01 4.45E-03 0.0927 0.8030  0.814 0.1514 0.7065 9.82E-01  0.187 0.0000 0.0371  0.000  0.000  0.0000          
 4.895086E+08  2.525  4.216  4.068  8.109  4.016  0.0000  0.7939 1.95E-01 1.10E-02 0.1038 0.8030  0.767 0.1531 0.7170 9.87E-01  0.235 0.0000 0.0411  0.000  0.000  0.0000          
 4.944206E+08  2.535  4.220  4.072  8.124  3.970  0.0000  0.6422 3.24E-01 3.39E-02 0.1226 0.8030  0.672 0.1556 0.7237 9.90E-01  0.331 0.0000 0.0473  0.000  0.000  0.0000          
 4.952588E+08  2.537  4.220  4.071  8.126  3.963  0.0000  0.6165 3.44E-01 3.94E-02 0.1257 0.8030  0.655 0.1556 0.7237 9.91E-01  0.348 0.0000 0.0473  0.000  0.000  0.0000  Lpt     
 5.004363E+08  2.549  4.217  4.045  8.145  3.937  0.0000  0.4401 4.69E-01 9.12E-02 0.1456 0.8030  0.547 0.1572 0.7237 9.89E-01  0.458 0.0000 0.0603  0.000  0.000  0.0000          
 5.027521E+08  2.555  4.212  4.021  8.155  3.933  0.0000  0.3506 5.20E-01 1.29E-01 0.1540 0.8030  0.497 0.1585 0.7135 9.84E-01  0.508 0.0000 0.0603  0.000  0.000  0.0000          
 5.045090E+08  2.560  4.208  3.998  8.164  3.936  0.0000  0.2851 5.48E-01 1.66E-01 0.1600 0.8030  0.464 0.1599 0.7065 9.76E-01  0.541 0.0000 0.0671  0.000  0.000  0.0000          
 5.078524E+08  2.569  4.204  3.974  8.172  3.941  0.0000  0.2409 5.64E-01 1.95E-01 0.1615 0.8030  0.430 0.1616 0.7030 9.61E-01  0.576 0.0000 0.0705  0.000  0.000  0.0000          
 5.089346E+08  2.574  4.199  3.951  8.180  3.955  0.0000  0.1936 5.75E-01 2.31E-01 0.1627 0.8030  0.414 0.1628 0.6957 9.50E-01  0.592 0.0000 0.0705  0.000  0.000  0.0000          
 5.099597E+08  2.579  4.195  3.927  8.189  3.972  0.0000  0.1524 5.76E-01 2.72E-01 0.1644 0.8030  0.404 0.1644 0.6920 9.33E-01  0.601 0.0000 0.0705  0.000  0.000  0.0000          
 5.109008E+08  2.585  4.191  3.904  8.197  3.989  0.0000  0.1195 5.67E-01 3.14E-01 0.1665 0.8030  0.399 0.1665 0.6806 9.13E-01  0.605 0.0000 0.0775  0.000  0.001  0.0000          
 5.117894E+08  2.590  4.186  3.882  8.206  4.007  0.0000  0.0924 5.50E-01 3.58E-01 0.1690 0.8030  0.399 0.1690 0.6689 8.94E-01  0.605 0.0000 0.0775  0.000  0.001  0.0000          
 5.127181E+08  2.596  4.182  3.857  8.215  4.025  0.0000  0.0709 5.24E-01 4.05E-01 0.1730 0.8030  0.400 0.1730 0.6566 8.73E-01  0.605 0.0000 0.0775  0.000  0.001  0.0000          
 5.136023E+08  2.603  4.177  3.834  8.224  4.045  0.0000  0.0532 4.94E-01 4.53E-01 0.1769 0.8030  0.403 0.1770 0.6427 8.54E-01  0.600 0.0000 0.0845  0.000  0.001  0.0000          
 5.144524E+08  2.609  4.173  3.811  8.233  4.064  0.0000  0.0400 4.60E-01 5.00E-01 0.1816 0.8030  0.409 0.1816 0.6327 8.35E-01  0.594 0.0000 0.0845  0.000  0.001  0.0000          
 5.150001E+08  2.616  4.169  3.787  8.246  4.105  0.0000  0.0243 4.31E-01 5.45E-01 0.1418 0.8030  0.442 0.1851 0.6154 7.90E-01  0.553 0.0000 0.0845  0.000  0.001  0.0000          
 5.152529E+08  2.619  4.164  3.765  8.254  4.137  0.0000  0.0166 4.14E-01 5.69E-01 0.1285 0.8030  0.483 0.1874 0.5935 7.23E-01  0.515 0.0000 0.0845  0.000  0.001  0.0000          
 5.153999E+08  2.622  4.160  3.745  8.259  4.164  0.0000  0.0122 4.04E-01 5.84E-01 0.1155 0.8030  0.522 0.1891 0.5782 6.62E-01  0.479 0.0000 0.0845  0.000  0.001  0.0000          
 5.155008E+08  2.623  4.155  3.725  8.264  4.188  0.0000  0.0093 3.96E-01 5.95E-01 0.1107 0.8030  0.567 0.1903 0.5664 5.97E-01  0.441 0.0000 0.0841  0.000  0.001  0.0000          
 5.155850E+08  2.624  4.150  3.703  8.268  4.214  0.0000  0.0070 3.89E-01 6.04E-01 0.1023 0.8030  0.623 0.1921 0.5460 5.25E-01  0.397 0.0000 0.0832  0.000  0.001  0.0000          
 5.156041E+08  2.624  4.148  3.696  8.269  4.221  0.0000  0.0065 3.88E-01 6.06E-01 0.0996 0.8030  0.637 0.1921 0.5460 5.08E-01  0.386 0.0000 0.0829  0.000  0.001  0.0000  Yc=0    
 5.156502E+08  2.623  4.144  3.678  8.271  4.240  0.0000  0.0053 3.85E-01 6.10E-01 0.0947 0.8030  0.681 0.1935 0.5332 4.59E-01  0.354 0.0000 0.0822  0.000  0.001  0.0000          
 5.156894E+08  2.623  4.139  3.660  8.273  4.259  0.0000  0.0043 3.82E-01 6.14E-01 0.0883 0.8030  0.729 0.1943 0.5206 4.12E-01  0.321 0.0000 0.0811  0.000  0.002  0.0000          
 5.157249E+08  2.622  4.133  3.639  8.275  4.279  0.0000  0.0035 3.79E-01 6.17E-01 0.0836 0.8030  0.775 0.1951 0.5142 3.70E-01  0.288 0.0000 0.0801  0.000  0.002  0.0000          
 5.157539E+08  2.621  4.128  3.619  8.276  4.297  0.0000  0.0028 3.77E-01 6.20E-01 0.0770 0.8030  0.830 0.1965 0.5011 3.29E-01  0.255 0.0000 0.0811  0.000  0.002  0.0000          
 5.157839E+08  2.619  4.122  3.594  8.279  4.320  0.0000  0.0022 3.76E-01 6.22E-01 0.0724 0.8030  0.870 0.1977 0.4910 2.96E-01  0.224 0.0000 0.0876  0.000  0.002  0.0000          
 5.158011E+08  2.618  4.117  3.577  8.280  4.335  0.0000  0.0019 3.74E-01 6.24E-01 0.0685 0.8030  0.897 0.1982 0.4876 2.77E-01  0.205 0.0000 0.0918  0.000  0.002  0.0000          
 5.158168E+08  2.617  4.112  3.560  8.281  4.350  0.0000  0.0016 3.74E-01 6.25E-01 0.0642 0.8030  0.935 0.1988 0.4773 2.55E-01  0.185 0.0000 0.0918  0.000  0.002  0.0000          
 5.158322E+08  2.616  4.107  3.541  8.282  4.365  0.0000  0.0013 3.73E-01 6.26E-01 0.0598 0.8030  0.960 0.1994 0.4738 2.39E-01  0.165 0.0000 0.0994  0.000  0.002  0.0000          
 5.158455E+08  2.615  4.103  3.522  8.284  4.380  0.0000  0.0011 3.72E-01 6.27E-01 0.0565 0.8030  0.979 0.2000 0.4667 2.25E-01  0.147 0.0000 0.1023  0.000  0.002  0.0000          
 5.158577E+08  2.614  4.098  3.504  8.285  4.395  0.0000  0.0009 3.71E-01 6.28E-01 0.0523 0.8030  1.014 0.2006 0.4632 2.09E-01  0.128 0.0000 0.1076  0.000  0.002  0.0000          
 5.158702E+08  2.613  4.092  3.483  8.286  4.412  0.0000  0.0007 3.71E-01 6.28E-01 0.0454 0.8030  1.058 0.2012 0.4523 1.91E-01  0.108 0.0000 0.1148  0.000  0.002  0.0000          
 5.158820E+08  2.612  4.087  3.462  8.287  4.429  0.0000  0.0005 3.70E-01 6.29E-01 0.0395 0.8030  1.084 0.2019 0.4487 1.79E-01  0.088 0.0000 0.1223  0.000  0.002  0.0000          
 5.158922E+08  2.611  4.082  3.443  8.287  4.445  0.0000  0.0004 3.70E-01 6.30E-01 0.0330 0.8030  1.100 0.2026 0.4431 1.69E-01  0.072 0.0000 0.1270  0.000  0.002  0.0000          
 5.159005E+08  2.610  4.077  3.426  8.288  4.460  0.0000  0.0003 3.70E-01 6.30E-01 0.0287 0.8030  1.113 0.2033 0.4394 1.62E-01  0.057 0.0000 0.1357  0.000  0.002  0.0000          
 5.159093E+08  2.609  4.072  3.407  8.288  4.478  0.0000  0.0002 3.69E-01 6.30E-01 0.0095 0.8030  1.137 0.2039 0.4356 1.53E-01  0.042 0.0000 0.1449  0.000  0.002  0.0000          
 5.159175E+08  2.608  4.067  3.387  8.286  4.497  0.0000  0.0001 3.69E-01 6.31E-01 0.0000 0.8030  1.151 0.2046 0.4319 1.46E-01  0.030 0.0000 0.1555  0.000  0.003  0.0000          
 5.159244E+08  2.607  4.063  3.370  8.282  4.512  0.0000  0.0000 3.69E-01 6.31E-01 0.0000 0.8030  1.243 0.2046 0.4243 1.31E-01  0.023 0.0032 0.1555  0.000  0.003  0.0000          
 5.159309E+08  2.606  4.058  3.353  8.280  4.527  0.0000  0.0000 3.69E-01 6.31E-01 0.0000 0.8030  1.238 0.2053 0.4198 1.26E-01  0.020 0.0063 0.1555  0.000  0.003  0.0000          
 5.159374E+08  2.605  4.053  3.335  8.278  4.542  0.0000  0.0000 3.69E-01 6.31E-01 0.0000 0.8030  1.224 0.2059 0.4173 1.23E-01  0.019 0.0094 0.1585  0.000  0.003  0.0000          
 5.159435E+08  2.604  4.048  3.317  8.278  4.556  0.0000  0.0000 3.69E-01 6.31E-01 0.0000 0.8030  1.209 0.2059 0.4147 1.21E-01  0.019 0.0112 0.1585  0.000  0.004  0.0000          
 5.159491E+08  2.604  4.044  3.299  8.277  4.568  0.0000  0.0000 3.69E-01 6.31E-01 0.0000 0.8030  1.198 0.2068 0.4121 1.19E-01  0.019 0.0120 0.1615  0.000  0.004  0.0000          
 5.159628E+08  2.602  4.031  3.250  8.278  4.597  0.0000  0.0000 3.69E-01 6.31E-01 0.0000 0.8030  1.186 0.2076 0.4044 1.13E-01  0.021 0.0146 0.1727  0.000  0.004  0.0000          
 5.159683E+08  2.601  4.026  3.229  8.279  4.608  0.0000  0.0000 3.69E-01 6.31E-01 0.0000 0.8030  1.191 0.2080 0.4017 1.10E-01  0.022 0.0157 0.1727  0.000  0.004  0.0000          
 5.159715E+08  2.601  4.022  3.215  8.279  4.615  0.0000  0.0000 3.69E-01 6.31E-01 0.0000 0.8030  1.195 0.2084 0.3991 1.09E-01  0.022 0.0157 0.1727  0.000  0.004  0.0000  Lmin    
 5.159787E+08  2.601  4.014  3.183  8.280  4.629  0.0000  0.0000 3.69E-01 6.31E-01 0.0000 0.8030  1.199 0.2084 0.3965 1.05E-01  0.024 0.0179 0.1754  0.000  0.004  0.0000          
 5.159830E+08  2.602  4.009  3.163  8.280  4.637  0.0000  0.0000 3.69E-01 6.31E-01 0.0000 0.8030  1.206 0.2092 0.3925 1.03E-01  0.025 0.0179 0.1754  0.000  0.004  0.0000          
 5.159925E+08  2.604  3.998  3.115  8.282  4.655  0.0000  0.0000 3.69E-01 6.31E-01 0.0000 0.8030  1.208 0.2100 0.3858 9.78E-02  0.026 0.0202 0.1754  0.000  0.004  0.0000          
 5.159982E+08  2.605  3.991  3.085  8.282  4.665  0.0000  0.0000 3.69E-01 6.31E-01 0.0000 0.8030  1.217 0.2100 0.3845 9.49E-02  0.028 0.0202 0.1807  0.000  0.004  0.0000          
 5.160097E+08  2.609  3.976  3.020  8.284  4.686  0.0000  0.0000 3.69E-01 6.31E-01 0.0000 0.8030  1.212 0.2115 0.3763 8.96E-02  0.030 0.0230 0.1807  0.000  0.004  0.0000          
 5.160166E+08  2.612  3.966  2.980  8.285  4.697  0.0000  0.0000 3.69E-01 6.31E-01 0.0000 0.8030  1.216 0.2120 0.3736 8.67E-02  0.031 0.0251 0.1807  0.000  0.004  0.0000          
 5.160208E+08  2.614  3.960  2.955  8.286  4.704  0.0000  0.0000 3.69E-01 6.31E-01 0.0000 0.8030  1.220 0.2124 0.3722 8.50E-02  0.032 0.0272 0.1807  0.000  0.005  0.0000          
 5.160287E+08  2.616  3.949  2.906  8.287  4.717  0.0000  0.0000 3.69E-01 6.31E-01 0.0000 0.8030  1.221 0.2130 0.3681 8.15E-02  0.034 0.0272 0.1840  0.000  0.005  0.0000          
 5.160358E+08  2.619  3.938  2.862  8.288  4.729  0.0000  0.0000 3.69E-01 6.31E-01 0.0000 0.8030  1.216 0.2136 0.3653 7.89E-02  0.036 0.0296 0.1840  0.000  0.005  0.0000          
 5.160401E+08  2.621  3.932  2.834  8.289  4.735  0.0000  0.0000 3.69E-01 6.31E-01 0.0000 0.8030  1.213 0.2139 0.3639 7.77E-02  0.036 0.0296 0.1841  0.000  0.005  0.0000          
 5.160477E+08  2.623  3.920  2.783  8.290  4.747  0.0000  0.0000 3.69E-01 6.31E-01 0.0000 0.8030  1.203 0.2145 0.3597 7.55E-02  0.038 0.0296 0.1841  0.000  0.005  0.0000          
 5.160626E+08  2.630  3.894  2.674  8.293  4.770  0.0000  0.0000 3.69E-01 6.31E-01 0.0000 0.8030  1.175 0.2157 0.3541 7.29E-02  0.042 0.0320 0.1842  0.000  0.005  0.0000          
 5.160716E+08  2.633  3.877  2.604  8.294  4.784  0.0000  0.0000 3.69E-01 6.31E-01 0.0000 0.8030  1.173 0.2164 0.3513 7.08E-02  0.045 0.0347 0.1843  0.000  0.005  0.0000          
 5.160769E+08  2.635  3.867  2.561  8.295  4.792  0.0000  0.0000 3.69E-01 6.31E-01 0.0000 0.8030  1.176 0.2168 0.3498 6.92E-02  0.047 0.0347 0.1843  0.000  0.005  0.0000          
 5.160827E+08  2.638  3.856  2.513  8.296  4.800  0.0000  0.0000 3.69E-01 6.31E-01 0.0000 0.8030  1.175 0.2173 0.3470 6.76E-02  0.049 0.0347 0.1843  0.000  0.005  0.0000          
 5.160951E+08  2.644  3.830  2.403  8.298  4.817  0.0000  0.0000 3.69E-01 6.31E-01 0.0000 0.8030  1.156 0.2182 0.3427 6.56E-02  0.054 0.0379 0.1867  0.000  0.006  0.0000          
 5.161024E+08  2.647  3.814  2.336  8.300  4.827  0.0000  0.0000 3.69E-01 6.31E-01 0.0000 0.8030  1.153 0.2187 0.3412 6.41E-02  0.058 0.0379 0.1867  0.000  0.006  0.0000          
 5.161151E+08  2.653  3.785  2.213  8.302  4.844  0.0000  0.0000 3.69E-01 6.31E-01 0.0000 0.8010  1.134 0.2197 0.3369 6.25E-02  0.063 0.0424 0.1867  0.000  0.006  0.0000          
 5.161227E+08  2.656  3.770  2.152  8.303  4.854  0.0000  0.0000 3.69E-01 6.31E-01 0.0000 0.8010  1.130 0.2202 0.3354 6.14E-02  0.067 0.0424 0.1891  0.000  0.006  0.0000          
 5.161356E+08  2.661  3.755  2.085  8.305  4.870  0.0000  0.0000 3.69E-01 6.31E-01 0.0000 0.8010  1.111 0.2212 0.3317 6.04E-02  0.074 0.0454 0.1891  0.000  0.006  0.0000          
 5.161433E+08  2.664  3.749  2.058  8.306  4.879  0.0000  0.0000 3.69E-01 6.31E-01 0.0000 0.8010  1.111 0.2217 0.3308 5.91E-02  0.078 0.0454 0.1891  0.000  0.006  0.0000          
 5.161530E+08  2.667  3.743  2.033  8.307  4.891  0.0000  0.0000 3.69E-01 6.31E-01 0.0000 0.8010  1.101 0.2224 0.3290 5.81E-02  0.083 0.0469 0.1913  0.000  0.006  0.0000          
 5.161664E+08  2.673  3.738  2.005  8.309  4.906  0.0000  0.0000 3.69E-01 6.31E-01 0.0000 0.8010  1.087 0.2233 0.3262 5.70E-02  0.090 0.0496 0.1913  0.000  0.006  0.0000          
 5.161796E+08  2.680  3.733  1.979  8.310  4.921  0.0000  0.0000 3.69E-01 6.31E-01 0.0000 0.8010  1.070 0.2242 0.3243 5.57E-02  0.097 0.0523 0.1932  0.000  0.007  0.0000          
 5.161936E+08  2.691  3.729  1.952  8.312  4.936  0.0000  0.0000 3.69E-01 6.31E-01 0.0000 0.8010  1.037 0.2251 0.3224 5.53E-02  0.103 0.0547 0.1951  0.000  0.007  0.0000          
 5.161992E+08  2.696  3.728  1.942  8.312  4.941  0.0000  0.0000 3.69E-01 6.31E-01 0.0000 0.8010  1.022 0.2254 0.3215 5.53E-02  0.106 0.0547 0.1951  0.000  0.007  0.0000  Bagb    
 5.162134E+08  2.712  3.725  1.914  8.314  4.956  0.0000  0.0000 3.69E-01 6.31E-01 0.0000 0.8010  0.979 0.2263 0.3205 5.55E-02  0.112 0.0569 0.1970  0.000  0.007  0.0000          
 5.162320E+08  2.736  3.721  1.877  8.315  4.974  0.0000  0.0000 3.69E-01 6.31E-01 0.0000 0.7970  0.924 0.2275 0.3196 5.55E-02  0.119 0.0610 0.1970  0.000  0.007  0.0000          
 5.162510E+08  2.758  3.719  1.847  8.316  4.991  0.0000  0.0000 3.69E-01 6.31E-01 0.0000 0.7907  0.882 0.2286 0.3177 5.52E-02  0.124 0.0642 0.1988  0.000  0.007  0.0000          
 5.162745E+08  2.778  3.718  1.820  8.318  5.010  0.0000  0.0000 3.69E-01 6.31E-01 0.0000 0.7865  0.846 0.2299 0.3167 5.46E-02  0.131 0.0677 0.1988  0.000  0.007  0.0000          
 5.163134E+08  2.796  3.716  1.797  8.319  5.041  0.0000  0.0000 3.69E-01 6.31E-01 0.0000 0.7492  0.808 0.2320 0.3158 5.51E-02  0.149 0.0726 0.2019  0.000  0.007  0.0000          
 5.163966E+08  2.813  3.715  1.773  8.321  5.098  0.0000  0.0000 3.69E-01 6.31E-01 0.0000 0.7237  0.745 0.2362 0.3177 6.05E-02  0.197 0.0835 0.2061  0.000  0.007  0.0000          
 5.165839E+08  2.825  3.714  1.760  8.326  5.204  0.0000  0.0000 3.69E-01 6.31E-01 0.0000 0.7135  0.494 0.2435 0.3280 9.38E-02  0.492 0.1041 0.2127  0.000  0.008  0.0000  T3min   
 5.166498E+08  2.805  3.716  1.786  8.319  5.222  0.0000  0.0000 3.69E-01 6.31E-01 0.0000 0.7135  0.235 0.2448 0.3398 1.74E-01  0.772 0.1076 0.2127  0.000  0.007  0.0000          
 5.166883E+08  2.800  3.716  1.792  8.318  5.237  0.0000  0.0000 3.69E-01 6.31E-01 0.0000 0.7135  0.184 0.2452 0.3420 2.03E-01  0.841 0.1093 0.2140  0.000  0.007  0.0000  T3max   
 5.168084E+08  2.817  3.714  1.768  8.315  5.280  0.0000  0.0000 3.69E-01 6.31E-01 0.0000 0.7135  0.113 0.2461 0.3434 2.66E-01  0.900 0.1133 0.2153  0.000  0.007  0.0000          
 5.169542E+08  2.838  3.713  1.741  8.311  5.328  0.0000  0.0000 3.69E-01 6.31E-01 0.0000 0.6787  0.080 0.2468 0.3420 3.06E-01  0.925 0.1181 0.2177  0.000  0.007  0.0000          
 5.170703E+08  2.856  3.712  1.719  8.309  5.365  0.0000  0.0000 3.69E-01 6.31E-01 0.0000 0.6493  0.066 0.2472 0.3398 3.21E-01  0.937 0.1227 0.2201  0.000  0.008  0.0000          
 5.171693E+08  2.875  3.710  1.694  8.308  5.396  0.0000  0.0000 3.69E-01 6.31E-01 0.0000 0.6189  0.056 0.2475 0.3369 3.25E-01  0.944 0.1262 0.2212  0.000  0.008  0.0000          
 5.172604E+08  2.894  3.709  1.671  8.308  5.426  0.0000  0.0000 3.69E-01 6.31E-01 0.0000 0.5897  0.049 0.2478 0.3345 3.23E-01  0.948 0.1307 0.2223  0.000  0.008  0.0000          
 5.173435E+08  2.912  3.708  1.649  8.308  5.453  0.0000  0.0000 3.69E-01 6.31E-01 0.0000 0.5720  0.044 0.2480 0.3313 3.16E-01  0.952 0.1350 0.2234  0.000  0.008  0.0000          
 5.174197E+08  2.930  3.708  1.629  8.309  5.478  0.0000  0.0000 3.69E-01 6.31E-01 0.0000 0.5501  0.040 0.2482 0.3285 3.08E-01  0.952 0.1386 0.2256  0.000  0.009  0.0000          
 5.175083E+08  2.951  3.707  1.602  8.310  5.508  0.0000  0.0000 3.69E-01 6.31E-01 0.0000 0.5338  0.036 0.2484 0.3247 2.91E-01  0.955 0.1442 0.2266  0.000  0.009  0.0000          
 5.175842E+08  2.970  3.706  1.579  8.311  5.535  0.0000  0.0000 3.69E-01 6.31E-01 0.0000 0.5190  0.034 0.2486 0.3210 2.74E-01  0.956 0.1480 0.2277  0.000  0.010  0.0000          
 5.176636E+08  2.992  3.704  1.553  8.311  5.563  0.0000  0.0000 3.69E-01 6.31E-01 0.0000 0.5011  0.033 0.2488 0.3172 2.51E-01  0.955 0.1526 0.2297  0.000  0.010  0.0000          
 5.177283E+08  3.010  3.704  1.532  8.312  5.587  0.0000  0.0000 3.69E-01 6.31E-01 0.0000 0.4868  0.033 0.2491 0.3139 2.27E-01  0.953 0.1562 0.2307  0.000  0.010  0.0000          
 5.177944E+08  3.030  3.703  1.509  8.312  5.612  0.0000  0.0000 3.69E-01 6.31E-01 0.0000 0.4764  0.033 0.2493 0.3100 2.00E-01  0.950 0.1600 0.2327  0.000  0.011  0.0000          
 5.178673E+08  3.053  3.702  1.483  8.313  5.641  0.0000  0.0000 3.69E-01 6.31E-01 0.0000 0.4640  0.036 0.2497 0.3052 1.64E-01  0.948 0.1648 0.2337  0.000  0.011  0.0022          
 5.179233E+08  3.072  3.701  1.460  8.313  5.664  0.0000  0.0000 3.69E-01 6.31E-01 0.0000 0.4514  0.039 0.2500 0.3014 1.38E-01  0.943 0.1674 0.2357  0.000  0.012  0.0058          
 5.179747E+08  3.091  3.700  1.438  8.313  5.685  0.0000  0.0000 3.69E-01 6.31E-01 0.0000 0.4422  0.043 0.2503 0.2970 1.12E-01  0.936 0.1693 0.2366  0.000  0.012  0.0094          
 5.180240E+08  3.109  3.700  1.416  8.312  5.707  0.0000  0.0000 3.69E-01 6.31E-01 0.0000 0.4328  0.050 0.2508 0.2926 8.86E-02  0.927 0.1720 0.2376  0.000  0.013  0.0135          
 5.180708E+08  3.128  3.699  1.394  8.312  5.729  0.0000  0.0000 3.69E-01 6.31E-01 0.0000 0.4252  0.061 0.2512 0.2876 6.71E-02  0.915 0.1754 0.2395  0.000  0.013  0.0179          
 5.181220E+08  3.151  3.698  1.369  8.311  5.754  0.0000  0.0000 3.69E-01 6.31E-01 0.0000 0.4160  0.079 0.2519 0.2827 4.75E-02  0.896 0.1794 0.2405  0.000  0.014  0.0230          
 5.181710E+08  3.174  3.697  1.343  8.309  5.778  0.0000  0.0000 3.69E-01 6.31E-01 0.0000 0.4070  0.099 0.2527 0.2777 3.43E-02  0.875 0.1896 0.2424  0.000  0.014  0.0296          
 5.182155E+08  3.196  3.696  1.317  8.308  5.801  0.0000  0.0000 3.69E-01 6.31E-01 0.0000 0.3998  0.114 0.2535 0.2747 2.73E-02  0.862 0.1932 0.2438  0.000  0.015  0.0347          
 5.182529E+08  3.215  3.696  1.295  8.306  5.821  0.0000  0.0000 3.69E-01 6.31E-01 0.0000 0.3938  0.124 0.2542 0.2726 2.30E-02  0.850 0.1961 0.2447  0.000  0.015  0.0379          
 5.182947E+08  3.237  3.695  1.270  8.303  5.843  0.0000  0.0000 3.69E-01 6.31E-01 0.0000 0.3868  0.139 0.2551 0.2701 1.88E-02  0.834 0.1992 0.2460  0.000  0.015  0.0424          
 5.183282E+08  3.255  3.694  1.249  8.300  5.862  0.0000  0.0000 3.69E-01 6.31E-01 0.0000 0.3798  0.155 0.2558 0.2686 1.55E-02  0.815 0.2019 0.2475  0.000  0.016  0.0470          
 5.183693E+08  3.277  3.693  1.223  8.296  5.886  0.0000  0.0000 3.69E-01 6.31E-01 0.0000 0.3746  0.164 0.2568 0.2671 1.34E-02  0.806 0.2050 0.2492  0.000  0.016  0.0496          
 5.184041E+08  3.297  3.693  1.201  8.292  5.906  0.0000  0.0000 3.69E-01 6.31E-01 0.0000 0.3688  0.177 0.2578 0.2666 1.14E-02  0.792 0.2082 0.2502  0.000  0.017  0.0569          
 5.184345E+08  3.316  3.692  1.180  8.288  5.924  0.0000  0.0000 3.69E-01 6.31E-01 0.0000 0.3639  0.189 0.2586 0.2658 9.93E-03  0.779 0.2106 0.2515  0.000  0.017  0.0592          
 5.184674E+08  3.336  3.691  1.157  8.284  5.945  0.0000  0.0000 3.69E-01 6.31E-01 0.0000 0.3589  0.202 0.2596 0.2661 8.32E-03  0.765 0.2136 0.2531  0.000  0.017  0.0648          
 5.184960E+08  3.354  3.691  1.136  8.279  5.963  0.0000  0.0000 3.69E-01 6.31E-01 0.0000 0.3549  0.212 0.2606 0.2663 7.36E-03  0.754 0.2161 0.2541  0.000  0.018  0.0691          
 5.185264E+08  3.373  3.690  1.113  8.274  5.983  0.0000  0.0000 3.69E-01 6.31E-01 0.0000 0.3500  0.225 0.2617 0.2671 6.39E-03  0.740 0.2189 0.2558  0.000  0.018  0.0736          
 5.185528E+08  3.391  3.689  1.092  8.269  6.001  0.0000  0.0000 3.69E-01 6.31E-01 0.0000 0.3463  0.235 0.2627 0.2676 5.69E-03  0.729 0.2215 0.2570  0.000  0.018  0.0775          
 5.185805E+08  3.410  3.688  1.071  8.263  6.020  0.0000  0.0000 3.69E-01 6.31E-01 0.0000 0.3423  0.246 0.2638 0.2683 5.03E-03  0.717 0.2242 0.2584  0.000  0.019  0.0813          
 5.186085E+08  3.430  3.688  1.049  8.256  6.040  0.0000  0.0000 3.69E-01 6.31E-01 0.0000 0.3384  0.256 0.2650 0.2694 4.48E-03  0.707 0.2268 0.2600  0.000  0.019  0.0848          
 5.186337E+08  3.448  3.687  1.028  8.250  6.058  0.0000  0.0000 3.69E-01 6.31E-01 0.0000 0.3352  0.266 0.2661 0.2704 4.02E-03  0.696 0.2295 0.2612  0.000  0.019  0.0889          
 5.186593E+08  3.467  3.687  1.007  8.243  6.077  0.0000  0.0000 3.69E-01 6.31E-01 0.0000 0.3320  0.277 0.2673 0.2711 3.58E-03  0.684 0.2321 0.2628  0.000  0.020  0.0949          
 5.186850E+08  3.486  3.686  0.984  8.236  6.096  0.0000  0.0000 3.69E-01 6.31E-01 0.0000 0.3290  0.288 0.2686 0.2724 3.20E-03  0.672 0.2349 0.2642  0.000  0.020  0.0989          
 5.187092E+08  3.505  3.685  0.961  8.229  6.115  0.0000  0.0000 3.69E-01 6.31E-01 0.0000 0.3262  0.299 0.2699 0.2734 2.86E-03  0.660 0.2374 0.2658  0.000  0.020  0.1029          
 5.187319E+08  3.523  3.684  0.940  8.222  6.133  0.0000  0.0000 3.69E-01 6.31E-01 0.0000 0.3237  0.308 0.2712 0.2744 2.62E-03  0.651 0.2400 0.2673  0.000  0.020  0.1061          
 5.187541E+08  3.541  3.683  0.920  8.214  6.151  0.0000  0.0000 3.69E-01 6.31E-01 0.0000 0.3213  0.318 0.2725 0.2754 2.38E-03  0.641 0.2424 0.2690  0.000  0.020  0.1125          
 5.187769E+08  3.560  3.683  0.898  8.207  6.170  0.0000  0.0000 3.69E-01 6.31E-01 0.0000 0.3192  0.330 0.2738 0.2767 2.09E-03  0.628 0.2449 0.2706  0.000  0.021  0.1158          
 5.187989E+08  3.579  3.682  0.878  8.199  6.188  0.0000  0.0000 3.69E-01 6.31E-01 0.0000 0.3172  0.342 0.2753 0.2779 1.87E-03  0.615 0.2477 0.2720  0.000  0.021  0.1188          
 5.188199E+08  3.597  3.682  0.856  8.192  6.206  0.0000  0.0000 3.69E-01 6.31E-01 0.0000 0.3154  0.352 0.2766 0.2792 1.70E-03  0.605 0.2502 0.2737  0.000  0.021  0.1247          
 5.188402E+08  3.615  3.681  0.835  8.185  6.224  0.0000  0.0000 3.69E-01 6.31E-01 0.0000 0.3140  0.363 0.2780 0.2804 1.54E-03  0.594 0.2525 0.2752  0.000  0.021  0.1277          
 5.188605E+08  3.632  3.680  0.813  8.177  6.242  0.0000  0.0000 3.69E-01 6.31E-01 0.0000 0.3127  0.373 0.2795 0.2817 1.41E-03  0.583 0.2550 0.2769  0.000  0.021  0.1336          
 5.188806E+08  3.650  3.679  0.793  8.170  6.260  0.0000  0.0000 3.69E-01 6.31E-01 0.0000 0.3115  0.385 0.2810 0.2831 1.28E-03  0.572 0.2576 0.2785  0.000  0.021  0.1364          
 5.189007E+08  3.668  3.678  0.772  8.162  6.278  0.0000  0.0000 3.69E-01 6.31E-01 0.0000 0.3106  0.395 0.2826 0.2845 1.18E-03  0.560 0.2601 0.2802  0.000  0.021  0.1413          
 5.189210E+08  3.687  3.678  0.751  8.155  6.297  0.0000  0.0000 3.69E-01 6.31E-01 0.0000 0.3099  0.408 0.2842 0.2860 1.07E-03  0.547 0.2628 0.2819  0.000  0.021  0.1463          
 5.189407E+08  3.705  3.677  0.731  8.147  6.315  0.0000  0.0000 3.69E-01 6.31E-01 0.0000 0.3093  0.419 0.2858 0.2875 9.76E-04  0.536 0.2652 0.2837  0.000  0.021  0.1509          
 5.189603E+08  3.723  3.676  0.709  8.140  6.333  0.0000  0.0000 3.69E-01 6.31E-01 0.0000 0.3090  0.428 0.2875 0.2891 9.04E-04  0.527 0.2678 0.2856  0.000  0.021  0.1559          
 5.189797E+08  3.741  3.675  0.687  8.133  6.352  0.0000  0.0000 3.69E-01 6.31E-01 0.0000 0.3089  0.440 0.2892 0.2907 8.24E-04  0.515 0.2704 0.2874  0.000  0.021  0.1600          
 5.189991E+08  3.759  3.675  0.666  8.126  6.371  0.0000  0.0000 3.69E-01 6.31E-01 0.0000 0.3089  0.454 0.2910 0.2924 7.23E-04  0.500 0.2732 0.2893  0.000  0.021  0.1645          
 5.190186E+08  3.777  3.674  0.645  8.119  6.390  0.0000  0.0000 3.69E-01 6.31E-01 0.0000 0.3089  0.465 0.2929 0.2942 6.64E-04  0.489 0.2759 0.2913  0.000  0.021  0.1686          
 5.190391E+08  3.795  3.673  0.625  8.111  6.411  0.0000  0.0000 3.69E-01 6.31E-01 0.0000 0.3089  0.478 0.2949 0.2961 6.12E-04  0.476 0.2786 0.2935  0.000  0.021  0.1747          
 5.190532E+08  3.813  3.672  0.604  8.106  6.425  0.0000  0.0000 3.69E-01 6.31E-01 0.0000 0.3089  0.533 0.2963 0.2974 5.04E-04  0.419 0.2807 0.2950  0.000  0.021  0.1788          
 5.190857E+08  3.831  3.672  0.583  8.095  6.458  0.0000  0.0000 3.69E-01 6.31E-01 0.0000 0.3089  0.484 0.2996 0.3005 5.00E-04  0.423 0.2852 0.2984  0.000  0.021  0.1861          
 5.191319E+08  3.814  3.673  0.604  8.079  6.504  0.0000  0.0000 3.69E-01 6.31E-01 0.0000 0.3089  0.459 0.3042 0.3050 5.24E-04  0.502 0.2915 0.3032  0.000  0.023  0.1970          
 5.191386E+08  3.794  3.673  0.626  8.077  6.511  0.0000  0.0000 3.69E-01 6.31E-01 0.0000 0.3089  0.393 0.3049 0.3056 6.37E-04  0.541 0.2924 0.3039  0.000  0.024  0.1984          
 5.191408E+08  3.813  3.673  0.605  8.077  6.513  0.0000  0.0000 3.69E-01 6.31E-01 0.0000 0.3089  0.586 0.3050 0.3057 3.85E-04  0.303 0.2926 0.3042  0.000  0.023  0.2000          
 5.191419E+08  3.830  3.672  0.583  8.077  6.515  0.0000  0.0000 3.69E-01 6.31E-01 0.0000 0.3089  0.644 0.3052 0.3058 3.31E-04  0.251 0.2927 0.3044  0.000  0.022  0.2000          
 5.191439E+08  3.812  3.673  0.606  8.076  6.517  0.0000  0.0000 3.69E-01 6.31E-01 0.0000 0.3089  0.465 0.3054 0.3061 4.61E-04  0.533 0.2930 0.3044  0.000  0.023  0.2000          
 5.191444E+08  3.790  3.674  0.632  8.075  6.517  0.0000  0.0000 3.69E-01 6.31E-01 0.0000 0.3089  0.324 0.3054 0.3061 6.53E-04  0.749 0.2931 0.3044  0.000  0.024  0.2000          
 5.191455E+08  3.766  3.675  0.659  8.075  6.517  0.0000  0.0000 3.69E-01 6.31E-01 0.0000 0.3089  0.282 0.3055 0.3061 9.47E-04  0.629 0.2932 0.3045  0.000  0.026  0.2015          
 5.191474E+08  3.787  3.674  0.635  8.074  6.520  0.0000  0.0000 3.69E-01 6.31E-01 0.0000 0.3089  0.558 0.3056 0.3063 4.39E-04  0.292 0.2934 0.3048  0.000  0.025  0.2015          
 5.191478E+08  3.805  3.673  0.613  8.074  6.521  0.0000  0.0000 3.69E-01 6.31E-01 0.0000 0.3089  0.611 0.3056 0.3063 3.74E-04  0.225 0.2934 0.3049  0.000  0.024  0.2015          
 5.191485E+08  3.824  3.672  0.591  8.074  6.522  0.0000  0.0000 3.69E-01 6.31E-01 0.0000 0.3089  0.663 0.3057 0.3063 3.14E-04  0.172 0.2935 0.3051  0.000  0.023  0.2015          
 5.191498E+08  3.838  3.671  0.574  8.074  6.524  0.0000  0.0000 3.69E-01 6.31E-01 0.0000 0.3089  0.688 0.3059 0.3065 2.77E-04  0.149 0.2938 0.3052  0.000  0.022  0.2015  1tp
