#age/yr        logL   logTef lgrav  logTc  logrho Xc      Yc     Xc_C     Xc_O     Q_conv Q_disc  L_H/L Q1_H   Q2_H   f_pp      L_He/L Q1_He  Q2_He  L_C/L  L_nu/L Q_Tmax  stage
 0.000000E+00  5.556  4.925  5.226  8.085  1.849  0.7677  0.2323 1.41E-11 1.74E-12 0.6984 0.7002  1.066 0.0000 0.7447 1.35E-01  0.000 0.0000 0.0000  0.000  0.000  0.0000  ZAMS                
 9.203296E+04  5.564  4.914  5.177  8.067  1.793  0.7519  0.2481 2.36E-11 3.10E-12 0.6877 0.7002  1.012 0.0000 0.7176 1.09E-01  0.000 0.0000 0.0000  0.000  0.000  0.0000          
 2.544645E+05  5.573  4.910  5.152  8.062  1.775  0.7333  0.2667 2.91E-11 3.90E-12 0.6828 0.7002  1.010 0.0000 0.7002 9.50E-02  0.000 0.0000 0.0000  0.000  0.000  0.0000          
 4.606389E+05  5.585  4.907  5.125  8.059  1.760  0.7089  0.2911 3.50E-11 4.74E-12 0.6695 0.7002  1.009 0.0000 0.6737 8.19E-02  0.000 0.0000 0.0000  0.000  0.000  0.0000          
 6.683201E+05  5.597  4.903  5.098  8.057  1.749  0.6835  0.3165 4.08E-11 5.58E-12 0.6617 0.7176  1.009 0.0000 0.5806 7.11E-02  0.000 0.0000 0.0000  0.000  0.000  0.0000          
 8.759924E+05  5.609  4.899  5.071  8.055  1.739  0.6569  0.3431 4.69E-11 6.46E-12 0.6545 0.7447  1.009 0.0000 0.5806 6.16E-02  0.000 0.0000 0.0000  0.000  0.000  0.0000          
 1.062736E+06  5.621  4.896  5.045  8.054  1.731  0.6321  0.3679 5.30E-11 7.32E-12 0.6416 0.7572  1.009 0.0000 0.5656 5.39E-02  0.000 0.0000 0.0000  0.000  0.000  0.0000          
 1.248269E+06  5.633  4.892  5.019  8.053  1.724  0.6064  0.3936 5.95E-11 8.26E-12 0.6335 0.7692  1.009 0.0000 0.5512 4.70E-02  0.000 0.0000 0.0000  0.000  0.000  0.0000          
 1.431545E+06  5.645  4.888  4.991  8.053  1.718  0.5800  0.4200 6.68E-11 9.29E-12 0.6265 0.7749  1.009 0.0000 0.5512 4.08E-02  0.000 0.0000 0.0000  0.000  0.000  0.0000          
 1.592997E+06  5.656  4.884  4.964  8.052  1.713  0.5558  0.4442 7.40E-11 1.03E-11 0.6126 0.7797  1.009 0.0000 0.5364 3.58E-02  0.000 0.0000 0.0000  0.000  0.000  0.0000          
 1.751877E+06  5.666  4.880  4.937  8.052  1.708  0.5311  0.4689 8.20E-11 1.14E-11 0.6069 0.7844  1.009 0.0000 0.5364 3.13E-02  0.000 0.0000 0.0000  0.000  0.000  0.0000          
 1.888675E+06  5.676  4.876  4.911  8.052  1.704  0.5089  0.4911 8.96E-11 1.25E-11 0.5972 0.7890  1.009 0.0000 0.5217 2.76E-02  0.000 0.0000 0.0000  0.000  0.000  0.0000          
 2.023540E+06  5.685  4.872  4.885  8.052  1.700  0.4864  0.5136 9.81E-11 1.37E-11 0.5904 0.7935  1.010 0.0000 0.5217 2.43E-02  0.000 0.0000 0.0000  0.000  0.000  0.0000          
 2.137024E+06  5.693  4.867  4.860  8.052  1.698  0.4668  0.5332 1.06E-10 1.48E-11 0.5813 0.7935  1.010 0.0000 0.5217 2.17E-02  0.000 0.0000 0.0000  0.000  0.000  0.0000          
 2.248856E+06  5.701  4.863  4.836  8.052  1.695  0.4469  0.5531 1.15E-10 1.60E-11 0.5770 0.7979  1.010 0.0000 0.5072 1.93E-02  0.000 0.0000 0.0000  0.000  0.000  0.0000          
 2.358848E+06  5.710  4.859  4.808  8.052  1.693  0.4267  0.5733 1.24E-10 1.73E-11 0.5664 0.7979  1.010 0.0000 0.4998 1.70E-02  0.000 0.0000 0.0000  0.000  0.000  0.0000          
 2.466604E+06  5.717  4.854  4.782  8.052  1.691  0.4063  0.5937 1.35E-10 1.88E-11 0.5631 0.7979  1.010 0.0000 0.4924 1.50E-02  0.000 0.0000 0.0000  0.000  0.000  0.0000          
 2.555252E+06  5.724  4.849  4.757  8.052  1.690  0.3890  0.6110 1.44E-10 2.01E-11 0.5536 0.7979  1.010 0.0000 0.4924 1.34E-02  0.000 0.0000 0.0000  0.000  0.000  0.0000          
 2.641930E+06  5.731  4.845  4.733  8.052  1.689  0.3716  0.6284 1.55E-10 2.15E-11 0.5493 0.8022  1.010 0.0000 0.4850 1.19E-02  0.000 0.0000 0.0000  0.000  0.000  0.0000          
 2.727589E+06  5.737  4.840  4.707  8.053  1.688  0.3540  0.6460 1.66E-10 2.31E-11 0.5430 0.8022  1.010 0.0000 0.4775 1.06E-02  0.000 0.0000 0.0000  0.000  0.000  0.0000          
 2.810025E+06  5.744  4.835  4.679  8.053  1.688  0.3366  0.6634 1.78E-10 2.47E-11 0.5337 0.8022  1.011 0.0000 0.4703 9.36E-03  0.000 0.0000 0.0000  0.000  0.000  0.0000          
 2.886188E+06  5.750  4.830  4.653  8.053  1.688  0.3200  0.6800 1.91E-10 2.64E-11 0.5316 0.8022  1.011 0.0000 0.4703 8.30E-03  0.000 0.0000 0.0000  0.000  0.000  0.0000          
 2.957240E+06  5.756  4.825  4.627  8.054  1.688  0.3043  0.6957 2.04E-10 2.82E-11 0.5248 0.8022  1.011 0.0000 0.4629 7.36E-03  0.000 0.0000 0.0000  0.000  0.000  0.0000          
 3.023093E+06  5.761  4.820  4.602  8.054  1.688  0.2893  0.7107 2.17E-10 3.00E-11 0.5205 0.8022  1.010 0.0000 0.4558 6.54E-03  0.000 0.0000 0.0000  0.000  0.000  0.0000          
 3.084377E+06  5.767  4.815  4.576  8.055  1.689  0.2750  0.7250 2.31E-10 3.18E-11 0.5143 0.8022  1.010 0.0000 0.4558 5.82E-03  0.000 0.0000 0.0000  0.000  0.000  0.0000          
 3.137554E+06  5.771  4.810  4.554  8.055  1.690  0.2624  0.7376 2.44E-10 3.36E-11 0.5109 0.8022  1.011 0.0000 0.4487 5.24E-03  0.000 0.0000 0.0000  0.000  0.000  0.0000          
 3.187355E+06  5.775  4.806  4.531  8.056  1.691  0.2504  0.7496 2.58E-10 3.54E-11 0.5048 0.8022  1.011 0.0000 0.4415 4.71E-03  0.000 0.0000 0.0000  0.000  0.000  0.0000          
 3.243152E+06  5.780  4.800  4.505  8.056  1.692  0.2366  0.7634 2.75E-10 3.77E-11 0.5009 0.8022  1.012 0.0000 0.4415 4.16E-03  0.000 0.0000 0.0000  0.000  0.000  0.0000          
 3.289370E+06  5.785  4.795  4.481  8.057  1.694  0.2250  0.7750 2.91E-10 3.97E-11 0.4951 0.8064  1.012 0.0000 0.4342 3.72E-03  0.000 0.0000 0.0000  0.000  0.000  0.0000          
 3.333521E+06  5.788  4.791  4.458  8.057  1.695  0.2136  0.7864 3.07E-10 4.19E-11 0.4928 0.8064  1.012 0.0000 0.4342 3.33E-03  0.000 0.0000 0.0000  0.000  0.000  0.0000          
 3.370353E+06  5.792  4.786  4.437  8.058  1.696  0.2040  0.7960 3.22E-10 4.39E-11 0.4870 0.8064  1.012 0.0000 0.4269 3.02E-03  0.000 0.0000 0.0000  0.000  0.000  0.0000          
 3.412401E+06  5.795  4.781  4.414  8.058  1.698  0.1929  0.8071 3.41E-10 4.63E-11 0.4850 0.8064  1.012 0.0000 0.4269 2.68E-03  0.000 0.0000 0.0000  0.000  0.000  0.0000          
 3.451537E+06  5.799  4.776  4.390  8.059  1.700  0.1823  0.8177 3.61E-10 4.89E-11 0.4788 0.8064  1.012 0.0000 0.4194 2.39E-03  0.000 0.0000 0.0000  0.000  0.000  0.0000          
 3.484176E+06  5.802  4.772  4.369  8.060  1.702  0.1734  0.8266 3.79E-10 5.12E-11 0.4764 0.8064  1.012 0.0000 0.4194 2.15E-03  0.000 0.0000 0.0000  0.000  0.000  0.0000          
 3.518421E+06  5.805  4.767  4.347  8.060  1.704  0.1639  0.8361 4.00E-10 5.39E-11 0.4733 0.8064  1.012 0.0000 0.4120 1.91E-03  0.000 0.0000 0.0000  0.000  0.000  0.0000          
 3.549790E+06  5.808  4.762  4.324  8.061  1.706  0.1550  0.8450 4.21E-10 5.66E-11 0.4680 0.8064  1.013 0.0000 0.4120 1.71E-03  0.000 0.0000 0.0000  0.000  0.000  0.0000          
 3.584079E+06  5.811  4.757  4.300  8.062  1.709  0.1452  0.8548 4.47E-10 5.99E-11 0.4659 0.8064  1.013 0.0000 0.4045 1.51E-03  0.000 0.0000 0.0000  0.000  0.000  0.0000          
 3.613298E+06  5.814  4.752  4.278  8.063  1.711  0.1367  0.8633 4.72E-10 6.30E-11 0.4616 0.8064  1.013 0.0000 0.4045 1.34E-03  0.000 0.0000 0.0000  0.000  0.000  0.0000          
 3.640437E+06  5.817  4.747  4.255  8.063  1.714  0.1287  0.8713 4.98E-10 6.62E-11 0.4575 0.8064  1.010 0.0000 0.3973 1.19E-03  0.000 0.0000 0.0000  0.000  0.000  0.0000          
 3.668640E+06  5.819  4.742  4.233  8.064  1.717  0.1202  0.8798 5.27E-10 6.99E-11 0.4558 0.8064  1.013 0.0000 0.3973 1.05E-03  0.000 0.0000 0.0000  0.000  0.000  0.0000          
 3.693438E+06  5.822  4.738  4.213  8.065  1.720  0.1127  0.8873 5.56E-10 7.35E-11 0.4523 0.8064  1.013 0.0000 0.3900 9.29E-04  0.000 0.0000 0.0000  0.000  0.000  0.0000          
 3.715441E+06  5.824  4.733  4.192  8.066  1.723  0.1060  0.8940 5.85E-10 7.71E-11 0.4486 0.8064  1.013 0.0000 0.3900 8.26E-04  0.000 0.0000 0.0000  0.000  0.000  0.0000          
 3.737722E+06  5.826  4.729  4.172  8.067  1.726  0.0991  0.9009 6.18E-10 8.11E-11 0.4462 0.8064  1.013 0.0000 0.3900 7.33E-04  0.000 0.0000 0.0000  0.000  0.000  0.0000          
 3.760230E+06  5.828  4.724  4.151  8.068  1.729  0.0920  0.9080 6.54E-10 8.55E-11 0.4442 0.8064  1.013 0.0000 0.3828 6.45E-04  0.000 0.0000 0.0000  0.000  0.000  0.0000          
 3.781688E+06  5.830  4.719  4.130  8.069  1.733  0.0853  0.9147 6.94E-10 9.03E-11 0.4410 0.8064  1.014 0.0000 0.3828 5.73E-04  0.000 0.0000 0.0000  0.000  0.000  0.0000          
 3.806043E+06  5.833  4.714  4.105  8.070  1.738  0.0775  0.9226 7.45E-10 9.65E-11 0.4371 0.8064  1.013 0.0000 0.3756 4.88E-04  0.000 0.0000 0.0000  0.000  0.000  0.0000          
 3.828116E+06  5.836  4.709  4.084  8.072  1.742  0.0703  0.9297 8.00E-10 1.03E-10 0.4358 0.8064  1.014 0.0000 0.3756 4.16E-04  0.000 0.0000 0.0000  0.000  0.000  0.0000          
 3.847969E+06  5.838  4.704  4.063  8.073  1.746  0.0638  0.9362 8.58E-10 1.10E-10 0.4330 0.8064  1.014 0.0000 0.3756 3.56E-04  0.000 0.0000 0.0000  0.000  0.000  0.0000          
 3.865811E+06  5.839  4.699  4.041  8.074  1.752  0.0579  0.9421 9.18E-10 1.17E-10 0.4292 0.8064  1.014 0.0000 0.3682 3.07E-04  0.000 0.0000 0.0000  0.000  0.000  0.0000          
 3.889207E+06  5.842  4.693  4.013  8.076  1.759  0.0500  0.9500 1.02E-09 1.28E-10 0.4256 0.8106  1.012 0.0000 0.3682 2.47E-04  0.000 0.0000 0.0000  0.000  0.000  0.0000          
 3.910403E+06  5.844  4.688  3.990  8.079  1.766  0.0428  0.9572 1.13E-09 1.41E-10 0.4248 0.8106  1.014 0.0000 0.3607 2.02E-04  0.000 0.0000 0.0000  0.000  0.000  0.0000          
 3.927316E+06  5.846  4.683  3.970  8.081  1.774  0.0370  0.9630 1.24E-09 1.54E-10 0.4215 0.8106  1.014 0.0000 0.3607 1.69E-04  0.000 0.0000 0.0000  0.000  0.000  0.0000          
 3.946117E+06  5.848  4.677  3.945  8.084  1.783  0.0305  0.9695 1.41E-09 1.72E-10 0.4175 0.8146  1.014 0.0000 0.3607 1.36E-04  0.000 0.0000 0.0000  0.000  0.000  0.0000          
 3.962116E+06  5.850  4.673  3.924  8.087  1.793  0.0249  0.9751 1.60E-09 1.94E-10 0.4153 0.8146  1.013 0.0000 0.3533 1.13E-04  0.000 0.0000 0.0000  0.000  0.000  0.0000          
 3.980168E+06  5.852  4.668  3.902  8.091  1.807  0.0185  0.9816 1.92E-09 2.29E-10 0.4140 0.8146  1.012 0.0000 0.3533 9.25E-05  0.000 0.0000 0.0000  0.000  0.000  0.0000          
 3.998368E+06  5.854  4.663  3.882  8.098  1.829  0.0119  0.9881 2.48E-09 2.88E-10 0.4106 0.8186  1.010 0.0000 0.3459 7.76E-05  0.000 0.0000 0.0000  0.000  0.000  0.0000          
 4.021067E+06  5.859  4.659  3.861  8.117  1.887  0.0037  0.9963 4.78E-09 5.17E-10 0.4048 0.8186  0.996 0.0000 0.3459 7.41E-05  0.000 0.0000 0.0107  0.000  0.000  0.0000  Tmin    
 4.030617E+06  5.864  4.663  3.874  8.154  2.002  0.0003  0.9997 1.71E-08 1.62E-09 0.3929 0.8224  0.833 0.0000 0.3387 1.36E-04  0.000 0.0000 0.0631  0.000  0.000  0.0000          
 4.031779E+06  5.867  4.668  3.889  8.181  2.087  0.0000  1.0000 5.06E-08 4.28E-09 0.3689 0.8224  0.347 0.0000 0.4646 3.76E-04  0.000 0.0000 0.1031  0.000  0.000  0.0000          
 4.032255E+06  5.870  4.673  3.905  8.208  2.172  0.0000  1.0000 6.74E-07 7.64E-09 0.3127 0.8224  0.004 0.3326 0.6887 3.72E-02  0.002 0.0000 0.1247  0.000  0.000  0.0000          
 4.032721E+06  5.873  4.677  3.920  8.236  2.260  0.0000  1.0000 1.18E-05 7.75E-09 0.2844 0.8224  0.009 0.3366 0.6793 2.17E-02  0.011 0.0000 0.1322  0.000  0.000  0.0000          
 4.033256E+06  5.876  4.682  3.936  8.266  2.352  0.0000  0.9999 1.09E-04 1.30E-08 0.2807 0.8224  0.018 0.3366 0.6643 1.29E-02  0.080 0.0000 0.1397  0.000  0.000  0.0000          
 4.034332E+06  5.879  4.687  3.951  8.301  2.460  0.0000  0.9981 1.87E-03 8.78E-07 0.3230 0.8224  0.045 0.3388 0.6237 6.88E-03  0.695 0.0000 0.1472  0.000  0.000  0.0000          
 4.034572E+06  5.880  4.687  3.950  8.303  2.467  0.0000  0.9973 2.66E-03 1.69E-06 0.3296 0.8224  0.047 0.3395 0.6209 6.58E-03  0.797 0.0000 0.1472  0.000  0.000  0.0000  Lpt     
 4.038516E+06  5.882  4.682  3.930  8.307  2.478  0.0000  0.9807 1.92E-02 7.87E-05 0.3539 0.8224  0.051 0.3539 0.6156 6.26E-03  0.979 0.0000 0.1472  0.000  0.000  0.0000          
 4.047216E+06  5.884  4.678  3.909  8.309  2.482  0.0000  0.9450 5.44E-02 6.57E-04 0.3711 0.8224  0.048 0.3711 0.6156 6.50E-03  0.980 0.0000 0.1472  0.000  0.000  0.0000          
 4.064765E+06  5.885  4.673  3.889  8.313  2.493  0.0000  0.8748 1.22E-01 3.57E-03 0.3818 0.8224  0.044 0.3868 0.6156 6.83E-03  0.987 0.0000 0.1547  0.000  0.000  0.0000          
 4.075286E+06  5.886  4.668  3.870  8.315  2.500  0.0000  0.8327 1.61E-01 6.57E-03 0.3834 0.8224  0.040 0.3896 0.6156 7.00E-03  0.991 0.0000 0.1547  0.000  0.000  0.0000          
 4.083888E+06  5.887  4.663  3.850  8.318  2.506  0.0000  0.7986 1.92E-01 9.76E-03 0.3847 0.8224  0.038 0.3898 0.6156 7.12E-03  0.995 0.0000 0.1547  0.000  0.000  0.0000          
 4.091512E+06  5.888  4.658  3.830  8.319  2.511  0.0000  0.7687 2.18E-01 1.32E-02 0.3857 0.8224  0.035 0.3900 0.6156 7.21E-03  0.997 0.0000 0.1547  0.000  0.000  0.0000          
 4.099082E+06  5.888  4.653  3.809  8.321  2.517  0.0000  0.7391 2.44E-01 1.72E-02 0.3857 0.8224  0.033 0.3903 0.6156 7.29E-03  1.000 0.0000 0.1547  0.000  0.000  0.0000          
 4.105621E+06  5.889  4.649  3.789  8.323  2.522  0.0000  0.7135 2.65E-01 2.12E-02 0.3855 0.8224  0.031 0.3905 0.6120 7.36E-03  1.002 0.0000 0.1547  0.000  0.000  0.0000          
 4.112129E+06  5.890  4.644  3.768  8.325  2.528  0.0000  0.6882 2.86E-01 2.57E-02 0.3860 0.8224  0.029 0.3905 0.6120 7.42E-03  1.004 0.0000 0.1547  0.000  0.000  0.0000          
 4.117701E+06  5.891  4.639  3.749  8.326  2.532  0.0000  0.6667 3.03E-01 2.99E-02 0.3861 0.8224  0.028 0.3905 0.6120 7.45E-03  1.005 0.0000 0.1607  0.000  0.000  0.0000          
 4.123227E+06  5.891  4.634  3.730  8.328  2.537  0.0000  0.6455 3.20E-01 3.45E-02 0.3861 0.8224  0.027 0.3905 0.6091 7.49E-03  1.007 0.0000 0.1607  0.000  0.000  0.0000          
 4.128726E+06  5.892  4.630  3.711  8.329  2.542  0.0000  0.6246 3.36E-01 3.95E-02 0.3861 0.8224  0.025 0.3905 0.6091 7.52E-03  1.008 0.0000 0.1607  0.000  0.000  0.0000          
 4.134198E+06  5.893  4.625  3.691  8.331  2.547  0.0000  0.6038 3.51E-01 4.49E-02 0.3861 0.8224  0.024 0.3967 0.6062 7.54E-03  1.009 0.0000 0.1607  0.000  0.000  0.0000          
 4.139644E+06  5.893  4.620  3.670  8.333  2.552  0.0000  0.5833 3.66E-01 5.07E-02 0.3861 0.8224  0.023 0.3967 0.6062 7.56E-03  1.010 0.0000 0.1607  0.000  0.000  0.0000          
 4.145063E+06  5.894  4.615  3.649  8.334  2.557  0.0000  0.5631 3.80E-01 5.69E-02 0.3861 0.8224  0.022 0.3967 0.6036 7.57E-03  1.011 0.0000 0.1607  0.000  0.000  0.0000          
 4.150455E+06  5.895  4.610  3.628  8.336  2.563  0.0000  0.5431 3.93E-01 6.35E-02 0.3861 0.8224  0.021 0.3967 0.6036 7.58E-03  1.012 0.0000 0.1607  0.000  0.000  0.0000          
 4.154929E+06  5.895  4.605  3.609  8.337  2.567  0.0000  0.5267 4.04E-01 6.94E-02 0.3861 0.8224  0.020 0.3967 0.5784 7.58E-03  1.013 0.0000 0.1607  0.000  0.000  0.0000          
 4.159383E+06  5.896  4.601  3.591  8.339  2.572  0.0000  0.5105 4.14E-01 7.56E-02 0.3861 0.8224  0.019 0.3967 0.5756 7.58E-03  1.014 0.0000 0.1607  0.000  0.000  0.0000          
 4.163962E+06  5.896  4.596  3.571  8.340  2.576  0.0000  0.4944 4.23E-01 8.21E-02 0.3861 0.8224  0.019 0.3967 0.5756 7.58E-03  1.014 0.0000 0.1667  0.000  0.000  0.0000          
 4.168378E+06  5.897  4.591  3.552  8.342  2.581  0.0000  0.4786 4.32E-01 8.90E-02 0.3861 0.8224  0.018 0.3967 0.5730 7.57E-03  1.015 0.0000 0.1667  0.000  0.000  0.0000          
 4.172775E+06  5.898  4.587  3.532  8.343  2.586  0.0000  0.4630 4.41E-01 9.62E-02 0.3861 0.8224  0.017 0.3967 0.5730 7.55E-03  1.016 0.0000 0.1667  0.000  0.000  0.0000          
 4.177416E+06  5.898  4.582  3.512  8.345  2.591  0.0000  0.4474 4.49E-01 1.04E-01 0.3861 0.8224  0.016 0.3999 0.5703 7.54E-03  1.016 0.0000 0.1667  0.000  0.000  0.0000          
 4.181773E+06  5.899  4.577  3.491  8.346  2.595  0.0000  0.4325 4.56E-01 1.12E-01 0.3861 0.8224  0.016 0.3999 0.5703 7.52E-03  1.015 0.0000 0.1667  0.000  0.000  0.0000          
 4.186183E+06  5.900  4.572  3.471  8.348  2.600  0.0000  0.4173 4.63E-01 1.20E-01 0.3861 0.8224  0.015 0.3999 0.5675 7.49E-03  1.017 0.0000 0.1667  0.000  0.000  0.0000          
 4.190607E+06  5.900  4.567  3.450  8.350  2.606  0.0000  0.4025 4.69E-01 1.29E-01 0.3861 0.8224  0.015 0.3999 0.5647 7.46E-03  1.018 0.0000 0.1667  0.000  0.000  0.0000          
 4.195063E+06  5.901  4.561  3.428  8.351  2.611  0.0000  0.3880 4.74E-01 1.38E-01 0.3861 0.8224  0.014 0.3999 0.5647 7.42E-03  1.018 0.0000 0.1667  0.000  0.000  0.0000          
 4.199587E+06  5.901  4.556  3.405  8.353  2.616  0.0000  0.3736 4.79E-01 1.47E-01 0.3861 0.8224  0.014 0.3999 0.5620 7.37E-03  1.018 0.0000 0.1667  0.000  0.000  0.0000          
 4.203894E+06  5.902  4.550  3.383  8.355  2.621  0.0000  0.3597 4.84E-01 1.57E-01 0.3861 0.8224  0.013 0.3999 0.5620 7.32E-03  1.018 0.0000 0.1667  0.000  0.000  0.0000          
 4.208119E+06  5.902  4.545  3.361  8.356  2.627  0.0000  0.3460 4.87E-01 1.67E-01 0.3861 0.8224  0.013 0.3999 0.5592 7.28E-03  1.019 0.0000 0.1727  0.000  0.000  0.0000          
 4.212319E+06  5.903  4.540  3.339  8.358  2.632  0.0000  0.3325 4.90E-01 1.77E-01 0.3861 0.8224  0.012 0.4031 0.5592 7.22E-03  1.019 0.0000 0.1727  0.000  0.000  0.0000          
 4.216496E+06  5.904  4.534  3.316  8.360  2.637  0.0000  0.3193 4.93E-01 1.88E-01 0.3861 0.8224  0.012 0.4031 0.5568 7.16E-03  1.019 0.0000 0.1727  0.000  0.000  0.0000          
 4.219853E+06  5.904  4.529  3.297  8.361  2.642  0.0000  0.3090 4.94E-01 1.97E-01 0.3861 0.8224  0.012 0.4031 0.5568 7.12E-03  1.019 0.0000 0.1727  0.000  0.000  0.0000          
 4.223198E+06  5.905  4.525  3.278  8.363  2.646  0.0000  0.2990 4.95E-01 2.06E-01 0.3861 0.8224  0.011 0.4031 0.5544 7.08E-03  1.018 0.0000 0.1727  0.000  0.000  0.0000          
 4.226606E+06  5.905  4.520  3.259  8.364  2.651  0.0000  0.2888 4.96E-01 2.15E-01 0.3861 0.8224  0.011 0.4031 0.5544 7.03E-03  1.019 0.0000 0.1727  0.000  0.000  0.0000          
 4.229902E+06  5.905  4.515  3.239  8.366  2.656  0.0000  0.2790 4.96E-01 2.25E-01 0.3861 0.8224  0.011 0.4031 0.5518 6.97E-03  1.019 0.0000 0.1727  0.000  0.000  0.0000          
 4.233159E+06  5.906  4.511  3.220  8.367  2.660  0.0000  0.2694 4.96E-01 2.35E-01 0.3861 0.8224  0.011 0.4031 0.5493 6.92E-03  1.019 0.0000 0.1727  0.000  0.000  0.0000          
 4.236385E+06  5.906  4.506  3.200  8.369  2.665  0.0000  0.2603 4.95E-01 2.44E-01 0.3861 0.8224  0.010 0.4031 0.5493 6.86E-03  1.018 0.0000 0.1727  0.000  0.000  0.0000          
 4.239709E+06  5.907  4.501  3.180  8.370  2.669  0.0000  0.2523 4.95E-01 2.53E-01 0.3861 0.8224  0.010 0.4031 0.5493 6.83E-03  1.016 0.0000 0.1727  0.000  0.000  0.0000          
 4.242990E+06  5.907  4.496  3.159  8.372  2.674  0.0000  0.2430 4.93E-01 2.64E-01 0.3861 0.8224  0.010 0.4031 0.5466 6.76E-03  1.019 0.0000 0.1727  0.000  0.000  0.0000          
 4.246149E+06  5.908  4.491  3.139  8.373  2.678  0.0000  0.2344 4.92E-01 2.74E-01 0.3861 0.8224  0.010 0.4031 0.5453 6.70E-03  1.017 0.0000 0.1727  0.000  0.000  0.0000          
 4.249428E+06  5.908  4.486  3.118  8.375  2.684  0.0000  0.2253 4.89E-01 2.85E-01 0.3861 0.8224  0.010 0.4031 0.5439 6.63E-03  1.019 0.0000 0.1727  0.000  0.000  0.0000          
 4.252555E+06  5.909  4.481  3.097  8.376  2.689  0.0000  0.2168 4.87E-01 2.96E-01 0.3861 0.8224  0.009 0.4031 0.5426 6.56E-03  1.019 0.0000 0.1787  0.000  0.000  0.0000          
 4.255802E+06  5.909  4.475  3.076  8.378  2.694  0.0000  0.2085 4.84E-01 3.07E-01 0.3861 0.8224  0.009 0.4036 0.5412 6.49E-03  1.018 0.0000 0.1787  0.000  0.000  0.0000          
 4.258881E+06  5.910  4.470  3.055  8.380  2.699  0.0000  0.2003 4.81E-01 3.19E-01 0.3861 0.8224  0.009 0.4036 0.5399 6.42E-03  1.019 0.0000 0.1787  0.000  0.000  0.0000          
 4.261661E+06  5.910  4.465  3.035  8.381  2.703  0.0000  0.1943 4.78E-01 3.27E-01 0.3861 0.8224  0.009 0.4036 0.5399 6.38E-03  1.016 0.0000 0.1787  0.000  0.000  0.0000          
 4.264766E+06  5.910  4.460  3.014  8.383  2.708  0.0000  0.1863 4.74E-01 3.39E-01 0.3861 0.8224  0.009 0.4036 0.5385 6.30E-03  1.019 0.0000 0.1787  0.000  0.000  0.0000          
 4.267760E+06  5.911  4.455  2.992  8.384  2.713  0.0000  0.1787 4.70E-01 3.51E-01 0.3861 0.8224  0.009 0.4036 0.5385 6.22E-03  1.018 0.0000 0.1787  0.000  0.000  0.0000          
 4.270728E+06  5.911  4.449  2.971  8.386  2.719  0.0000  0.1714 4.66E-01 3.63E-01 0.3861 0.8224  0.009 0.4036 0.5361 6.14E-03  1.018 0.0000 0.1787  0.000  0.000  0.0000          
 4.273190E+06  5.911  4.445  2.952  8.387  2.723  0.0000  0.1658 4.62E-01 3.72E-01 0.3861 0.8224  0.009 0.4036 0.5361 6.08E-03  1.017 0.0000 0.1787  0.000  0.000  0.0000          
 4.276227E+06  5.912  4.439  2.929  8.389  2.728  0.0000  0.1589 4.57E-01 3.84E-01 0.3861 0.8224  0.008 0.4036 0.5337 6.00E-03  1.017 0.0000 0.1787  0.000  0.000  0.0000          
 4.279103E+06  5.912  4.434  2.906  8.391  2.733  0.0000  0.1521 4.52E-01 3.96E-01 0.3861 0.8224  0.008 0.4036 0.5318 5.92E-03  1.018 0.0000 0.1787  0.000  0.000  0.0000          
 4.281893E+06  5.913  4.428  2.884  8.392  2.738  0.0000  0.1459 4.47E-01 4.07E-01 0.3861 0.8224  0.008 0.4036 0.5318 5.82E-03  1.014 0.0000 0.1787  0.000  0.000  0.0000          
 4.284257E+06  5.913  4.423  2.864  8.394  2.743  0.0000  0.1405 4.42E-01 4.18E-01 0.3861 0.8224  0.008 0.4036 0.5298 5.75E-03  1.017 0.0000 0.1787  0.000  0.000  0.0000          
 4.287104E+06  5.913  4.418  2.841  8.396  2.749  0.0000  0.1343 4.36E-01 4.30E-01 0.3861 0.8224  0.008 0.4036 0.5286 5.67E-03  1.016 0.0000 0.1787  0.000  0.000  0.0000          
 4.289261E+06  5.914  4.413  2.822  8.397  2.753  0.0000  0.1297 4.31E-01 4.39E-01 0.3861 0.8224  0.008 0.4036 0.5273 5.60E-03  1.016 0.0000 0.1787  0.000  0.000  0.0000          
 4.291900E+06  5.914  4.407  2.800  8.399  2.759  0.0000  0.1238 4.25E-01 4.51E-01 0.3861 0.8224  0.008 0.4036 0.5273 5.51E-03  1.016 0.0000 0.1787  0.000  0.000  0.0000          
 4.294559E+06  5.914  4.402  2.776  8.401  2.764  0.0000  0.1182 4.19E-01 4.63E-01 0.3861 0.8224  0.008 0.4036 0.5260 5.42E-03  1.015 0.0000 0.1787  0.000  0.000  0.0000          
 4.297161E+06  5.915  4.396  2.752  8.403  2.770  0.0000  0.1126 4.12E-01 4.75E-01 0.3861 0.8224  0.008 0.4036 0.5248 5.33E-03  1.016 0.0000 0.1847  0.000  0.000  0.0000          
 4.299653E+06  5.915  4.390  2.729  8.404  2.776  0.0000  0.1073 4.06E-01 4.87E-01 0.3861 0.8224  0.008 0.4036 0.5235 5.23E-03  1.016 0.0000 0.1847  0.000  0.000  0.0000          
 4.302110E+06  5.915  4.384  2.706  8.406  2.781  0.0000  0.1022 3.99E-01 4.99E-01 0.3861 0.8224  0.008 0.4036 0.5222 5.14E-03  1.015 0.0000 0.1847  0.000  0.000  0.0000          
 4.304506E+06  5.916  4.379  2.682  8.408  2.787  0.0000  0.0973 3.92E-01 5.11E-01 0.3861 0.8224  0.008 0.4036 0.5222 5.03E-03  1.015 0.0000 0.1847  0.000  0.000  0.0000          
 4.308048E+06  5.916  4.370  2.646  8.411  2.796  0.0000  0.0904 3.82E-01 5.28E-01 0.3861 0.8224  0.008 0.4036 0.5197 4.89E-03  1.014 0.0000 0.1847  0.000  0.001  0.0000          
 4.309836E+06  5.917  4.365  2.627  8.412  2.800  0.0000  0.0874 3.77E-01 5.35E-01 0.3861 0.8224  0.008 0.4042 0.5197 4.82E-03  1.012 0.0000 0.1847  0.000  0.001  0.0000          
 4.311761E+06  5.917  4.360  2.607  8.414  2.805  0.0000  0.0837 3.71E-01 5.45E-01 0.3861 0.8224  0.008 0.4042 0.5183 4.75E-03  1.013 0.0000 0.1847  0.000  0.001  0.0000          
 4.315116E+06  5.917  4.351  2.570  8.417  2.813  0.0000  0.0776 3.61E-01 5.61E-01 0.3861 0.8224  0.008 0.4042 0.5170 4.60E-03  1.012 0.0000 0.1847  0.000  0.001  0.0000          
 4.318166E+06  5.918  4.343  2.536  8.420  2.822  0.0000  0.0719 3.51E-01 5.77E-01 0.3861 0.8224  0.008 0.4042 0.5170 4.46E-03  1.012 0.0000 0.1847  0.000  0.001  0.0000          
 4.321024E+06  5.918  4.334  2.502  8.422  2.831  0.0000  0.0667 3.41E-01 5.92E-01 0.3857 0.8224  0.008 0.4042 0.5156 4.33E-03  1.011 0.0000 0.1847  0.000  0.001  0.0000          
 4.323840E+06  5.919  4.325  2.467  8.425  2.839  0.0000  0.0618 3.32E-01 6.06E-01 0.3855 0.8224  0.008 0.4042 0.5143 4.20E-03  1.011 0.0000 0.1847  0.000  0.001  0.0000          
 4.326428E+06  5.919  4.317  2.433  8.428  2.847  0.0000  0.0575 3.23E-01 6.19E-01 0.3851 0.8224  0.009 0.4042 0.5131 4.07E-03  1.010 0.0000 0.1847  0.000  0.001  0.0000          
 4.327780E+06  5.919  4.313  2.415  8.429  2.852  0.0000  0.0552 3.19E-01 6.26E-01 0.3851 0.8224  0.009 0.4042 0.5119 4.01E-03  1.009 0.0000 0.1847  0.000  0.001  0.0000          
 4.330269E+06  5.920  4.304  2.380  8.432  2.860  0.0000  0.0512 3.10E-01 6.38E-01 0.3849 0.8224  0.009 0.4042 0.5107 3.89E-03  1.008 0.0000 0.1847  0.000  0.001  0.0000          
 4.332529E+06  5.920  4.296  2.346  8.434  2.868  0.0000  0.0474 3.02E-01 6.50E-01 0.3845 0.8224  0.009 0.4042 0.5107 3.77E-03  1.008 0.0000 0.1847  0.000  0.001  0.0000          
 4.334625E+06  5.920  4.288  2.314  8.437  2.876  0.0000  0.0439 2.94E-01 6.62E-01 0.3841 0.8224  0.009 0.4042 0.5095 3.65E-03  1.007 0.0000 0.1847  0.000  0.001  0.0000          
 4.336589E+06  5.921  4.280  2.282  8.440  2.884  0.0000  0.0406 2.86E-01 6.72E-01 0.3839 0.8224  0.009 0.4042 0.5084 3.53E-03  1.006 0.0000 0.1847  0.000  0.001  0.0000          
 4.338430E+06  5.921  4.272  2.250  8.442  2.892  0.0000  0.0377 2.79E-01 6.82E-01 0.3836 0.8224  0.010 0.4042 0.5072 3.41E-03  1.005 0.0000 0.1847  0.000  0.001  0.0000          
 4.340164E+06  5.921  4.264  2.219  8.445  2.900  0.0000  0.0349 2.72E-01 6.92E-01 0.3832 0.8224  0.010 0.4042 0.5072 3.31E-03  1.004 0.0000 0.1847  0.000  0.001  0.0000          
 4.341734E+06  5.921  4.257  2.189  8.447  2.908  0.0000  0.0323 2.66E-01 7.00E-01 0.3832 0.8224  0.010 0.4042 0.5060 3.20E-03  1.003 0.0000 0.1847  0.000  0.001  0.0000          
 4.343188E+06  5.922  4.250  2.160  8.450  2.915  0.0000  0.0300 2.60E-01 7.08E-01 0.3830 0.8224  0.010 0.4042 0.5060 3.10E-03  1.002 0.0000 0.1847  0.000  0.001  0.0000          
 4.344648E+06  5.922  4.242  2.130  8.452  2.922  0.0000  0.0277 2.54E-01 7.16E-01 0.3830 0.8224  0.011 0.4042 0.5048 3.01E-03  1.000 0.0000 0.1847  0.000  0.001  0.0000          
 4.345938E+06  5.922  4.235  2.102  8.455  2.930  0.0000  0.0257 2.49E-01 7.23E-01 0.3828 0.8224  0.011 0.4042 0.5036 2.91E-03  0.999 0.0000 0.1847  0.000  0.001  0.0000          
 4.347113E+06  5.922  4.229  2.075  8.457  2.936  0.0000  0.0239 2.44E-01 7.29E-01 0.3826 0.8224  0.011 0.4042 0.5036 2.83E-03  0.998 0.0000 0.1847  0.000  0.001  0.0000          
 4.348285E+06  5.923  4.222  2.048  8.459  2.944  0.0000  0.0221 2.40E-01 7.35E-01 0.3826 0.8224  0.012 0.4042 0.5025 2.74E-03  0.997 0.0000 0.1847  0.000  0.001  0.0000          
 4.349380E+06  5.923  4.215  2.020  8.461  2.951  0.0000  0.0204 2.35E-01 7.41E-01 0.3824 0.8224  0.012 0.4042 0.5025 2.66E-03  0.995 0.0000 0.1847  0.000  0.001  0.0000          
 4.350333E+06  5.923  4.209  1.996  8.464  2.958  0.0000  0.0189 2.31E-01 7.46E-01 0.3824 0.8224  0.012 0.4042 0.5025 2.57E-03  0.993 0.0000 0.1847  0.000  0.001  0.0000          
 4.351217E+06  5.923  4.203  1.971  8.466  2.964  0.0000  0.0175 2.28E-01 7.51E-01 0.3820 0.8224  0.013 0.4048 0.5013 2.50E-03  0.991 0.0000 0.1847  0.000  0.001  0.0000          
 4.352089E+06  5.923  4.197  1.947  8.468  2.971  0.0000  0.0162 2.24E-01 7.55E-01 0.3820 0.8224  0.013 0.4048 0.5013 2.43E-03  0.989 0.0000 0.1847  0.000  0.001  0.0000          
 4.352850E+06  5.923  4.191  1.924  8.470  2.977  0.0000  0.0150 2.21E-01 7.59E-01 0.3820 0.8224  0.014 0.4048 0.5002 2.36E-03  0.987 0.0000 0.1847  0.000  0.001  0.0000          
 4.353589E+06  5.923  4.185  1.901  8.472  2.984  0.0000  0.0139 2.18E-01 7.63E-01 0.3818 0.8224  0.014 0.4048 0.5002 2.29E-03  0.985 0.0000 0.1847  0.000  0.001  0.0000          
 4.354244E+06  5.923  4.180  1.881  8.474  2.990  0.0000  0.0129 2.15E-01 7.67E-01 0.3810 0.8224  0.014 0.4048 0.5002 2.23E-03  0.982 0.0000 0.1847  0.000  0.001  0.0000          
 4.354862E+06  5.923  4.175  1.860  8.476  2.996  0.0000  0.0120 2.13E-01 7.70E-01 0.3804 0.8224  0.015 0.4048 0.4991 2.17E-03  0.980 0.0000 0.1847  0.000  0.001  0.0000          
 4.355458E+06  5.924  4.170  1.839  8.478  3.002  0.0000  0.0111 2.10E-01 7.72E-01 0.3800 0.8224  0.015 0.4048 0.4991 2.11E-03  0.978 0.0000 0.1847  0.000  0.001  0.0000          
 4.355991E+06  5.924  4.165  1.820  8.480  3.008  0.0000  0.0103 2.08E-01 7.75E-01 0.3791 0.8224  0.016 0.4048 0.4991 2.05E-03  0.974 0.0000 0.1847  0.000  0.001  0.0000          
 4.356743E+06  5.924  4.158  1.792  8.483  3.016  0.0000  0.0091 2.05E-01 7.78E-01 0.3786 0.8224  0.017 0.4048 0.4980 1.97E-03  0.970 0.0000 0.1847  0.000  0.002  0.0000          
 4.357343E+06  5.924  4.152  1.768  8.485  3.024  0.0000  0.0082 2.03E-01 7.81E-01 0.3783 0.8224  0.017 0.4048 0.4980 1.90E-03  0.965 0.0000 0.1847  0.000  0.002  0.0000          
 4.357867E+06  5.924  4.147  1.746  8.488  3.031  0.0000  0.0075 2.01E-01 7.83E-01 0.3783 0.8224  0.018 0.4048 0.4980 1.84E-03  0.962 0.0000 0.1847  0.000  0.002  0.0000          
 4.358370E+06  5.924  4.141  1.724  8.490  3.038  0.0000  0.0067 1.99E-01 7.85E-01 0.3783 0.8224  0.019 0.4048 0.4969 1.78E-03  0.956 0.0000 0.1847  0.000  0.002  0.0000          
 4.358813E+06  5.924  4.136  1.704  8.492  3.045  0.0000  0.0061 1.98E-01 7.87E-01 0.3781 0.8224  0.020 0.4048 0.4969 1.72E-03  0.952 0.0000 0.1847  0.000  0.002  0.0000          
 4.359230E+06  5.924  4.131  1.684  8.494  3.052  0.0000  0.0055 1.96E-01 7.88E-01 0.3775 0.8224  0.020 0.4048 0.4969 1.66E-03  0.943 0.0000 0.1787  0.000  0.002  0.0000          
 4.359893E+06  5.924  4.123  1.651  8.499  3.065  0.0000  0.0045 1.94E-01 7.90E-01 0.3770 0.8224  0.022 0.4048 0.4958 1.56E-03  0.927 0.0000 0.1787  0.000  0.002  0.0000          
 4.360436E+06  5.924  4.116  1.622  8.503  3.077  0.0000  0.0036 1.92E-01 7.92E-01 0.3760 0.8224  0.024 0.4048 0.4958 1.47E-03  0.910 0.0000 0.1787  0.000  0.002  0.0000          
 4.360882E+06  5.924  4.109  1.597  8.507  3.089  0.0000  0.0030 1.91E-01 7.93E-01 0.3742 0.8224  0.026 0.4048 0.4947 1.39E-03  0.888 0.0000 0.1787  0.000  0.002  0.0000          
 4.361256E+06  5.924  4.104  1.575  8.510  3.100  0.0000  0.0025 1.90E-01 7.94E-01 0.3734 0.8224  0.027 0.4048 0.4947 1.31E-03  0.876 0.0000 0.1727  0.000  0.002  0.0000          
 4.361598E+06  5.925  4.099  1.554  8.514  3.111  0.0000  0.0020 1.89E-01 7.94E-01 0.3709 0.8224  0.030 0.4048 0.4947 1.24E-03  0.854 0.0000 0.1727  0.000  0.003  0.0000          
 4.361996E+06  5.925  4.092  1.528  8.519  3.130  0.0000  0.0015 1.88E-01 7.95E-01 0.3708 0.8224  0.033 0.4048 0.4936 1.15E-03  0.833 0.0000 0.1727  0.000  0.003  0.0000          
 4.362329E+06  5.925  4.087  1.506  8.524  3.146  0.0000  0.0010 1.87E-01 7.95E-01 0.3659 0.8224  0.036 0.4051 0.4936 1.06E-03  0.754 0.0000 0.1667  0.000  0.003  0.0000          
 4.362636E+06  5.925  4.081  1.484  8.531  3.166  0.0000  0.0006 1.86E-01 7.95E-01 0.3629 0.8224  0.042 0.4051 0.4926 9.67E-04  0.665 0.0000 0.1667  0.000  0.003  0.0000          
 4.362937E+06  5.925  4.076  1.462  8.540  3.194  0.0000  0.0003 1.86E-01 7.95E-01 0.3600 0.8224  0.050 0.4051 0.4926 8.44E-04  0.509 0.0000 0.1607  0.000  0.004  0.0000          
 4.363203E+06  5.925  4.071  1.442  8.550  3.227  0.0000  0.0001 1.86E-01 7.95E-01 0.3435 0.8224  0.064 0.4051 0.4926 7.12E-04  0.262 0.0000 0.1547  0.000  0.005  0.0000          
 4.363459E+06  5.925  4.066  1.422  8.566  3.275  0.0000  0.0000 1.86E-01 7.95E-01 0.0888 0.8224  0.092 0.4051 0.4915 5.54E-04  0.000 0.3447 0.4048  0.000  0.006  0.0000          
 4.363638E+06  5.926  4.059  1.393  8.576  3.306  0.0000  0.0000 1.86E-01 7.95E-01 0.0000 0.8599  0.109 0.4051 0.4903 4.80E-04  0.000 0.3447 0.4081  0.000  0.007  0.0000          
 4.363757E+06  5.927  4.053  1.369  8.583  3.328  0.0000  0.0000 1.86E-01 7.95E-01 0.0000 0.8599  0.126 0.4051 0.4903 4.29E-04  0.000 0.3447 0.4103  0.000  0.008  0.0000          
 4.363885E+06  5.928  4.048  1.350  8.591  3.352  0.0000  0.0000 1.86E-01 7.95E-01 0.0815 0.8599  0.149 0.4051 0.4892 3.80E-04  0.000 0.3447 0.4120  0.000  0.009  0.0000          
 4.364084E+06  5.928  4.043  1.329  8.602  3.387  0.0000  0.0000 1.86E-01 7.95E-01 0.0000 0.8599  0.188 0.4053 0.4892 3.15E-04  0.000 0.3447 0.4146  0.000  0.011  0.0000          
 4.364307E+06  5.928  4.038  1.309  8.614  3.424  0.0000  0.0000 1.86E-01 7.95E-01 0.0000 0.8599  0.243 0.4058 0.4881 2.55E-04  0.000 0.3447 0.4175  0.000  0.014  0.0000          
 4.364563E+06  5.928  4.033  1.287  8.627  3.464  0.0000  0.0000 1.86E-01 7.95E-01 0.0000 0.8599  0.320 0.4062 0.4858 1.99E-04  0.000 0.3447 0.4200  0.000  0.017  0.0000          
 4.364757E+06  5.928  4.028  1.267  8.636  3.493  0.0000  0.0000 1.86E-01 7.95E-01 0.0000 0.8599  0.384 0.4071 0.4846 1.66E-04  0.000 0.3447 0.4202  0.000  0.020  0.0000          
 4.365000E+06  5.928  4.021  1.242  8.647  3.526  0.0000  0.0000 1.86E-01 7.95E-01 0.0000 0.8599  0.444 0.4092 0.4823 1.41E-04  0.000 0.3447 0.4198  0.000  0.023  0.0000          
 4.365279E+06  5.928  4.013  1.208  8.659  3.564  0.0000  0.0000 1.86E-01 7.95E-01 0.0000 0.8599  0.484 0.4103 0.4812 1.25E-04  0.001 0.3447 0.4193  0.000  0.029  0.0000          
 4.365424E+06  5.928  4.008  1.189  8.665  3.583  0.0000  0.0000 1.86E-01 7.95E-01 0.0000 0.8599  0.489 0.4120 0.4801 1.21E-04  0.001 0.3447 0.4191  0.000  0.032  0.0000          
 4.365576E+06  5.927  4.003  1.168  8.671  3.603  0.0000  0.0000 1.86E-01 7.95E-01 0.0000 0.8599  0.487 0.4131 0.4790 1.18E-04  0.001 0.3447 0.4187  0.000  0.035  0.0000          
 4.365728E+06  5.927  3.997  1.146  8.677  3.623  0.0000  0.0000 1.86E-01 7.95E-01 0.0000 0.8599  0.481 0.4140 0.4790 1.16E-04  0.001 0.3447 0.4183  0.000  0.039  0.0000          
 4.365879E+06  5.927  3.992  1.124  8.683  3.643  0.0000  0.0000 1.86E-01 7.95E-01 0.0000 0.8599  0.473 0.4147 0.4778 1.16E-04  0.001 0.3447 0.4180  0.000  0.044  0.0000          
 4.366030E+06  5.926  3.986  1.100  8.690  3.664  0.0000  0.0000 1.86E-01 7.95E-01 0.0000 0.8599  0.464 0.4154 0.4767 1.22E-04  0.002 0.3447 0.4177  0.000  0.049  0.0000          
 4.366178E+06  5.926  3.979  1.075  8.696  3.684  0.0000  0.0000 1.86E-01 7.95E-01 0.0000 0.8599  0.455 0.4160 0.4767 1.23E-04  0.002 0.3447 0.4173  0.000  0.055  0.0000          
 4.366325E+06  5.926  3.973  1.050  8.702  3.704  0.0000  0.0000 1.86E-01 7.95E-01 0.0000 0.8599  0.447 0.4167 0.4756 1.23E-04  0.003 0.3447 0.4169  0.000  0.062  0.0000          
 4.366469E+06  5.926  3.967  1.025  8.708  3.724  0.0000  0.0000 1.86E-01 7.95E-01 0.0000 0.8599  0.436 0.4173 0.4744 1.36E-04  0.003 0.3447 0.4173  0.000  0.070  0.0000          
 4.366613E+06  5.925  3.959  0.995  8.715  3.746  0.0000  0.0000 1.86E-01 7.95E-01 0.0000 0.8599  0.429 0.4179 0.4744 1.57E-04  0.004 0.3447 0.4176  0.000  0.080  0.0000          
 4.366749E+06  5.925  3.953  0.970  8.721  3.765  0.0000  0.0000 1.86E-01 7.95E-01 0.0000 0.8599  0.421 0.4184 0.4733 1.56E-04  0.005 0.3447 0.4166  0.000  0.091  0.0000          
 4.366886E+06  5.925  3.946  0.943  8.727  3.785  0.0000  0.0000 1.86E-01 7.95E-01 0.0000 0.8599  0.414 0.4190 0.4733 1.26E-04  0.006 0.3447 0.4166  0.000  0.103  0.0000          
 4.367024E+06  5.925  3.938  0.912  8.734  3.806  0.0000  0.0000 1.86E-01 7.95E-01 0.0000 0.8599  0.404 0.4194 0.4722 1.12E-04  0.007 0.3447 0.4157  0.000  0.119  0.0000          
 4.367156E+06  5.924  3.931  0.885  8.740  3.827  0.0000  0.0000 1.86E-01 7.95E-01 0.0000 0.8599  0.400 0.4199 0.4710 1.11E-04  0.009 0.3447 0.4157  0.000  0.138  0.0000          
 4.367283E+06  5.924  3.924  0.855  8.746  3.847  0.0000  0.0000 1.86E-01 7.95E-01 0.0000 0.8599  0.391 0.4203 0.4710 1.09E-04  0.012 0.3447 0.4157  0.000  0.161  0.0000          
 4.367407E+06  5.923  3.917  0.827  8.752  3.869  0.0000  0.0000 1.86E-01 7.95E-01 0.0000 0.8599  0.387 0.4207 0.4699 1.07E-04  0.014 0.3447 0.4157  0.000  0.189  0.0000          
 4.367525E+06  5.923  3.911  0.803  8.758  3.889  0.0000  0.0000 1.86E-01 7.95E-01 0.0000 0.8599  0.381 0.4210 0.4699 1.06E-04  0.018 0.3447 0.4146  0.000  0.223  0.0000          
 4.367638E+06  5.923  3.905  0.781  8.764  3.911  0.0000  0.0000 1.86E-01 7.95E-01 0.0000 0.8599  0.380 0.4214 0.4699 1.04E-04  0.022 0.3447 0.4146  0.000  0.265  0.0000          
 4.367745E+06  5.922  3.900  0.760  8.770  3.932  0.0000  0.0000 1.86E-01 7.95E-01 0.0000 0.8599  0.375 0.4217 0.4688 1.02E-04  0.027 0.3447 0.4146  0.000  0.317  0.0000          
 4.367846E+06  5.922  3.895  0.741  8.775  3.953  0.0000  0.0000 1.86E-01 7.95E-01 0.0000 0.8599  0.373 0.4220 0.4688 1.00E-04  0.033 0.3447 0.4146  0.000  0.378  0.0000          
 4.367941E+06  5.922  3.890  0.722  8.781  3.975  0.0000  0.0000 1.86E-01 7.95E-01 0.0000 0.8599  0.371 0.4223 0.4678 9.86E-05  0.041 0.3447 0.4146  0.000  0.457  0.0000          
 4.368106E+06  5.921  3.882  0.690  8.792  4.018  0.0000  0.0000 1.86E-01 7.95E-01 0.0000 0.8599  0.372 0.4228 0.4667 9.51E-05  0.060 0.3447 0.4146  0.000  0.660  0.0000          
 4.368242E+06  5.920  3.874  0.661  8.802  4.064  0.0000  0.0000 1.86E-01 7.95E-01 0.0000 0.8599  0.382 0.4232 0.4667 9.12E-05  0.088 0.3447 0.4136  0.001  0.965  0.0000          
 4.368351E+06  5.920  3.868  0.638  8.811  4.109  0.0000  0.0000 1.86E-01 7.95E-01 0.0000 0.8599  0.396 0.4235 0.4657 8.78E-05  0.124 0.3447 0.4136  0.001  1.393  0.0000          
 4.368435E+06  5.919  3.863  0.618  8.821  4.155  0.0000  0.0000 1.86E-01 7.95E-01 0.0000 0.8599  0.421 0.4238 0.4646 7.46E-05  0.173 0.3447 0.4136  0.003  1.998  0.0000          
 4.368526E+06  5.919  3.858  0.597  8.834  4.223  0.0000  0.0000 1.86E-01 7.95E-01 0.0000 0.8599  0.466 0.4241 0.4641 6.90E-05  0.276 0.3447 0.4136  0.008  3.356  0.0000          
 4.368601E+06  5.918  3.853  0.579  8.851  4.315  0.0000  0.0000 1.86E-01 7.95E-01 0.0000 0.8599  0.566 0.4244 0.4635 6.00E-05  0.505 0.3447 0.4136  0.033  6.638  0.0000          
 4.368678E+06  5.918  3.849  0.561  8.898  4.566  0.0000  0.0000 1.86E-01 7.95E-01 0.0000 0.8599  1.038 0.4249 0.4635 4.74E-05  2.253 0.3447 0.4136  1.477 39.842  0.0000  Cb      
