#age/yr        logL   logTef lgrav  logTc  logrho Xc      Yc     Xc_C     Xc_O     Q_conv Q_disc  L_H/L Q1_H   Q2_H   f_pp      L_He/L Q1_He  Q2_He  L_C/L  L_nu/L Q_Tmax  stage
 0.000000E+00  6.108  4.975  5.177  8.109  1.658  0.7677  0.2323 2.53E-11 2.84E-12 0.8146 0.8186  1.051 0.0000 0.6010 5.42E-02  0.000 0.0000 0.0000  0.000  0.000  0.0000  ZAMS                
 3.780801E+04  6.112  4.966  5.136  8.093  1.609  0.7552  0.2448 3.95E-11 4.69E-12 0.8064 0.8186  1.015 0.0000 0.5867 4.48E-02  0.000 0.0000 0.0000  0.000  0.000  0.0000          
 1.330470E+05  6.118  4.962  5.113  8.087  1.589  0.7390  0.2610 4.85E-11 5.88E-12 0.7968 0.8186  1.012 0.0000 0.5867 3.95E-02  0.000 0.0000 0.0000  0.000  0.000  0.0000          
 2.571299E+05  6.126  4.957  5.088  8.083  1.574  0.7175  0.2825 5.77E-11 7.10E-12 0.7867 0.8186  1.011 0.0000 0.5723 3.46E-02  0.000 0.0000 0.0000  0.000  0.000  0.0000          
 3.966453E+05  6.135  4.953  5.062  8.080  1.562  0.6924  0.3076 6.73E-11 8.38E-12 0.7755 0.8186  1.011 0.0000 0.5723 3.02E-02  0.000 0.0000 0.0000  0.000  0.000  0.0000          
 5.232302E+05  6.143  4.949  5.037  8.078  1.553  0.6689  0.3311 7.61E-11 9.55E-12 0.7635 0.8186  1.011 0.0000 0.5723 2.67E-02  0.000 0.0000 0.0000  0.000  0.000  0.0000          
 6.501846E+05  6.152  4.945  5.012  8.077  1.545  0.6445  0.3555 8.54E-11 1.08E-11 0.7522 0.8186  1.011 0.0000 0.5580 2.36E-02  0.000 0.0000 0.0000  0.000  0.000  0.0000          
 7.771603E+05  6.160  4.940  4.986  8.076  1.538  0.6193  0.3807 9.53E-11 1.21E-11 0.7423 0.8186  1.011 0.0000 0.5580 2.08E-02  0.000 0.0000 0.0000  0.000  0.000  0.0000          
 8.898806E+05  6.168  4.936  4.962  8.075  1.533  0.5962  0.4038 1.05E-10 1.34E-11 0.7311 0.8224  1.011 0.0000 0.5580 1.85E-02  0.000 0.0000 0.0000  0.000  0.000  0.0000          
 1.000593E+06  6.175  4.932  4.936  8.074  1.528  0.5727  0.4273 1.15E-10 1.47E-11 0.7217 0.8262  1.012 0.0000 0.5434 1.64E-02  0.000 0.0000 0.0000  0.000  0.000  0.0000          
 1.104158E+06  6.183  4.927  4.911  8.073  1.524  0.5501  0.4499 1.26E-10 1.61E-11 0.7128 0.8299  1.012 0.0000 0.5434 1.46E-02  0.000 0.0000 0.0000  0.000  0.000  0.0000          
 1.200716E+06  6.190  4.923  4.885  8.073  1.520  0.5284  0.4716 1.37E-10 1.75E-11 0.7031 0.8336  1.012 0.0000 0.5434 1.31E-02  0.000 0.0000 0.0000  0.000  0.000  0.0000          
 1.290901E+06  6.196  4.918  4.859  8.072  1.517  0.5076  0.4924 1.48E-10 1.90E-11 0.6937 0.8336  1.012 0.0000 0.5288 1.17E-02  0.000 0.0000 0.0000  0.000  0.000  0.0000          
 1.375178E+06  6.202  4.913  4.834  8.072  1.514  0.4876  0.5124 1.59E-10 2.05E-11 0.6867 0.8406  1.012 0.0000 0.5288 1.05E-02  0.000 0.0000 0.0000  0.000  0.000  0.0000          
 1.454075E+06  6.208  4.908  4.809  8.072  1.512  0.4684  0.5316 1.71E-10 2.20E-11 0.6790 0.8406  1.012 0.0000 0.5288 9.44E-03  0.000 0.0000 0.0000  0.000  0.000  0.0000          
 1.528007E+06  6.214  4.903  4.784  8.072  1.511  0.4499  0.5501 1.83E-10 2.36E-11 0.6713 0.8473  1.013 0.0000 0.5288 8.50E-03  0.000 0.0000 0.0000  0.000  0.000  0.0000          
 1.588947E+06  6.218  4.899  4.762  8.072  1.509  0.4343  0.5657 1.94E-10 2.49E-11 0.6649 0.8506  1.013 0.0000 0.5144 7.77E-03  0.000 0.0000 0.0000  0.000  0.000  0.0000          
 1.646579E+06  6.223  4.894  4.740  8.072  1.508  0.4193  0.5807 2.05E-10 2.64E-11 0.6586 0.8440  1.013 0.0000 0.5144 7.10E-03  0.000 0.0000 0.0000  0.000  0.000  0.0000          
 1.701203E+06  6.227  4.890  4.717  8.072  1.508  0.4048  0.5952 2.16E-10 2.78E-11 0.6518 0.8569  1.013 0.0000 0.5070 6.51E-03  0.000 0.0000 0.0000  0.000  0.000  0.0000          
 1.752971E+06  6.231  4.886  4.696  8.072  1.507  0.3908  0.6092 2.28E-10 2.93E-11 0.6463 0.8569  1.013 0.0000 0.5070 5.96E-03  0.000 0.0000 0.0000  0.000  0.000  0.0000          
 1.802031E+06  6.235  4.881  4.674  8.072  1.506  0.3773  0.6227 2.39E-10 3.08E-11 0.6413 0.8599  1.013 0.0000 0.4995 5.47E-03  0.000 0.0000 0.0000  0.000  0.000  0.0000          
 1.848581E+06  6.239  4.877  4.653  8.072  1.506  0.3643  0.6357 2.51E-10 3.23E-11 0.6364 0.8599  1.014 0.0000 0.4995 5.03E-03  0.000 0.0000 0.0000  0.000  0.000  0.0000          
 1.892813E+06  6.242  4.872  4.631  8.072  1.506  0.3517  0.6483 2.64E-10 3.39E-11 0.6293 0.8599  1.014 0.0000 0.4995 4.62E-03  0.000 0.0000 0.0000  0.000  0.000  0.0000          
 1.940615E+06  6.246  4.867  4.607  8.072  1.506  0.3378  0.6622 2.78E-10 3.57E-11 0.6249 0.8599  1.014 0.0000 0.4923 4.20E-03  0.000 0.0000 0.0000  0.000  0.000  0.0000          
 1.980190E+06  6.249  4.862  4.585  8.072  1.506  0.3262  0.6738 2.91E-10 3.73E-11 0.6212 0.8599  1.014 0.0000 0.4923 3.87E-03  0.000 0.0000 0.0000  0.000  0.000  0.0000          
 2.017893E+06  6.253  4.858  4.563  8.073  1.507  0.3149  0.6851 3.04E-10 3.90E-11 0.6148 0.8599  1.014 0.0000 0.4850 3.57E-03  0.000 0.0000 0.0000  0.000  0.000  0.0000          
 2.058700E+06  6.256  4.853  4.540  8.073  1.507  0.3025  0.6975 3.19E-10 4.09E-11 0.6108 0.8599  1.014 0.0000 0.4850 3.25E-03  0.000 0.0000 0.0000  0.000  0.000  0.0000          
 2.092570E+06  6.259  4.848  4.518  8.073  1.508  0.2920  0.7080 3.33E-10 4.26E-11 0.6056 0.8599  1.014 0.0000 0.4776 3.00E-03  0.000 0.0000 0.0000  0.000  0.000  0.0000          
 2.124852E+06  6.261  4.843  4.497  8.073  1.508  0.2819  0.7181 3.47E-10 4.43E-11 0.6024 0.8599  1.015 0.0000 0.4776 2.77E-03  0.000 0.0000 0.0000  0.000  0.000  0.0000          
 2.153843E+06  6.264  4.839  4.477  8.074  1.509  0.2728  0.7272 3.60E-10 4.60E-11 0.5980 0.8599  1.014 0.0000 0.4776 2.57E-03  0.000 0.0000 0.0000  0.000  0.000  0.0000          
 2.188060E+06  6.267  4.834  4.454  8.074  1.510  0.2618  0.7382 3.77E-10 4.81E-11 0.5944 0.8599  1.015 0.0000 0.4701 2.35E-03  0.000 0.0000 0.0000  0.000  0.000  0.0000          
 2.215879E+06  6.269  4.829  4.432  8.074  1.511  0.2528  0.7472 3.92E-10 4.99E-11 0.5893 0.8796  1.015 0.0000 0.4701 2.17E-03  0.000 0.0000 0.0000  0.000  0.000  0.0000          
 2.244962E+06  6.271  4.824  4.411  8.075  1.512  0.2432  0.7568 4.09E-10 5.20E-11 0.5870 0.8796  1.015 0.0000 0.4627 2.00E-03  0.000 0.0000 0.0000  0.000  0.000  0.0000          
 2.268565E+06  6.274  4.820  4.391  8.075  1.513  0.2353  0.7647 4.23E-10 5.38E-11 0.5818 0.8846  1.015 0.0000 0.4627 1.86E-03  0.000 0.0000 0.0000  0.000  0.000  0.0000          
 2.294508E+06  6.276  4.815  4.371  8.075  1.514  0.2266  0.7734 4.40E-10 5.58E-11 0.5807 0.8846  1.015 0.0000 0.4627 1.72E-03  0.000 0.0000 0.0000  0.000  0.000  0.0000          
 2.319442E+06  6.278  4.810  4.348  8.076  1.516  0.2181  0.7819 4.58E-10 5.80E-11 0.5750 0.8846  1.016 0.0000 0.4551 1.58E-03  0.000 0.0000 0.0000  0.000  0.000  0.0000          
 2.342865E+06  6.280  4.806  4.327  8.076  1.517  0.2100  0.7900 4.75E-10 6.01E-11 0.5720 0.8871  1.016 0.0000 0.4551 1.46E-03  0.000 0.0000 0.0000  0.000  0.000  0.0000          
 2.366760E+06  6.282  4.801  4.305  8.076  1.519  0.2017  0.7983 4.95E-10 6.25E-11 0.5684 0.8871  1.016 0.0000 0.4479 1.34E-03  0.000 0.0000 0.0000  0.000  0.000  0.0000          
 2.385215E+06  6.285  4.796  4.285  8.077  1.520  0.1952  0.8048 5.11E-10 6.44E-11 0.5647 0.8895  1.016 0.0000 0.4479 1.24E-03  0.000 0.0000 0.0000  0.000  0.000  0.0000          
 2.408219E+06  6.286  4.792  4.265  8.077  1.522  0.1871  0.8129 5.32E-10 6.70E-11 0.5635 0.8895  1.016 0.0000 0.4479 1.14E-03  0.000 0.0000 0.0000  0.000  0.000  0.0000          
 2.427547E+06  6.288  4.787  4.245  8.078  1.523  0.1801  0.8199 5.51E-10 6.93E-11 0.5591 0.8895  1.016 0.0000 0.4406 1.05E-03  0.000 0.0000 0.0000  0.000  0.000  0.0000          
 2.445964E+06  6.289  4.782  4.224  8.078  1.525  0.1735  0.8265 5.71E-10 7.16E-11 0.5549 0.8895  1.016 0.0000 0.4406 9.76E-04  0.000 0.0000 0.0000  0.000  0.000  0.0000          
 2.464622E+06  6.291  4.777  4.203  8.079  1.527  0.1666  0.8334 5.92E-10 7.42E-11 0.5542 0.8895  1.016 0.0000 0.4406 8.99E-04  0.000 0.0000 0.0000  0.000  0.000  0.0000          
 2.483370E+06  6.292  4.772  4.181  8.079  1.528  0.1597  0.8403 6.15E-10 7.69E-11 0.5493 0.8895  1.012 0.0000 0.4335 8.25E-04  0.000 0.0000 0.0000  0.000  0.000  0.0000          
 2.500186E+06  6.294  4.767  4.160  8.079  1.530  0.1535  0.8465 6.37E-10 7.96E-11 0.5462 0.8895  1.017 0.0000 0.4335 7.60E-04  0.000 0.0000 0.0000  0.000  0.000  0.0000          
 2.516030E+06  6.295  4.763  4.140  8.080  1.532  0.1475  0.8525 6.60E-10 8.22E-11 0.5456 0.8895  1.017 0.0000 0.4335 7.01E-04  0.000 0.0000 0.0000  0.000  0.000  0.0000          
 2.532874E+06  6.297  4.758  4.119  8.080  1.534  0.1411  0.8589 6.85E-10 8.52E-11 0.5426 0.9009  1.017 0.0000 0.4263 6.42E-04  0.000 0.0000 0.0000  0.000  0.000  0.0000          
 2.547119E+06  6.298  4.753  4.098  8.081  1.536  0.1357  0.8643 7.09E-10 8.80E-11 0.5382 0.9009  1.017 0.0000 0.4263 5.93E-04  0.000 0.0000 0.0000  0.000  0.000  0.0000          
 2.562162E+06  6.300  4.748  4.077  8.081  1.538  0.1299  0.8701 7.35E-10 9.11E-11 0.5365 0.9009  1.017 0.0000 0.4263 5.44E-04  0.000 0.0000 0.0000  0.000  0.000  0.0000          
 2.576706E+06  6.301  4.744  4.058  8.082  1.540  0.1242  0.8758 7.63E-10 9.43E-11 0.5348 0.9009  1.017 0.0000 0.4192 4.97E-04  0.000 0.0000 0.0000  0.000  0.000  0.0000          
 2.590062E+06  6.302  4.739  4.038  8.083  1.542  0.1190  0.8810 7.90E-10 9.74E-11 0.5313 0.9009  1.018 0.0000 0.4192 4.57E-04  0.000 0.0000 0.0000  0.000  0.000  0.0000          
 2.602881E+06  6.303  4.734  4.017  8.083  1.545  0.1139  0.8861 8.18E-10 1.01E-10 0.5282 0.9009  1.018 0.0000 0.4192 4.20E-04  0.000 0.0000 0.0000  0.000  0.000  0.0000          
 2.615045E+06  6.305  4.729  3.997  8.084  1.547  0.1091  0.8909 8.47E-10 1.04E-10 0.5275 0.9009  1.017 0.0000 0.4120 3.86E-04  0.000 0.0000 0.0000  0.000  0.000  0.0000          
 2.627673E+06  6.306  4.725  3.978  8.084  1.549  0.1041  0.8959 8.79E-10 1.08E-10 0.5264 0.9052  1.017 0.0000 0.4120 3.52E-04  0.000 0.0000 0.0000  0.000  0.000  0.0000          
 2.640555E+06  6.307  4.720  3.957  8.085  1.552  0.0989  0.9011 9.16E-10 1.12E-10 0.5241 0.9052  1.017 0.0000 0.4120 3.22E-04  0.000 0.0000 0.0000  0.000  0.000  0.0000          
 2.653707E+06  6.308  4.715  3.935  8.086  1.554  0.0936  0.9064 9.54E-10 1.16E-10 0.5186 0.9052  1.018 0.0000 0.4120 2.91E-04  0.000 0.0000 0.0000  0.000  0.000  0.0000          
 2.664275E+06  6.309  4.710  3.915  8.086  1.557  0.0892  0.9108 9.88E-10 1.20E-10 0.5178 0.9052  1.018 0.0000 0.4120 2.66E-04  0.000 0.0000 0.0000  0.000  0.000  0.0000          
 2.676954E+06  6.311  4.705  3.892  8.087  1.560  0.0840  0.9160 1.03E-09 1.25E-10 0.5172 0.9092  1.018 0.0000 0.4011 2.37E-04  0.000 0.0000 0.0000  0.000  0.000  0.0000          
 2.690846E+06  6.312  4.698  3.866  8.088  1.563  0.0783  0.9217 1.09E-09 1.31E-10 0.5134 0.9092  1.018 0.0000 0.4011 2.08E-04  0.000 0.0000 0.0000  0.000  0.000  0.0000          
 2.701313E+06  6.313  4.693  3.843  8.089  1.566  0.0739  0.9261 1.14E-09 1.37E-10 0.5102 0.9092  1.012 0.0000 0.4011 1.86E-04  0.000 0.0000 0.0000  0.000  0.000  0.0000          
 2.713317E+06  6.314  4.687  3.818  8.090  1.570  0.0689  0.9311 1.19E-09 1.43E-10 0.5083 0.9092  1.018 0.0000 0.4011 1.65E-04  0.000 0.0000 0.0000  0.000  0.000  0.0000          
 2.725391E+06  6.315  4.681  3.793  8.091  1.574  0.0637  0.9363 1.26E-09 1.50E-10 0.5077 0.9131  1.018 0.0000 0.4011 1.43E-04  0.000 0.0000 0.0000  0.000  0.000  0.0000          
 2.735875E+06  6.316  4.676  3.772  8.092  1.578  0.0593  0.9407 1.33E-09 1.58E-10 0.5054 0.9131  1.018 0.0000 0.3900 1.26E-04  0.000 0.0000 0.0000  0.000  0.000  0.0000          
 2.746177E+06  6.317  4.670  3.748  8.093  1.582  0.0549  0.9452 1.40E-09 1.65E-10 0.5022 0.9131  1.019 0.0000 0.3900 1.10E-04  0.000 0.0000 0.0000  0.000  0.000  0.0000          
 2.754847E+06  6.318  4.665  3.727  8.094  1.585  0.0511  0.9489 1.47E-09 1.73E-10 0.4999 0.9168  1.018 0.0000 0.3900 9.70E-05  0.000 0.0000 0.0000  0.000  0.000  0.0000          
 2.763508E+06  6.319  4.660  3.704  8.095  1.589  0.0473  0.9527 1.54E-09 1.81E-10 0.4990 0.9168  1.013 0.0000 0.3843 8.48E-05  0.000 0.0000 0.0000  0.000  0.000  0.0000          
 2.773831E+06  6.320  4.654  3.681  8.097  1.594  0.0428  0.9572 1.65E-09 1.92E-10 0.4982 0.9168  1.018 0.0000 0.3843 7.21E-05  0.000 0.0000 0.0000  0.000  0.000  0.0000          
 2.783282E+06  6.321  4.649  3.659  8.098  1.599  0.0387  0.9613 1.76E-09 2.04E-10 0.4961 0.9168  1.018 0.0000 0.3843 6.12E-05  0.000 0.0000 0.0000  0.000  0.000  0.0000          
 2.791170E+06  6.322  4.644  3.638  8.100  1.604  0.0352  0.9648 1.87E-09 2.16E-10 0.4934 0.9168  1.018 0.0000 0.3787 5.26E-05  0.000 0.0000 0.0000  0.000  0.000  0.0000          
 2.798301E+06  6.323  4.639  3.619  8.101  1.609  0.0320  0.9680 1.98E-09 2.28E-10 0.4915 0.9203  1.019 0.0000 0.3787 4.55E-05  0.000 0.0000 0.0000  0.000  0.000  0.0000          
 2.805090E+06  6.324  4.635  3.600  8.103  1.614  0.0290  0.9710 2.11E-09 2.41E-10 0.4899 0.9203  1.018 0.0000 0.3787 3.92E-05  0.000 0.0000 0.0000  0.000  0.000  0.0000          
 2.812269E+06  6.324  4.630  3.578  8.104  1.620  0.0258  0.9742 2.27E-09 2.57E-10 0.4888 0.9203  1.015 0.0000 0.3787 3.31E-05  0.000 0.0000 0.0000  0.000  0.000  0.0000          
 2.819817E+06  6.325  4.625  3.558  8.107  1.627  0.0224  0.9776 2.48E-09 2.78E-10 0.4888 0.9203  1.018 0.0000 0.3729 2.75E-05  0.000 0.0000 0.0000  0.000  0.000  0.0000          
 2.827341E+06  6.326  4.620  3.538  8.109  1.635  0.0190  0.9810 2.73E-09 3.04E-10 0.4860 0.9203  1.018 0.0000 0.3729 2.26E-05  0.000 0.0000 0.0000  0.000  0.000  0.0000          
 2.834499E+06  6.327  4.615  3.517  8.112  1.645  0.0157  0.9843 3.06E-09 3.37E-10 0.4840 0.9203  1.017 0.0000 0.3729 1.85E-05  0.000 0.0000 0.0000  0.000  0.000  0.0000          
 2.841046E+06  6.328  4.610  3.496  8.115  1.655  0.0127  0.9873 3.47E-09 3.77E-10 0.4825 0.9203  1.016 0.0000 0.3729 1.53E-05  0.000 0.0000 0.0000  0.000  0.000  0.0000          
 2.846845E+06  6.329  4.605  3.476  8.119  1.667  0.0100  0.9900 3.97E-09 4.26E-10 0.4804 0.9186  1.014 0.0000 0.3671 1.30E-05  0.000 0.0000 0.0022  0.000  0.000  0.0000          
 2.854524E+06  6.330  4.600  3.455  8.126  1.689  0.0065  0.9935 5.08E-09 5.31E-10 0.4795 0.9186  1.010 0.0000 0.3671 1.10E-05  0.000 0.0000 0.0082  0.000  0.000  0.0000          
 2.862609E+06  6.332  4.595  3.435  8.140  1.732  0.0028  0.9972 8.17E-09 8.13E-10 0.4778 0.9186  0.996 0.0000 0.3613 1.05E-05  0.000 0.0000 0.0252  0.000  0.000  0.0000          
 2.865749E+06  6.333  4.595  3.431  8.152  1.767  0.0013  0.9987 1.22E-08 1.16E-09 0.4720 0.9186  0.970 0.0000 0.3613 1.15E-05  0.000 0.0000 0.0444  0.000  0.000  0.0000  Tmin    
 2.868861E+06  6.336  4.599  3.446  8.193  1.896  0.0000  1.0000 5.53E-08 4.53E-09 0.4504 0.9301  0.475 0.0000 0.3554 4.18E-05  0.000 0.0000 0.1091  0.000  0.000  0.0000          
 2.869396E+06  6.339  4.604  3.460  8.231  2.012  0.0000  1.0000 9.14E-07 9.76E-09 0.4168 0.9301  0.001 0.4376 0.7289 3.71E-02  0.002 0.0000 0.1359  0.000  0.000  0.0000          
 2.869760E+06  6.341  4.608  3.477  8.260  2.102  0.0000  1.0000 1.25E-05 9.89E-09 0.3994 0.9301  0.002 0.4376 0.7268 2.21E-02  0.014 0.0000 0.1446  0.000  0.000  0.0000          
 2.870185E+06  6.343  4.613  3.495  8.291  2.196  0.0000  0.9999 1.14E-04 1.63E-08 0.3942 0.9301  0.005 0.4376 0.7223 1.17E-02  0.100 0.0000 0.1533  0.000  0.000  0.0000          
 2.870955E+06  6.345  4.617  3.509  8.325  2.298  0.0000  0.9984 1.64E-03 8.29E-07 0.4149 0.9301  0.013 0.4376 0.7150 5.15E-03  0.712 0.0000 0.1704  0.000  0.000  0.0000  Lpt     
 2.872686E+06  6.346  4.612  3.489  8.331  2.318  0.0000  0.9898 1.01E-02 2.75E-05 0.4346 0.9301  0.015 0.4376 0.6315 3.80E-03  1.026 0.0000 0.1704  0.000  0.000  0.0000          
 2.874187E+06  6.346  4.607  3.466  8.332  2.320  0.0000  0.9817 1.83E-02 8.85E-05 0.4387 0.9301  0.014 0.4387 0.6293 3.68E-03  1.038 0.0000 0.1704  0.000  0.000  0.0000          
 2.875663E+06  6.347  4.601  3.443  8.332  2.321  0.0000  0.9737 2.61E-02 1.83E-04 0.4370 0.9301  0.014 0.4401 0.6293 3.63E-03  1.039 0.0000 0.1704  0.000  0.000  0.0000          
 2.877106E+06  6.347  4.596  3.422  8.333  2.323  0.0000  0.9659 3.38E-02 3.08E-04 0.4415 0.9301  0.014 0.4415 0.6293 3.61E-03  1.038 0.0000 0.1704  0.000  0.000  0.0000          
 2.878595E+06  6.348  4.591  3.400  8.333  2.324  0.0000  0.9580 4.16E-02 4.71E-04 0.4422 0.9301  0.013 0.4422 0.6271 3.61E-03  1.038 0.0000 0.1704  0.000  0.000  0.0000          
 2.880061E+06  6.348  4.586  3.381  8.334  2.325  0.0000  0.9500 4.93E-02 6.68E-04 0.4430 0.9301  0.013 0.4430 0.6271 3.60E-03  1.038 0.0000 0.1704  0.000  0.000  0.0000          
 2.882257E+06  6.349  4.580  3.354  8.334  2.327  0.0000  0.9382 6.08E-02 1.03E-03 0.4434 0.9301  0.013 0.4434 0.6271 3.61E-03  1.038 0.0000 0.1704  0.000  0.000  0.0000          
 2.884444E+06  6.349  4.573  3.328  8.335  2.330  0.0000  0.9264 7.21E-02 1.47E-03 0.4438 0.9301  0.012 0.4438 0.6249 3.63E-03  1.038 0.0000 0.1704  0.000  0.000  0.0000          
 2.886636E+06  6.350  4.567  3.304  8.335  2.332  0.0000  0.9147 8.33E-02 1.99E-03 0.4444 0.9301  0.012 0.4444 0.6249 3.64E-03  1.038 0.0000 0.1704  0.000  0.000  0.0000          
 2.888842E+06  6.350  4.562  3.282  8.336  2.334  0.0000  0.9030 9.44E-02 2.59E-03 0.4456 0.9301  0.011 0.4456 0.6228 3.66E-03  1.038 0.0000 0.1704  0.000  0.000  0.0000          
 2.891052E+06  6.351  4.556  3.260  8.337  2.336  0.0000  0.8914 1.05E-01 3.28E-03 0.4466 0.9301  0.011 0.4466 0.6228 3.68E-03  1.038 0.0000 0.1704  0.000  0.000  0.0000          
 2.893267E+06  6.351  4.551  3.237  8.337  2.338  0.0000  0.8797 1.16E-01 4.06E-03 0.4477 0.9301  0.010 0.4477 0.6206 3.69E-03  1.038 0.0000 0.1704  0.000  0.000  0.0000          
 2.895486E+06  6.351  4.546  3.216  8.338  2.340  0.0000  0.8682 1.27E-01 4.92E-03 0.4485 0.9301  0.010 0.4485 0.6206 3.71E-03  1.038 0.0000 0.1704  0.000  0.000  0.0000          
 2.897723E+06  6.352  4.541  3.195  8.339  2.342  0.0000  0.8566 1.38E-01 5.87E-03 0.4497 0.9301  0.010 0.4497 0.6206 3.72E-03  1.038 0.0000 0.1704  0.000  0.000  0.0000          
 2.899950E+06  6.352  4.535  3.174  8.339  2.344  0.0000  0.8452 1.48E-01 6.91E-03 0.4505 0.9301  0.009 0.4505 0.6185 3.74E-03  1.038 0.0000 0.1704  0.000  0.000  0.0000          
 2.902180E+06  6.352  4.530  3.152  8.340  2.346  0.0000  0.8338 1.58E-01 8.04E-03 0.4516 0.9301  0.009 0.4516 0.6185 3.75E-03  1.038 0.0000 0.1704  0.000  0.000  0.0000          
 2.904437E+06  6.353  4.525  3.131  8.341  2.349  0.0000  0.8223 1.68E-01 9.27E-03 0.4522 0.9301  0.009 0.4522 0.6185 3.74E-03  1.039 0.0000 0.1704  0.000  0.000  0.0000          
 2.906665E+06  6.353  4.519  3.109  8.341  2.351  0.0000  0.8110 1.78E-01 1.06E-02 0.4526 0.9301  0.009 0.4526 0.6163 3.75E-03  1.039 0.0000 0.1704  0.000  0.000  0.0000          
 2.908891E+06  6.353  4.514  3.088  8.342  2.353  0.0000  0.7997 1.88E-01 1.20E-02 0.4533 0.9301  0.008 0.4533 0.6163 3.76E-03  1.039 0.0000 0.1704  0.000  0.000  0.0000          
 2.911129E+06  6.354  4.509  3.066  8.343  2.355  0.0000  0.7884 1.98E-01 1.35E-02 0.4539 0.9301  0.008 0.4539 0.6142 3.77E-03  1.039 0.0000 0.1704  0.000  0.000  0.0000          
 2.913369E+06  6.354  4.503  3.044  8.343  2.357  0.0000  0.7771 2.08E-01 1.51E-02 0.4544 0.9301  0.008 0.4544 0.6142 3.78E-03  1.039 0.0000 0.1788  0.000  0.000  0.0000          
 2.915602E+06  6.354  4.498  3.021  8.344  2.360  0.0000  0.7660 2.17E-01 1.68E-02 0.4550 0.9301  0.008 0.4550 0.6142 3.79E-03  1.039 0.0000 0.1788  0.000  0.000  0.0000          
 2.917847E+06  6.354  4.492  2.998  8.345  2.362  0.0000  0.7549 2.26E-01 1.86E-02 0.4556 0.9301  0.007 0.4556 0.6121 3.80E-03  1.040 0.0000 0.1788  0.000  0.000  0.0000          
 2.920084E+06  6.355  4.486  2.976  8.345  2.364  0.0000  0.7438 2.36E-01 2.05E-02 0.4556 0.9301  0.007 0.4556 0.6121 3.81E-03  1.040 0.0000 0.1788  0.000  0.000  0.0000          
 2.922297E+06  6.355  4.481  2.953  8.346  2.367  0.0000  0.7328 2.45E-01 2.25E-02 0.4556 0.9301  0.007 0.4556 0.6121 3.82E-03  1.040 0.0000 0.1788  0.000  0.000  0.0000          
 2.924508E+06  6.355  4.475  2.929  8.347  2.369  0.0000  0.7218 2.54E-01 2.47E-02 0.4560 0.9301  0.007 0.4560 0.6100 3.83E-03  1.040 0.0000 0.1788  0.000  0.000  0.0000          
 2.926740E+06  6.356  4.469  2.906  8.348  2.371  0.0000  0.7109 2.62E-01 2.69E-02 0.4560 0.9301  0.006 0.4560 0.6100 3.83E-03  1.040 0.0000 0.1788  0.000  0.000  0.0000          
 2.928949E+06  6.356  4.463  2.882  8.348  2.374  0.0000  0.7000 2.71E-01 2.92E-02 0.4560 0.9301  0.006 0.4560 0.6100 3.84E-03  1.040 0.0000 0.1788  0.000  0.000  0.0000          
 2.931157E+06  6.356  4.457  2.858  8.349  2.376  0.0000  0.6892 2.79E-01 3.16E-02 0.4560 0.9301  0.006 0.4563 0.6079 3.85E-03  1.040 0.0000 0.1788  0.000  0.000  0.0000          
 2.933364E+06  6.356  4.451  2.833  8.350  2.378  0.0000  0.6785 2.87E-01 3.42E-02 0.4560 0.9301  0.006 0.4563 0.6079 3.86E-03  1.040 0.0000 0.1788  0.000  0.000  0.0000          
 2.935568E+06  6.357  4.445  2.808  8.351  2.381  0.0000  0.6678 2.95E-01 3.68E-02 0.4560 0.9301  0.006 0.4563 0.6079 3.87E-03  1.040 0.0000 0.1788  0.000  0.000  0.0000          
 2.937771E+06  6.357  4.439  2.783  8.351  2.383  0.0000  0.6572 3.03E-01 3.96E-02 0.4560 0.9301  0.006 0.4563 0.6057 3.88E-03  1.041 0.0000 0.1788  0.000  0.000  0.0000          
 2.939973E+06  6.357  4.432  2.756  8.352  2.386  0.0000  0.6466 3.11E-01 4.25E-02 0.4560 0.9301  0.005 0.4563 0.6057 3.88E-03  1.041 0.0000 0.1788  0.000  0.000  0.0000          
 2.942297E+06  6.357  4.425  2.729  8.353  2.388  0.0000  0.6360 3.19E-01 4.55E-02 0.4560 0.9301  0.005 0.4563 0.6036 3.90E-03  1.040 0.0000 0.1788  0.000  0.000  0.0000          
 2.943767E+06  6.357  4.421  2.710  8.353  2.390  0.0000  0.6290 3.23E-01 4.76E-02 0.4560 0.9301  0.005 0.4563 0.6036 3.90E-03  1.041 0.0000 0.1788  0.000  0.000  0.0000          
 2.945232E+06  6.358  4.416  2.692  8.354  2.391  0.0000  0.6227 3.28E-01 4.95E-02 0.4560 0.9301  0.005 0.4563 0.6036 3.91E-03  1.036 0.0000 0.1788  0.000  0.000  0.0000          
 2.946863E+06  6.358  4.411  2.671  8.354  2.393  0.0000  0.6150 3.33E-01 5.19E-02 0.4560 0.9301  0.005 0.4563 0.6036 3.92E-03  1.041 0.0000 0.1788  0.000  0.000  0.0000          
 2.948328E+06  6.358  4.406  2.652  8.355  2.395  0.0000  0.6086 3.37E-01 5.40E-02 0.4560 0.9301  0.005 0.4566 0.6036 3.92E-03  1.037 0.0000 0.1788  0.000  0.000  0.0000          
 2.949917E+06  6.358  4.401  2.631  8.355  2.396  0.0000  0.6014 3.42E-01 5.64E-02 0.4560 0.9301  0.005 0.4566 0.6012 3.93E-03  1.039 0.0000 0.1788  0.000  0.000  0.0000          
 2.951517E+06  6.358  4.396  2.610  8.356  2.398  0.0000  0.5943 3.47E-01 5.88E-02 0.4560 0.9301  0.005 0.4566 0.6012 3.93E-03  1.040 0.0000 0.1788  0.000  0.000  0.0000          
 2.952982E+06  6.359  4.391  2.590  8.356  2.400  0.0000  0.5875 3.51E-01 6.12E-02 0.4560 0.9301  0.004 0.4566 0.6012 3.93E-03  1.042 0.0000 0.1788  0.000  0.000  0.0000          
 2.954443E+06  6.359  4.386  2.570  8.357  2.402  0.0000  0.5807 3.56E-01 6.37E-02 0.4560 0.9301  0.004 0.4566 0.6012 3.93E-03  1.041 0.0000 0.1788  0.000  0.000  0.0000          
 2.955905E+06  6.359  4.381  2.549  8.358  2.403  0.0000  0.5739 3.60E-01 6.62E-02 0.4560 0.9301  0.004 0.4566 0.6012 3.94E-03  1.041 0.0000 0.1788  0.000  0.000  0.0000          
 2.957366E+06  6.359  4.376  2.528  8.358  2.405  0.0000  0.5672 3.64E-01 6.88E-02 0.4560 0.9301  0.004 0.4566 0.5988 3.94E-03  1.041 0.0000 0.1788  0.000  0.000  0.0000          
 2.958826E+06  6.359  4.370  2.507  8.359  2.407  0.0000  0.5605 3.68E-01 7.14E-02 0.4560 0.9301  0.004 0.4566 0.5988 3.94E-03  1.041 0.0000 0.1788  0.000  0.000  0.0000          
 2.960286E+06  6.359  4.365  2.485  8.359  2.409  0.0000  0.5538 3.72E-01 7.41E-02 0.4560 0.9301  0.004 0.4566 0.5988 3.94E-03  1.041 0.0000 0.1788  0.000  0.000  0.0000          
 2.961745E+06  6.360  4.359  2.463  8.360  2.411  0.0000  0.5472 3.76E-01 7.68E-02 0.4560 0.9301  0.004 0.4566 0.5988 3.95E-03  1.041 0.0000 0.1788  0.000  0.000  0.0000          
 2.963202E+06  6.360  4.354  2.441  8.360  2.412  0.0000  0.5409 3.80E-01 7.95E-02 0.4560 0.9301  0.004 0.4566 0.5966 3.95E-03  1.039 0.0000 0.1788  0.000  0.000  0.0000          
 2.964740E+06  6.360  4.348  2.417  8.361  2.414  0.0000  0.5340 3.84E-01 8.25E-02 0.4560 0.9301  0.004 0.4566 0.5966 3.96E-03  1.041 0.0000 0.1788  0.000  0.000  0.0000          
 2.966197E+06  6.360  4.342  2.393  8.361  2.415  0.0000  0.5281 3.87E-01 8.51E-02 0.4560 0.9301  0.004 0.4570 0.5966 3.96E-03  1.035 0.0000 0.1788  0.000  0.000  0.0000          
 2.967867E+06  6.360  4.335  2.366  8.362  2.418  0.0000  0.5207 3.91E-01 8.85E-02 0.4560 0.9301  0.004 0.4572 0.5966 3.97E-03  1.041 0.0000 0.1850  0.000  0.000  0.0000          
 2.969323E+06  6.360  4.329  2.342  8.362  2.419  0.0000  0.5153 3.94E-01 9.11E-02 0.4560 0.9301  0.003 0.4572 0.5944 3.97E-03  1.032 0.0000 0.1850  0.000  0.000  0.0000          
 2.970433E+06  6.361  4.325  2.323  8.363  2.421  0.0000  0.5105 3.96E-01 9.34E-02 0.4560 0.9301  0.003 0.4575 0.5944 3.97E-03  1.039 0.0000 0.1850  0.000  0.000  0.0000          
 2.971896E+06  6.361  4.318  2.297  8.363  2.422  0.0000  0.5048 3.99E-01 9.61E-02 0.4560 0.9301  0.003 0.4575 0.5944 3.97E-03  1.034 0.0000 0.1850  0.000  0.000  0.0000          
 2.973607E+06  6.361  4.311  2.266  8.364  2.425  0.0000  0.4973 4.03E-01 9.99E-02 0.4560 0.9301  0.003 0.4577 0.5944 3.98E-03  1.041 0.0000 0.1850  0.000  0.000  0.0000          
 2.975177E+06  6.361  4.303  2.237  8.365  2.426  0.0000  0.4914 4.06E-01 1.03E-01 0.4560 0.9301  0.003 0.4580 0.5922 3.98E-03  1.037 0.0000 0.1850  0.000  0.000  0.0000          
 2.976735E+06  6.361  4.296  2.208  8.365  2.428  0.0000  0.4846 4.09E-01 1.06E-01 0.4560 0.9301  0.003 0.4580 0.5922 3.98E-03  1.041 0.0000 0.1850  0.000  0.000  0.0000          
 2.978185E+06  6.361  4.289  2.180  8.366  2.430  0.0000  0.4786 4.12E-01 1.10E-01 0.4560 0.9301  0.003 0.4582 0.5922 3.98E-03  1.039 0.0000 0.1850  0.000  0.000  0.0000          
 2.979705E+06  6.361  4.282  2.149  8.366  2.432  0.0000  0.4720 4.15E-01 1.13E-01 0.4560 0.9301  0.003 0.4584 0.5922 3.98E-03  1.041 0.0000 0.1850  0.000  0.000  0.0000          
 2.981360E+06  6.362  4.273  2.116  8.367  2.434  0.0000  0.4656 4.17E-01 1.17E-01 0.4560 0.9301  0.003 0.4584 0.5911 3.98E-03  1.040 0.0000 0.1850  0.000  0.000  0.0000          
 2.982812E+06  6.362  4.265  2.085  8.368  2.436  0.0000  0.4594 4.20E-01 1.21E-01 0.4560 0.9301  0.003 0.4587 0.5900 3.98E-03  1.041 0.0000 0.1850  0.000  0.000  0.0000          
 2.984257E+06  6.362  4.258  2.053  8.368  2.438  0.0000  0.4532 4.22E-01 1.24E-01 0.4560 0.9301  0.003 0.4587 0.5900 3.98E-03  1.041 0.0000 0.1850  0.000  0.000  0.0000          
 2.985701E+06  6.362  4.249  2.020  8.368  2.439  0.0000  0.4490 4.24E-01 1.27E-01 0.4560 0.9301  0.003 0.4589 0.5900 4.00E-03  1.025 0.0000 0.1850  0.000  0.000  0.0000          
 2.987144E+06  6.362  4.241  1.986  8.369  2.441  0.0000  0.4430 4.26E-01 1.31E-01 0.4560 0.9301  0.003 0.4589 0.5900 4.00E-03  1.038 0.0000 0.1850  0.000  0.000  0.0000          
 2.988605E+06  6.362  4.232  1.951  8.370  2.443  0.0000  0.4369 4.29E-01 1.34E-01 0.4560 0.9301  0.003 0.4592 0.5878 3.99E-03  1.041 0.0000 0.1850  0.000  0.000  0.0000          
 2.989326E+06  6.362  4.228  1.933  8.370  2.444  0.0000  0.4341 4.30E-01 1.36E-01 0.4560 0.9301  0.003 0.4592 0.5878 3.99E-03  1.040 0.0000 0.1850  0.000  0.000  0.0000          
 2.990090E+06  6.362  4.223  1.913  8.370  2.445  0.0000  0.4314 4.31E-01 1.38E-01 0.4560 0.9301  0.003 0.4594 0.5878 3.99E-03  1.036 0.0000 0.1850  0.000  0.000  0.0000          
 2.990952E+06  6.363  4.217  1.891  8.371  2.446  0.0000  0.4281 4.32E-01 1.40E-01 0.4560 0.9301  0.003 0.4594 0.5867 3.99E-03  1.038 0.0000 0.1850  0.000  0.000  0.0000          
 2.991724E+06  6.363  4.212  1.871  8.371  2.447  0.0000  0.4249 4.33E-01 1.42E-01 0.4560 0.9301  0.003 0.4594 0.5867 3.99E-03  1.040 0.0000 0.1850  0.000  0.000  0.0000          
 2.992446E+06  6.363  4.207  1.852  8.371  2.448  0.0000  0.4219 4.34E-01 1.44E-01 0.4560 0.9301  0.003 0.4594 0.5867 3.99E-03  1.041 0.0000 0.1850  0.000  0.000  0.0000          
 2.993165E+06  6.363  4.203  1.832  8.372  2.449  0.0000  0.4191 4.35E-01 1.46E-01 0.4560 0.9301  0.002 0.4597 0.5867 3.99E-03  1.040 0.0000 0.1850  0.000  0.000  0.0000          
 2.993928E+06  6.363  4.197  1.811  8.372  2.450  0.0000  0.4159 4.36E-01 1.48E-01 0.4560 0.9301  0.002 0.4597 0.5856 3.99E-03  1.041 0.0000 0.1850  0.000  0.000  0.0000          
 2.994647E+06  6.363  4.192  1.791  8.372  2.451  0.0000  0.4133 4.37E-01 1.50E-01 0.4560 0.9301  0.002 0.4597 0.5856 3.99E-03  1.038 0.0000 0.1850  0.000  0.000  0.0000          
 2.995454E+06  6.363  4.186  1.768  8.373  2.452  0.0000  0.4100 4.38E-01 1.52E-01 0.4560 0.9301  0.002 0.4599 0.5856 3.99E-03  1.040 0.0000 0.1850  0.000  0.000  0.0000          
 2.996174E+06  6.363  4.181  1.746  8.373  2.453  0.0000  0.4072 4.38E-01 1.54E-01 0.4560 0.9301  0.002 0.4599 0.5856 3.99E-03  1.040 0.0000 0.1850  0.000  0.000  0.0000          
 2.996928E+06  6.363  4.176  1.724  8.373  2.454  0.0000  0.4041 4.39E-01 1.57E-01 0.4560 0.9301  0.002 0.4599 0.5846 3.98E-03  1.040 0.0000 0.1850  0.000  0.000  0.0000          
 2.997645E+06  6.363  4.170  1.702  8.374  2.455  0.0000  0.4017 4.40E-01 1.58E-01 0.4560 0.9301  0.002 0.4599 0.5846 3.98E-03  1.036 0.0000 0.1850  0.000  0.000  0.0000          
 2.998502E+06  6.363  4.164  1.676  8.374  2.457  0.0000  0.3982 4.41E-01 1.61E-01 0.4560 0.9301  0.002 0.4602 0.5846 3.98E-03  1.040 0.0000 0.1850  0.000  0.000  0.0000          
 2.999221E+06  6.364  4.158  1.653  8.374  2.458  0.0000  0.3954 4.42E-01 1.63E-01 0.4560 0.9301  0.002 0.4602 0.5846 3.98E-03  1.040 0.0000 0.1850  0.000  0.000  0.0000          
 2.999967E+06  6.364  4.152  1.629  8.374  2.458  0.0000  0.3931 4.42E-01 1.65E-01 0.4560 0.9301  0.002 0.4602 0.5835 3.98E-03  1.035 0.0000 0.1850  0.000  0.000  0.0000          
 3.000885E+06  6.364  4.144  1.599  8.375  2.460  0.0000  0.3894 4.43E-01 1.68E-01 0.4560 0.9301  0.002 0.4602 0.5835 3.98E-03  1.039 0.0000 0.1850  0.000  0.000  0.0000          
 3.001605E+06  6.364  4.138  1.574  8.375  2.461  0.0000  0.3865 4.44E-01 1.70E-01 0.4560 0.9301  0.002 0.4604 0.5835 3.98E-03  1.040 0.0000 0.1850  0.000  0.000  0.0000          
 3.002320E+06  6.364  4.132  1.549  8.376  2.462  0.0000  0.3837 4.44E-01 1.72E-01 0.4560 0.9301  0.002 0.4604 0.5835 3.97E-03  1.040 0.0000 0.1850  0.000  0.000  0.0000          
 3.003044E+06  6.364  4.126  1.524  8.376  2.463  0.0000  0.3808 4.45E-01 1.74E-01 0.4560 0.9301  0.002 0.4604 0.5824 3.97E-03  1.041 0.0000 0.1850  0.000  0.000  0.0000          
 3.003758E+06  6.364  4.119  1.497  8.376  2.464  0.0000  0.3780 4.46E-01 1.76E-01 0.4560 0.9301  0.002 0.4604 0.5824 3.97E-03  1.041 0.0000 0.1850  0.000  0.000  0.0000          
 3.004470E+06  6.364  4.112  1.471  8.377  2.465  0.0000  0.3755 4.46E-01 1.78E-01 0.4560 0.9301  0.002 0.4606 0.5824 3.97E-03  1.038 0.0000 0.1850  0.000  0.000  0.0000          
 3.005274E+06  6.364  4.105  1.440  8.377  2.466  0.0000  0.3723 4.47E-01 1.81E-01 0.4560 0.9301  0.002 0.4606 0.5824 3.96E-03  1.040 0.0000 0.1850  0.000  0.000  0.0000          
 3.005989E+06  6.364  4.097  1.410  8.377  2.467  0.0000  0.3695 4.47E-01 1.83E-01 0.4560 0.9301  0.002 0.4606 0.5824 3.96E-03  1.041 0.0000 0.1850  0.000  0.000  0.0000          
 3.006701E+06  6.364  4.090  1.380  8.378  2.468  0.0000  0.3667 4.48E-01 1.86E-01 0.4560 0.9301  0.002 0.4606 0.5812 3.96E-03  1.041 0.0000 0.1850  0.000  0.000  0.0000          
 3.007411E+06  6.364  4.082  1.348  8.378  2.469  0.0000  0.3639 4.48E-01 1.88E-01 0.4560 0.9301  0.002 0.4609 0.5812 3.96E-03  1.041 0.0000 0.1850  0.000  0.000  0.0000          
 3.008122E+06  6.364  4.074  1.317  8.378  2.470  0.0000  0.3613 4.49E-01 1.90E-01 0.4560 0.9301  0.002 0.4609 0.5812 3.96E-03  1.040 0.0000 0.1912  0.000  0.000  0.0000          
 3.008860E+06  6.364  4.065  1.282  8.379  2.471  0.0000  0.3584 4.49E-01 1.93E-01 0.4560 0.9301  0.002 0.4609 0.5802 3.95E-03  1.041 0.0000 0.1912  0.000  0.000  0.0000          
 3.009570E+06  6.364  4.057  1.249  8.379  2.472  0.0000  0.3557 4.49E-01 1.95E-01 0.4560 0.9301  0.002 0.4609 0.5802 3.95E-03  1.040 0.0000 0.1912  0.000  0.000  0.0000          
 3.010308E+06  6.364  4.048  1.212  8.379  2.473  0.0000  0.3538 4.50E-01 1.97E-01 0.4560 0.9301  0.002 0.4609 0.5802 3.96E-03  1.033 0.0000 0.1912  0.000  0.000  0.0000          
 3.011354E+06  6.364  4.034  1.156  8.380  2.475  0.0000  0.3498 4.50E-01 2.00E-01 0.4560 0.9301  0.002 0.4609 0.5802 3.96E-03  1.039 0.0000 0.1912  0.000  0.000  0.0000          
 3.012070E+06  6.364  4.024  1.115  8.380  2.476  0.0000  0.3471 4.50E-01 2.03E-01 0.4560 0.9301  0.002 0.4609 0.5792 3.96E-03  1.041 0.0000 0.1912  0.000  0.000  0.0000          
 3.012778E+06  6.364  4.013  1.071  8.380  2.477  0.0000  0.3448 4.51E-01 2.05E-01 0.4560 0.9301  0.002 0.4611 0.5792 3.95E-03  1.037 0.0000 0.1912  0.000  0.000  0.0000          
 3.013628E+06  6.364  3.999  1.015  8.381  2.478  0.0000  0.3417 4.51E-01 2.07E-01 0.4560 0.9301  0.002 0.4611 0.5792 3.95E-03  1.040 0.0000 0.1912  0.000  0.000  0.0000          
 3.014357E+06  6.364  3.986  0.965  8.381  2.479  0.0000  0.3396 4.51E-01 2.09E-01 0.4560 0.9301  0.002 0.4611 0.5781 3.96E-03  1.034 0.0000 0.1912  0.000  0.000  0.0000          
 3.015312E+06  6.364  3.967  0.890  8.381  2.480  0.0000  0.3366 4.51E-01 2.12E-01 0.4560 0.9301  0.002 0.4611 0.5781 3.95E-03  1.035 0.0000 0.1912  0.000  0.000  0.0000          
 3.016165E+06  6.364  3.950  0.820  8.382  2.481  0.0000  0.3334 4.51E-01 2.15E-01 0.4560 0.9301  0.002 0.4611 0.5781 3.95E-03  1.040 0.0000 0.1912  0.000  0.000  0.0000          
 3.016874E+06  6.364  3.935  0.761  8.382  2.482  0.0000  0.3311 4.52E-01 2.17E-01 0.4560 0.9301  0.002 0.4611 0.5771 3.95E-03  1.038 0.0000 0.1912  0.000  0.000  0.0000          
 3.017686E+06  6.364  3.916  0.683  8.383  2.484  0.0000  0.3280 4.52E-01 2.20E-01 0.4560 0.9301  0.002 0.4613 0.5771 3.94E-03  1.040 0.0000 0.1912  0.000  0.000  0.0000          
 3.018392E+06  6.364  3.903  0.633  8.383  2.485  0.0000  0.3254 4.52E-01 2.23E-01 0.4560 0.9301  0.002 0.4613 0.5771 3.94E-03  1.041 0.0000 0.1912  0.000  0.000  0.0000          
 3.019095E+06  6.364  3.893  0.591  8.383  2.486  0.0000  0.3229 4.52E-01 2.25E-01 0.4560 0.9301  0.002 0.4613 0.5771 3.94E-03  1.040 0.0000 0.1912  0.000  0.000  0.0000          
 3.019852E+06  6.364  3.882  0.549  8.384  2.487  0.0000  0.3201 4.52E-01 2.28E-01 0.4560 0.9301  0.002 0.4613 0.5760 3.94E-03  1.041 0.0000 0.1912  0.000  0.000  0.0000          
 3.020555E+06  6.364  3.873  0.511  8.384  2.488  0.0000  0.3176 4.52E-01 2.31E-01 0.4560 0.9301  0.002 0.4613 0.5760 3.94E-03  1.041 0.0000 0.1912  0.000  0.000  0.0000          
 3.021274E+06  6.364  3.862  0.470  8.384  2.489  0.0000  0.3149 4.52E-01 2.33E-01 0.4560 0.9301  0.002 0.4613 0.5760 3.93E-03  1.042 0.0000 0.1912  0.000  0.000  0.0000          
 3.021974E+06  6.364  3.853  0.434  8.385  2.491  0.0000  0.3124 4.52E-01 2.36E-01 0.4560 0.9301  0.002 0.4615 0.5760 3.93E-03  1.042 0.0000 0.1912  0.000  0.000  0.0000          
 3.022674E+06  6.364  3.846  0.407  8.385  2.492  0.0000  0.3098 4.52E-01 2.38E-01 0.4560 0.9301  0.002 0.4615 0.5749 3.93E-03  1.043 0.0000 0.1912  0.000  0.000  0.0000          
 3.023373E+06  6.363  3.840  0.379  8.385  2.493  0.0000  0.3072 4.52E-01 2.41E-01 0.4560 0.9301  0.002 0.4615 0.5749 3.93E-03  1.043 0.0000 0.1912  0.000  0.000  0.0000          
 3.024072E+06  6.363  3.832  0.349  8.386  2.494  0.0000  0.3047 4.52E-01 2.44E-01 0.4560 0.9301  0.002 0.4615 0.5749 3.92E-03  1.044 0.0000 0.1912  0.000  0.000  0.0000          
 3.024770E+06  6.363  3.823  0.316  8.386  2.495  0.0000  0.3025 4.51E-01 2.46E-01 0.4560 0.9301  0.002 0.4615 0.5739 3.92E-03  1.041 0.0000 0.1912  0.000  0.000  0.0000          
 3.025575E+06  6.362  3.813  0.273  8.386  2.496  0.0000  0.2996 4.51E-01 2.49E-01 0.4560 0.9301  0.002 0.4615 0.5739 3.92E-03  1.044 0.0000 0.1912  0.000  0.000  0.0000          
 3.026275E+06  6.361  3.802  0.232  8.387  2.497  0.0000  0.2970 4.51E-01 2.52E-01 0.4560 0.9301  0.002 0.4615 0.5739 3.92E-03  1.046 0.0000 0.1912  0.000  0.000  0.0000          
 3.026972E+06  6.360  3.791  0.188  8.387  2.498  0.0000  0.2949 4.51E-01 2.54E-01 0.4560 0.9301  0.001 0.4617 0.5728 3.92E-03  1.045 0.0000 0.1912  0.000  0.000  0.0000          
 3.027768E+06  6.358  3.779  0.143  8.387  2.500  0.0000  0.2920 4.51E-01 2.58E-01 0.4560 0.9301  0.001 0.4617 0.5728 3.92E-03  1.051 0.0000 0.1912  0.000  0.000  0.0000          
 3.028467E+06  6.356  3.771  0.111  8.388  2.501  0.0000  0.2895 4.50E-01 2.60E-01 0.4560 0.9301  0.001 0.4617 0.5717 3.92E-03  1.055 0.0000 0.1912  0.000  0.000  0.0000          
 3.029163E+06  6.353  3.763  0.082  8.388  2.502  0.0000  0.2871 4.50E-01 2.63E-01 0.4560 0.9301  0.001 0.4617 0.5717 3.92E-03  1.060 0.0000 0.1912  0.000  0.000  0.0000          
 3.030080E+06  6.349  3.754  0.052  8.388  2.503  0.0000  0.2839 4.50E-01 2.67E-01 0.4560 0.9301  0.001 0.4617 0.5706 3.95E-03  1.065 0.0000 0.1912  0.000  0.000  0.0000          
 3.030649E+06  6.345  3.749  0.037  8.389  2.504  0.0000  0.2822 4.49E-01 2.69E-01 0.4560 0.9301  0.001 0.4617 0.5706 3.95E-03  1.069 0.0000 0.1912  0.000  0.000  0.0000          
 3.031219E+06  6.337  3.743  0.022  8.389  2.505  0.0000  0.2804 4.49E-01 2.71E-01 0.4560 0.9308  0.001 0.4617 0.5695 3.95E-03  1.083 0.0000 0.1912  0.000  0.000  0.0000          
 3.031546E+06  6.331  3.740  0.012  8.389  2.505  0.0000  0.2793 4.49E-01 2.72E-01 0.4560 0.9308  0.001 0.4619 0.5695 4.00E-03  1.093 0.0000 0.1912  0.000  0.000  0.0000  Bagb    
 3.032200E+06  6.361  3.736 -0.034  8.389  2.506  0.0000  0.2775 4.49E-01 2.74E-01 0.4560 0.9308  0.001 0.4619 0.5695 4.09E-03  1.026 0.0000 0.1912  0.000  0.000  0.0000          
 3.082357E+06  6.378  3.735 -0.054  8.423  2.608  0.0000  0.1275 3.54E-01 5.18E-01 0.4560 0.9308  0.001 0.4640 0.5569 3.06E-03  1.025 0.0000 0.1973  0.000  0.000  0.0000          
 3.141039E+06  6.396  3.734 -0.075  8.602  3.155  0.0000  0.0000 1.22E-01 8.20E-01 0.0301 0.9308  0.034 0.4676 0.5417 2.00E-04  0.000 0.4284 0.4613  0.000  0.009  0.0000          
 3.143984E+06  6.404  3.734 -0.083  8.798  3.790  0.0000  0.0000 1.22E-01 8.20E-01 0.0000 0.9308  0.497 0.4844 0.5331 2.35E-05  0.006 0.4284 0.4844  0.000  0.945  0.0000  Cb      
